#
#
#  Percent Identity  Matrix - created by Clustal2.1 
#
#

     1: A0A1G4IL99_71.2_80.4_92.1_40.4_82.6_22.5  100.00   59.58   62.99   64.26   64.26   64.26   60.75   61.07   61.27   60.00   60.96
     2: A0A7H9AZ30_75.8_84.2_91.7_40.4_86.8_22.9   59.58  100.00   98.88   64.49   64.49   64.49   63.80   63.80   58.33   58.01   59.86
     3: A0A7H9B1P4_77.4_85.8_92.3_39.6_91.2_29.5   62.99   98.88  100.00   67.29   67.29   67.29   66.92   66.92   61.05   60.75   62.52
     4: A0A1S7HY60_71.3_82.9_92.9_41.5_88.8_30.7   64.26   64.49   67.29  100.00   99.82   99.65   90.32   90.49   60.42   60.21   60.64
     5: A0A1S7HLQ4_67.5_79.4_92.1_45.6_88.7_34.8   64.26   64.49   67.29   99.82  100.00   99.82   90.49   90.67   60.42   60.21   60.64
     6: A0A1S7HWW3_72.9_81.3_92.7_35.8_88.0_27.6   64.26   64.49   67.29   99.65   99.82  100.00   90.32   90.49   60.42   60.21   60.64
     7: A0A1S7HTQ6_56.7_69.4_91.7_44.2_83.5_24.4   60.75   63.80   66.92   90.32   90.49   90.32  100.00   99.52   61.31   59.68   60.82
     8: A0A1S7HSE7_59.2_72.6_91.4_40.8_83.0_23.5   61.07   63.80   66.92   90.49   90.67   90.49   99.52  100.00   61.31   59.68   61.00
     9: A0A1G4JAH3_67.8_73.2_92.7_61.0_87.4_23.8   61.27   58.33   61.05   60.42   60.42   60.42   61.31   61.31  100.00   62.90   63.35
    10: A0A1G4JK78_72.2_85.3_91.8_53.3_87.0_23.7   60.00   58.01   60.75   60.21   60.21   60.21   59.68   59.68   62.90  100.00   74.42
    11: A0A0C7MRZ7_71.0_87.2_91.7_48.5_87.8_21.3   60.96   59.86   62.52   60.64   60.64   60.64   60.82   61.00   63.35   74.42  100.00
