#
#
#  Percent Identity  Matrix - created by Clustal2.1 
#
#

     1: A0A0C2WU41_91.4_96.4_94.5_46.5_88.8_27.3  100.00   56.69   50.18   50.00   48.31   52.88   53.20   52.43   55.08   52.29   50.88   52.11   50.35   47.44   51.42   52.31   53.09   55.60   55.60   52.31   52.31   50.36   50.71
     2: V2X0V6_89.2_95.9_93.7_40.9_87.9_26.9       56.69  100.00   52.04   51.96   50.18   54.01   52.83   50.28   52.83   51.31   52.80   53.40   55.91   49.65   53.09   52.30   52.20   53.97   53.97   51.77   51.77   51.24   51.41
     3: A0A067MIA7_90.5_94.4_95.3_50.3_87.9_22.5   50.18   52.04  100.00   49.47   50.00   53.02   53.53   50.37   53.27   50.95   49.22   50.69   53.23   46.98   49.65   49.54   49.91   53.99   53.99   52.00   52.00   51.13   51.13
     4: A0A5E3WPX1_94.6_97.4_95.4_46.9_88.9_29.4   50.00   51.96   49.47  100.00   49.56   53.20   53.01   53.80   55.06   53.32   51.66   53.03   54.56   49.65   50.52   49.64   50.00   57.24   57.24   53.45   53.45   53.81   53.81
     5: A0A2H3JPX9_91.2_95.6_95.3_56.5_88.9_28.4   48.31   50.18   50.00   49.56  100.00   69.48   52.29   51.29   51.94   50.60   50.43   51.12   55.48   47.34   51.39   53.27   53.30   55.23   55.23   49.91   49.91   49.91   49.91
     6: A0A1X6N732_89.9_96.0_95.3_60.7_89.0_24.9   52.88   54.01   53.02   53.20   69.48  100.00   55.40   53.79   55.75   54.90   52.78   54.70   58.58   51.99   53.78   55.82   56.61   58.80   58.80   53.44   53.44   52.38   52.20
     7: A0A0C2Z308_88.9_95.4_94.7_49.5_89.4_27.5   53.20   52.83   53.53   53.01   52.29   55.40  100.00   72.56   76.30   66.26   62.87   66.03   55.52   53.39   60.00   61.61   61.61   62.92   62.92   59.23   59.23   58.52   58.70
     8: A0A0C3A367_90.8_95.2_94.6_62.3_89.5_32.7   52.43   50.28   50.37   53.80   51.29   53.79   72.56  100.00   83.94   62.84   59.67   61.89   52.29   51.27   57.98   58.93   59.96   59.74   59.74   56.07   56.07   55.51   55.51
     9: A0A0C3DT43_90.6_95.2_94.7_57.4_90.0_31.0   55.08   52.83   53.27   55.06   51.94   55.75   76.30   83.94  100.00   65.33   60.55   63.89   54.48   52.52   60.81   61.47   62.52   63.03   63.03   58.63   58.63   57.92   58.27
    10: A0A0C3KDD0_89.0_94.9_94.6_46.3_87.6_23.9   52.29   51.31   50.95   53.32   50.60   54.90   66.26   62.84   65.33  100.00   69.95   68.45   51.81   53.33   57.07   58.12   58.10   62.22   62.22   57.02   57.02   55.81   55.81
    11: A0A0C3JXE7_87.4_93.5_93.6_45.1_87.2_29.6   50.88   52.80   49.22   51.66   50.43   52.78   62.87   59.67   60.55   69.95  100.00   73.33   51.80   51.02   58.25   58.63   58.25   59.69   59.69   55.02   55.02   54.84   55.02
    12: A0A0C9Z1L8_89.2_94.9_93.8_43.2_86.0_24.3   52.11   53.40   50.69   53.03   51.12   54.70   66.03   61.89   63.89   68.45   73.33  100.00   52.48   51.70   58.90   58.96   59.25   61.38   61.38   56.72   56.72   57.41   57.59
    13: A0A4S4LYH2_93.1_95.9_95.7_61.5_89.9_26.4   50.35   55.91   53.23   54.56   55.48   58.58   55.52   52.29   54.48   51.81   51.80   52.48  100.00   49.91   53.34   54.94   54.72   58.06   58.06   52.08   52.08   51.21   51.38
    14: A0A5M3ML02_87.1_94.8_94.9_38.9_87.9_25.7   47.44   49.65   46.98   49.65   47.34   51.99   53.39   51.27   52.52   53.33   51.02   51.70   49.91  100.00   54.68   53.32   54.55   59.66   59.66   55.73   55.73   53.16   52.99
    15: A0A0D0AIC1_88.2_91.1_90.1_26.2_84.8_26.2   51.42   53.09   49.65   50.52   51.39   53.78   60.00   57.98   60.81   57.07   58.25   58.90   53.34   54.68  100.00   82.35   82.96   63.23   63.23   58.76   58.76   57.90   57.90
    16: A0A1J8PNG1_88.9_92.9_91.3_45.1_84.7_25.0   52.31   52.30   49.54   49.64   53.27   55.82   61.61   58.93   61.47   58.12   58.63   58.96   54.94   53.32   82.35  100.00   93.45   64.56   64.56   60.22   60.22   58.59   58.77
    17: A0A1B7NG97_90.6_93.2_94.5_52.4_87.3_26.3   53.09   52.20   49.91   50.00   53.30   56.61   61.61   59.96   62.52   58.10   58.25   59.25   54.72   54.55   82.96   93.45  100.00   64.59   64.59   59.76   59.76   58.55   58.72
    18: F8P3S2_87.2_94.7_94.6_47.8_87.9_25.9       55.60   53.97   53.99   57.24   55.23   58.80   62.92   59.74   63.03   62.22   59.69   61.38   58.06   59.66   63.23   64.56   64.59  100.00  100.00   71.79   71.79   70.09   70.43
    19: F8Q4X4_87.0_94.4_94.9_47.2_88.2_26.2       55.60   53.97   53.99   57.24   55.23   58.80   62.92   59.74   63.03   62.22   59.69   61.38   58.06   59.66   63.23   64.56   64.59  100.00  100.00   71.79   71.79   70.09   70.43
    20: F8NGH9_87.9_95.4_91.9_31.3_85.6_24.8       52.31   51.77   52.00   53.45   49.91   53.44   59.23   56.07   58.63   57.02   55.02   56.72   52.08   55.73   58.76   60.22   59.76   71.79   71.79  100.00  100.00   85.28   86.18
    21: F8PKA3_88.5_95.4_91.8_26.2_85.4_23.8       52.31   51.77   52.00   53.45   49.91   53.44   59.23   56.07   58.63   57.02   55.02   56.72   52.08   55.73   58.76   60.22   59.76   71.79   71.79  100.00  100.00   85.28   86.18
    22: F8NGI4_84.4_92.6_89.3_44.2_82.9_24.5       50.36   51.24   51.13   53.81   49.91   52.38   58.52   55.51   57.92   55.81   54.84   57.41   51.21   53.16   57.90   58.59   58.55   70.09   70.09   85.28   85.28  100.00   98.98
    23: F8QJ08_88.0_94.9_95.5_68.6_88.3_22.2       50.71   51.41   51.13   53.81   49.91   52.20   58.70   55.51   58.27   55.81   55.02   57.59   51.38   52.99   57.90   58.77   58.72   70.43   70.43   86.18   86.18   98.98  100.00
