#
#
#  Percent Identity  Matrix - created by Clustal2.1 
#
#

     1: A0A3B6MUC6_51.4_62.7_93.5_46.3_91.3_31.6  100.00   96.48   95.91   71.37   70.59   58.20   59.22   60.94   58.20   55.47   55.56   56.30   56.30   56.30   56.30   56.30   55.86   56.25   56.25   56.25
     2: A0A453L7N2_97.4_97.8_93.4_51.2_84.4_30.0   96.48  100.00  100.00   69.71   70.07   56.47   58.03   60.95   58.03   55.84   55.93   56.62   56.62   56.62   56.62   56.62   56.20   56.57   56.57   56.57
     3: A0A453L7N4_-1___-1___-1___-1___79.2_22.9   95.91  100.00  100.00   69.20   69.20   58.09   59.49   60.50   57.98   56.30   55.98   56.78   56.78   56.78   56.78   56.78   56.30   56.72   56.72   56.72
     4: A0A2T7F786_97.3_97.2_94.1_48.0_87.2_30.8   71.37   69.71   69.20  100.00   93.45   58.91   59.04   57.20   59.04   56.46   56.55   56.88   56.88   57.25   57.25   57.25   56.83   57.20   57.20   56.83
     5: A0A3L6RP26_97.7_97.4_93.7_35.8_87.4_27.4   70.59   70.07   69.20   93.45  100.00   57.82   58.30   58.30   60.15   57.93   58.05   58.36   58.36   58.74   58.74   58.74   58.30   58.67   58.67   58.30
     6: C5YFV4_97.4_97.5_93.0_51.4_84.7_30.5       58.20   56.47   58.09   58.91   57.82  100.00   86.52   65.94   64.13   61.96   61.76   61.68   61.68   62.04   62.04   62.04   61.96   62.32   62.32   62.32
     7: A0A811QT47_97.4_97.7_93.2_44.5_83.7_30.8   59.22   58.03   59.49   59.04   58.30   86.52  100.00   66.79   64.96   64.60   64.07   64.71   64.34   64.34   64.34   64.34   64.23   64.60   64.60   64.96
     8: A0A0D9W4N4_97.7_97.6_93.5_41.2_86.4_31.3   60.94   60.95   60.50   57.20   58.30   65.94   66.79  100.00   78.34   76.53   76.19   76.73   77.09   76.73   76.73   76.73   76.53   76.90   76.90   76.53
     9: A0A0E0KQB0_97.4_97.4_91.6_30.7_84.9_30.7   58.20   58.03   57.98   59.04   60.15   64.13   64.96   78.34  100.00   90.97   90.84   92.00   92.36   91.27   91.27   91.27   90.97   91.34   91.34   90.97
    10: A0A0E0DDV9_97.8_97.8_92.5_41.8_85.7_32.4   55.47   55.84   56.30   56.46   57.93   61.96   64.60   76.53   90.97  100.00   95.97   97.09   97.45   96.36   96.36   96.36   96.03   96.39   96.39   96.03
    11: A0A0D3FVM3_97.2_97.2_89.8_44.2_83.5_31.8   55.56   55.93   55.98   56.55   58.05   61.76   64.07   76.19   90.84   95.97  100.00   98.17   98.53   99.64   99.64   99.64  100.00   99.64   99.64   99.27
    12: A2XT75_97.2_97.0_88.2_39.0_82.2_32.2       56.30   56.62   56.78   56.88   58.36   61.68   64.71   76.73   92.00   97.09   98.17  100.00   99.64   98.55   98.55   98.55   98.18   98.55   98.55   98.18
    13: A0A0E0H0H2_97.2_97.2_88.6_34.5_82.4_31.0   56.30   56.62   56.78   56.88   58.36   61.68   64.34   77.09   92.36   97.45   98.53   99.64  100.00   98.91   98.91   98.91   98.55   98.91   98.91   98.55
    14: Q7XVG9_96.9_96.8_88.7_34.7_82.3_32.7       56.30   56.62   56.78   57.25   58.74   62.04   64.34   76.73   91.27   96.36   99.64   98.55   98.91  100.00  100.00  100.00   99.64  100.00  100.00   99.64
    15: Q01IT4_97.4_97.4_89.9_39.4_83.6_31.6       56.30   56.62   56.78   57.25   58.74   62.04   64.34   76.73   91.27   96.36   99.64   98.55   98.91  100.00  100.00  100.00   99.64  100.00  100.00   99.64
    16: A0A0E0P8W6_96.6_96.4_88.5_36.0_82.2_31.6   56.30   56.62   56.78   57.25   58.74   62.04   64.34   76.73   91.27   96.36   99.64   98.55   98.91  100.00  100.00  100.00   99.64  100.00  100.00   99.64
    17: I1PL21_97.6_97.6_92.5_39.5_85.6_31.4       55.86   56.20   56.30   56.83   58.30   61.96   64.23   76.53   90.97   96.03  100.00   98.18   98.55   99.64   99.64   99.64  100.00   99.64   99.64   99.28
    18: B7E3S3_97.8_97.4_92.9_30.1_86.3_29.3       56.25   56.57   56.72   57.20   58.67   62.32   64.60   76.90   91.34   96.39   99.64   98.55   98.91  100.00  100.00  100.00   99.64  100.00  100.00   99.64
    19: B8ARK6_97.4_97.4_92.3_36.1_85.4_31.6       56.25   56.57   56.72   57.20   58.67   62.32   64.60   76.90   91.34   96.39   99.64   98.55   98.91  100.00  100.00  100.00   99.64  100.00  100.00   99.64
    20: A0A0D9ZKH5_97.5_97.7_92.5_42.3_85.6_33.0   56.25   56.57   56.72   56.83   58.30   62.32   64.96   76.53   90.97   96.03   99.27   98.18   98.55   99.64   99.64   99.64   99.28   99.64   99.64  100.00
