#
#
#  Percent Identity  Matrix - created by Clustal2.1 
#
#

     1: K2S396      100.00   85.22   83.83   81.57   79.48   80.87
     2: A0A8H4N2E9   85.22  100.00   86.96   85.04   81.74   83.30
     3: R1GJN3       83.83   86.96  100.00   88.00   83.48   85.91
     4: A0A5N5DBB0   81.57   85.04   88.00  100.00   87.83   90.43
     5: A0A1J9SE60   79.48   81.74   83.48   87.83  100.00   90.78
     6: A0A0G2G5K5   80.87   83.30   85.91   90.43   90.78  100.00
