#
#
#  Percent Identity  Matrix - created by Clustal2.1 
#
#

     1: A0A1G4JZX4  100.00   58.00   56.04   56.57   56.12   54.64   56.74
     2: A0A1G4M9J5   58.00  100.00   60.32   59.61   59.51   59.26   59.79
     3: A0A0P1KNX4   56.04   60.32  100.00   89.70   60.56   60.56   63.18
     4: C5E2J5       56.57   59.61   89.70  100.00   60.91   60.73   63.18
     5: A0A1G4IMI4   56.12   59.51   60.56   60.91  100.00   69.63   68.94
     6: A0A1G4J3R9   54.64   59.26   60.56   60.73   69.63  100.00   69.81
     7: A0A1G4K652   56.74   59.79   63.18   63.18   68.94   69.81  100.00
