#
#
#  Percent Identity  Matrix - created by Clustal2.1 
#
#

     1: M2R3W1_92.1_95.4_94.9_60.7_86.5_23.7      100.00   53.99   55.46   54.84   56.01   55.84   55.02   56.93   56.83   56.83
     2: A0A1Y2IR21_92.8_95.6_93.3_43.1_86.2_22.6   53.99  100.00   58.74   58.95   56.85   56.85   55.77   58.69   58.69   58.86
     3: A0A1Y2IQX3_89.0_94.9_95.7_68.0_86.0_22.8   55.46   58.74  100.00   83.55   58.57   58.40   60.86   62.29   61.97   62.13
     4: A0A060SM20_91.1_94.8_95.8_77.0_85.6_23.1   54.84   58.95   83.55  100.00   58.28   58.28   60.69   62.31   61.66   61.83
     5: A0A4Q9Q1B6_94.0_96.4_83.6_28.8_77.8_25.9   56.01   56.85   58.57   58.28  100.00   93.76   61.42   64.86   63.77   63.77
     6: A0A4V2K0Y6_93.4_96.2_84.0_26.6_78.1_26.6   55.84   56.85   58.40   58.28   93.76  100.00   60.93   64.37   63.45   63.29
     7: A0A2G8RU00_93.0_95.9_95.1_66.0_85.6_23.6   55.02   55.77   60.86   60.69   61.42   60.93  100.00   68.94   68.46   68.78
     8: A0A4Q9Q308_91.2_96.1_95.3_51.6_87.1_25.2   56.93   58.69   62.29   62.31   64.86   64.37   68.94  100.00   98.22   98.38
     9: A0A4Q9MVJ3_91.9_96.3_95.2_49.0_85.6_24.6   56.83   58.69   61.97   61.66   63.77   63.45   68.46   98.22  100.00   99.37
    10: A0A4Q9NU72_91.4_95.9_95.2_53.0_85.6_24.7   56.83   58.86   62.13   61.83   63.77   63.29   68.78   98.38   99.37  100.00
