#
#
#  Percent Identity  Matrix - created by Clustal2.1 
#
#

     1: A0A8J5BI83  100.00   90.12   90.12   89.24   59.44   59.06   59.06   59.23
     2: A0A1D8NNT8   90.12  100.00  100.00   91.15   58.39   58.78   58.78   58.54
     3: Q6C1G4       90.12  100.00  100.00   91.15   58.39   58.78   58.78   58.54
     4: A0A8J5EMC5   89.24   91.15   91.15  100.00   59.54   60.03   60.03   59.69
     5: A0A8J5E126   59.44   58.39   58.39   59.54  100.00   86.14   86.14   82.84
     6: Q6C0E8       59.06   58.78   58.78   60.03   86.14  100.00  100.00   88.93
     7: A0A1D8NPX6   59.06   58.78   58.78   60.03   86.14  100.00  100.00   88.93
     8: A0A8J5EM63   59.23   58.54   58.54   59.69   82.84   88.93   88.93  100.00
