(
A0A212EM38:0.00000,
A0A212FCJ4:0.00000,
A0A7I0ZMN2:0.00000);
