#
#
#  Percent Identity  Matrix - created by Clustal2.1 
#
#

     1: I2GVM3_92.4_96.4_95.1_61.7_90.7_26.8      100.00   52.19   53.20   52.60   51.71   48.58   50.00   49.11   49.11   47.42   47.96   47.42   49.38   47.78
     2: A7THB9_94.1_97.2_95.9_78.8_92.2_28.0       52.19  100.00   54.91   53.73   54.10   52.09   52.36   51.00   51.18   50.64   50.64   50.46   52.64   51.55
     3: A0A7H9B0Z4_93.5_96.8_95.6_79.8_91.5_32.9   53.20   54.91  100.00   66.19   65.55   55.79   56.16   57.50   57.14   56.34   55.09   55.81   57.39   56.34
     4: A0A7G3ZDC6_87.9_94.4_94.8_63.4_90.0_26.0   52.60   53.73   66.19  100.00   88.54   56.81   57.07   56.81   56.09   56.63   55.91   55.73   57.35   55.73
     5: A0A7H9HP50_91.6_95.3_94.9_56.6_90.6_33.1   51.71   54.10   65.55   88.54  100.00   55.64   56.25   56.71   56.35   55.46   53.85   54.03   54.92   54.38
     6: A0A1G4IVD9_91.4_95.6_95.3_72.8_90.2_29.7   48.58   52.09   55.79   56.81   55.64  100.00   65.51   65.68   66.20   63.60   62.39   63.60   65.86   65.16
     7: A0A1G4MJ05_92.1_95.8_95.5_77.7_90.7_24.0   50.00   52.36   56.16   57.07   56.25   65.51  100.00   66.96   68.34   64.88   63.67   65.22   65.74   67.82
     8: A0A0P1KXJ0_91.7_95.0_95.1_68.2_90.4_32.8   49.11   51.00   57.50   56.81   56.71   65.68   66.96  100.00   93.61   68.69   65.40   67.30   67.13   71.97
     9: C5DH69_92.2_95.5_95.3_71.1_90.5_28.4       49.11   51.18   57.14   56.09   56.35   66.20   68.34   93.61  100.00   68.69   65.05   66.44   67.47   73.36
    10: A0A1G4ILY7_91.8_95.8_95.1_67.7_90.6_28.8   47.42   50.64   56.34   56.63   55.46   63.60   64.88   68.69   68.69  100.00   77.72   77.55   73.58   73.92
    11: A0A1G4IP33_92.5_95.9_94.6_63.1_89.3_25.6   47.96   50.64   55.09   55.91   53.85   62.39   63.67   65.40   65.05   77.72  100.00   84.80   69.78   70.47
    12: A0A0C7N769_93.3_95.8_94.7_41.2_89.8_27.6   47.42   50.46   55.81   55.73   54.03   63.60   65.22   67.30   66.44   77.55   84.80  100.00   71.33   72.19
    13: A0A1G4JQN0_91.4_95.8_95.1_72.2_91.0_30.6   49.38   52.64   57.39   57.35   54.92   65.86   65.74   67.13   67.47   73.58   69.78   71.33  100.00   76.34
    14: A0A1G4IX84_94.6_96.6_95.5_71.6_91.7_34.9   47.78   51.55   56.34   55.73   54.38   65.16   67.82   71.97   73.36   73.92   70.47   72.19   76.34  100.00
