(
A0A1E5S1H3:0.22517,
A0A1L0B7F5:0.07771,
A0A1E5RW59:0.07822);
