#
#
#  Percent Identity  Matrix - created by Clustal2.1 
#
#

     1: A0A1D2AEZ4  100.00  100.00  100.00   55.48   54.98   55.20   53.41   53.21
     2: A0A087SD01  100.00  100.00  100.00   57.62   55.73   56.75   55.33   55.13
     3: A0A3M7KQI6  100.00  100.00  100.00   58.33   56.87   57.75   56.46   56.27
     4: A0A2P6V0S3   55.48   57.62   58.33  100.00   63.03   66.76   63.07   63.09
     5: E1ZQM8       54.98   55.73   56.87   63.03  100.00   66.37   69.74   69.66
     6: A0A2P6TUS1   55.20   56.75   57.75   66.76   66.37  100.00   67.64   67.40
     7: A0A9D4YZ15   53.41   55.33   56.46   63.07   69.74   67.64  100.00  100.00
     8: A0A9D4YZA8   53.21   55.13   56.27   63.09   69.66   67.40  100.00  100.00
