#
#
#  Percent Identity  Matrix - created by Clustal2.1 
#
#

     1: A0A6B0YV98_93.8_76.6_91.8_51.7_87.0_29.4  100.00   99.80   95.98   96.78   96.38   95.98   52.97   52.44   53.03   53.03   54.75   55.15   55.15   53.23   52.62   52.42
     2: A0A845DKN9_92.2_79.4_90.6_44.8_86.5_27.4   99.80  100.00   95.77   96.58   96.18   95.77   53.17   52.24   52.82   52.82   54.95   55.35   55.35   53.02   52.42   52.22
     3: A0A6B1FW14_94.0_72.2_92.0_55.4_82.0_22.8   95.98   95.77  100.00   98.19   94.35   94.54   52.56   50.39   52.82   52.82   54.34   54.95   54.95   53.23   50.57   50.57
     4: A0A845CUB5_92.6_68.3_90.2_50.8_86.2_27.9   96.78   96.58   98.19  100.00   98.19   98.19   52.76   52.24   52.82   52.82   54.95   55.56   55.56   53.83   53.23   53.02
     5: A0A6B1D2L8_93.9_79.5_91.6_55.8_81.3_22.4   96.38   96.18   94.35   98.19  100.00   99.45   52.76   50.39   52.82   52.82   54.75   54.95   54.95   53.43   50.38   50.38
     6: A0A6N8WCH2_90.8_67.8_91.1_53.9_81.0_21.8   95.98   95.77   94.54   98.19   99.45  100.00   52.56   50.20   52.61   52.61   54.55   55.15   55.15   53.63   50.57   50.57
     7: A0A9E4KUD7_-1_-1_-1_-1_-1_-1               52.97   53.17   52.56   52.76   52.76   52.56  100.00   95.51   95.42   95.42   72.45   72.45   72.45   68.78   68.37   68.37
     8: A0A6L7U5Y5_95.8_90.9_90.7_55.7_84.5_23.0   52.44   52.24   50.39   52.24   50.39   50.20   95.51  100.00   98.96   98.96   71.40   71.60   71.60   69.57   67.06   67.45
     9: A0A6B1DQ36_96.5_91.0_91.6_56.3_89.2_30.6   53.03   52.82   52.82   52.82   52.82   52.61   95.42   98.96  100.00  100.00   72.50   72.29   72.29   70.42   69.79   70.00
    10: A0A845C528_96.6_91.2_91.8_58.5_89.3_30.4   53.03   52.82   52.82   52.82   52.82   52.61   95.42   98.96  100.00  100.00   72.50   72.29   72.29   70.42   69.79   70.00
    11: A0A6B1D3A8_97.0_90.6_91.2_50.4_87.1_29.4   54.75   54.95   54.34   54.95   54.75   54.55   72.45   71.40   72.50   72.50  100.00   98.99   98.99   85.89   85.69   85.69
    12: A0A6B0Z025_96.7_89.9_92.2_58.5_87.8_29.1   55.15   55.35   54.95   55.56   54.95   55.15   72.45   71.60   72.29   72.29   98.99  100.00  100.00   86.09   85.89   85.89
    13: A0A845DBM9_95.8_89.6_90.9_58.0_86.9_28.9   55.15   55.35   54.95   55.56   54.95   55.15   72.45   71.60   72.29   72.29   98.99  100.00  100.00   86.09   85.89   85.89
    14: A0A845CWP9_96.8_89.1_89.9_44.6_85.9_27.1   53.23   53.02   53.23   53.83   53.43   53.63   68.78   69.57   70.42   70.42   85.89   86.09   86.09  100.00   94.96   96.57
    15: A0A6N8W9Z1_96.9_90.4_91.1_50.1_83.9_23.7   52.62   52.42   50.57   53.23   50.38   50.57   68.37   67.06   69.79   69.79   85.69   85.89   85.89   94.96  100.00   97.32
    16: A0A6B1FUV1_97.6_90.6_92.0_47.0_84.7_23.1   52.42   52.22   50.57   53.02   50.38   50.57   68.37   67.45   70.00   70.00   85.69   85.89   85.89   96.57   97.32  100.00
