(
A0A369S809:0.00142,
B3RLL3:0.00142,
B3SEG6:-0.00142);
