#
#
#  Percent Identity  Matrix - created by Clustal2.1 
#
#

     1: A0A3D4PNU6_97.9_96.9_96.1_81.5_91.4_28.8  100.00   82.43   81.49   61.25   60.14   62.87   60.23   62.95   60.00   60.68   59.41   60.00   60.00   59.41   58.73   57.14   57.37   60.87   58.96   58.28   58.50   58.50   57.37   58.05   58.05
     2: A0A952GU20_-1_-1_-1_-1_-1_-1               82.43  100.00   90.32   63.81   61.96   63.10   61.59   63.64   62.27   62.95   60.77   60.91   60.91   60.32   60.09   58.50   59.64   62.24   60.32   60.09   60.09   60.77   59.41   59.86   60.09
     3: A0A2S9ADJ4_97.6_96.6_96.0_72.7_91.7_31.8   81.49   90.32  100.00   62.41   61.28   61.96   60.00   63.41   61.36   61.82   60.32   60.23   60.68   60.09   59.86   58.28   58.96   61.33   59.41   59.64   59.64   59.86   59.41   59.18   59.18
     4: A0A841DJP1_98.0_96.6_96.2_74.6_93.5_35.0   61.25   63.81   62.41  100.00   83.10   81.48   65.66   68.91   67.75   68.45   67.59   68.45   69.37   70.14   69.44   68.06   68.06   69.21   67.59   68.98   69.21   69.44   69.91   69.21   68.98
     5: A0A6B2TWZ2_97.9_96.2_96.3_76.4_92.7_33.4   60.14   61.96   61.28   83.10  100.00   83.45   65.83   68.11   66.06   66.51   66.82   66.74   66.97   69.09   67.50   67.73   67.27   70.87   67.50   68.86   68.41   69.77   68.86   69.55   69.77
     6: A0A4R4QDD0_97.9_96.3_96.4_77.8_92.5_32.2   62.87   63.10   61.96   81.48   83.45  100.00   65.15   68.56   66.51   66.97   64.77   66.74   66.97   67.27   65.91   66.36   65.68   68.81   65.68   67.95   67.50   67.50   67.50   67.95   67.73
     7: A0A1Q5BZH0_97.6_96.4_96.3_68.6_92.5_33.4   60.23   61.59   60.00   65.66   65.83   65.15  100.00   86.85   87.76   87.98   78.00   81.14   79.77   80.05   78.46   75.28   75.74   70.71   65.31   65.99   65.99   66.67   65.99   66.21   65.99
     8: A0A926FQC5_-1_-1_-1_-1_-1_-1               62.95   63.64   63.41   68.91   68.11   68.56   86.85  100.00   92.52   92.97   79.14   81.36   82.50   80.95   79.82   77.78   78.91   73.68   69.16   70.75   70.52   70.29   70.29   70.29   70.07
     9: F2R491_97.1_96.4_96.5_67.2_92.8_31.6       60.00   62.27   61.36   67.75   66.06   66.51   87.76   92.52  100.00   99.09   78.46   81.14   81.59   79.14   78.46   76.87   77.55   72.08   67.57   69.61   70.07   69.61   69.84   69.39   69.39
    10: A0A5P2AHA8_97.3_96.5_96.5_66.5_92.9_31.2   60.68   62.95   61.82   68.45   66.51   66.97   87.98   92.97   99.09  100.00   79.14   81.82   82.27   79.59   79.14   77.55   78.23   72.54   67.57   70.07   70.52   70.07   70.29   69.84   70.07
    11: A0A3Q8UY39_97.9_96.8_95.8_58.7_91.6_32.2   59.41   60.77   60.32   67.59   66.82   64.77   78.00   79.14   78.46   79.14  100.00   82.31   82.54   81.22   81.22   80.32   79.86   70.09   66.97   69.23   68.78   69.00   68.10   68.33   68.55
    12: A0A6N2HW98_97.4_95.8_96.1_75.9_92.1_30.6   60.00   60.91   60.23   68.45   66.74   66.74   81.14   81.36   81.14   81.82   82.31  100.00   91.18   87.78   88.44   85.03   84.81   73.91   69.39   70.75   71.20   70.98   70.98   70.29   70.52
    13: A0A1C4RWE5_97.5_95.9_96.4_69.4_92.6_32.1   60.00   60.91   60.68   69.37   66.97   66.97   79.77   82.50   81.59   82.27   82.54   91.18  100.00   88.91   88.66   85.71   85.71   74.14   69.84   71.43   72.11   71.43   71.66   71.20   71.43
    14: A0A1Q5N0Y2_97.1_95.9_96.0_71.4_92.3_31.9   59.41   60.32   60.09   70.14   69.09   67.27   80.05   80.95   79.14   79.59   81.22   87.78   88.91  100.00   95.02   87.33   89.14   73.06   69.23   71.27   71.04   70.81   70.14   70.81   70.81
    15: A0A3N1TA40_97.2_96.1_96.1_66.3_92.2_32.1   58.73   60.09   59.86   69.44   67.50   65.91   78.46   79.82   78.46   79.14   81.22   88.44   88.66   95.02  100.00   88.69   89.59   73.29   69.23   71.04   71.27   70.36   69.91   70.14   70.14
    16: A0A7K2Z452_97.3_96.2_95.7_63.8_91.9_32.4   57.14   58.50   58.28   68.06   67.73   66.36   75.28   77.78   76.87   77.55   80.32   85.03   85.71   87.33   88.69  100.00   93.89   71.23   68.33   70.81   71.04   70.36   69.68   70.14   70.14
    17: A0A5R9LYZ1_97.7_96.4_95.8_64.1_92.0_31.3   57.37   59.64   58.96   68.06   67.27   65.68   75.74   78.91   77.55   78.23   79.86   84.81   85.71   89.14   89.59   93.89  100.00   71.92   68.55   70.59   70.81   70.36   69.46   69.91   69.91
    18: A0A1H7R7A5_97.9_96.6_96.0_70.3_92.7_32.4   60.87   62.24   61.33   69.21   70.87   68.81   70.71   73.68   72.08   72.54   70.09   73.91   74.14   73.06   73.29   71.23   71.92  100.00   72.37   73.52   73.97   73.74   73.29   73.97   73.29
    19: A0A1H2TU77_96.2_95.6_95.4_64.6_92.0_36.9   58.96   60.32   59.41   67.59   67.50   65.68   65.31   69.16   67.57   67.57   66.97   69.39   69.84   69.23   69.23   68.33   68.55   72.37  100.00   80.77   80.77   81.90   80.32   81.22   81.00
    20: A0A193BYP3_96.8_95.8_96.0_78.4_91.3_32.6   58.28   60.09   59.64   68.98   68.86   67.95   65.99   70.75   69.61   70.07   69.23   70.75   71.43   71.27   71.04   70.81   70.59   73.52   80.77  100.00   98.42   95.70   96.15   96.38   96.15
    21: A0A154MXT8_97.2_96.1_96.3_81.7_91.8_34.7   58.50   60.09   59.64   69.21   68.41   67.50   65.99   70.52   70.07   70.52   68.78   71.20   72.11   71.04   71.27   71.04   70.81   73.97   80.77   98.42  100.00   95.02   96.61   96.15   95.48
    22: A0A429FIL4_96.4_95.4_96.1_78.2_92.5_34.9   58.50   60.77   59.86   69.44   69.77   67.50   66.67   70.29   69.61   70.07   69.00   70.98   71.43   70.81   70.36   70.36   70.36   73.74   81.90   95.70   95.02  100.00   95.48   96.83   96.61
    23: A0A1R0KJD3_97.1_95.9_96.3_80.9_92.5_33.3   57.37   59.41   59.41   69.91   68.86   67.50   65.99   70.29   69.84   70.29   68.10   70.98   71.66   70.14   69.91   69.68   69.46   73.29   80.32   96.15   96.61   95.48  100.00   97.29   97.06
    24: A0A2N8MSL6_96.9_95.6_95.5_67.2_92.0_34.3   58.05   59.86   59.18   69.21   69.55   67.95   66.21   70.29   69.39   69.84   68.33   70.29   71.20   70.81   70.14   70.14   69.91   73.97   81.22   96.38   96.15   96.83   97.29  100.00   98.87
    25: A0A841AVL1_95.2_94.1_95.4_80.0_90.9_33.9   58.05   60.09   59.18   68.98   69.77   67.73   65.99   70.07   69.39   70.07   68.55   70.52   71.43   70.81   70.14   70.14   69.91   73.29   81.00   96.15   95.48   96.61   97.06   98.87  100.00
