#
#
#  Percent Identity  Matrix - created by Clustal2.1 
#
#

     1: A0A0V1DFX7  100.00   87.27   90.06   90.94   89.89   90.24   90.05   90.36   90.20   90.20   84.21   84.13   84.31   85.02   85.30   85.69   84.12   85.65
     2: A0A0V0SLQ7   87.27  100.00   97.13   96.78   97.66   97.04   96.78   96.78   96.78   96.93   92.95   92.84   93.10   93.13   93.50   94.16   93.39   93.73
     3: A0A0V1C1U1   90.06   97.13  100.00   97.92   98.64   97.89   97.58   97.89   97.73   97.89   93.51   93.51   93.80   93.82   94.04   94.56   93.81   94.26
     4: A0A1Y3EYF3   90.94   96.78   97.92  100.00   98.72   99.52   99.20   98.88   98.72   98.88   93.26   93.26   93.55   94.06   94.38   94.54   93.80   94.22
     5: A0A0V1A2J7   89.89   97.66   98.64   98.72  100.00   98.97   98.69   98.83   98.83   98.98   93.71   93.59   93.87   93.89   94.27   94.79   94.08   94.49
     6: A0A0V1LPV9   90.24   97.04   97.89   99.52   98.97  100.00   99.70   99.11   98.97   99.11   92.83   92.83   93.09   93.67   93.89   94.41   93.83   94.12
     7: A0A0V0WQX2   90.05   96.78   97.58   99.20   98.69   99.70  100.00   98.69   98.98   99.13   92.66   92.55   92.80   93.14   93.51   94.02   93.57   93.74
     8: A0A0V1PPA9   90.36   96.78   97.89   98.88   98.83   99.11   98.69  100.00   99.13   99.27   92.96   92.85   93.26   93.59   93.97   94.48   93.74   94.19
     9: A0A0V0UCJ9   90.20   96.78   97.73   98.72   98.83   98.97   98.98   99.13  100.00   99.85   92.66   92.55   92.80   93.14   93.51   94.02   93.57   93.74
    10: A0A0V0VEV4   90.20   96.93   97.89   98.88   98.98   99.11   99.13   99.27   99.85  100.00   92.81   92.70   92.96   93.29   93.67   94.17   93.74   93.89
    11: A0A0V1FSJ1   84.21   92.95   93.51   93.26   93.71   92.83   92.66   92.96   92.66   92.81  100.00   99.55   99.54   97.29   98.01   98.13   97.77   98.19
    12: A0A0V1JRI2   84.13   92.84   93.51   93.26   93.59   92.83   92.55   92.85   92.55   92.70   99.55  100.00  100.00   97.00   97.72   97.83   97.44   97.89
    13: A0A0V1JRN9   84.31   93.10   93.80   93.55   93.87   93.09   92.80   93.26   92.80   92.96   99.54  100.00  100.00   97.07   97.81   97.93   97.53   97.99
    14: A0A0V1NAH7   85.02   93.13   93.82   94.06   93.89   93.67   93.14   93.59   93.14   93.29   97.29   97.00   97.07  100.00   99.10   99.08   98.65   98.96
    15: A0A0V1I907   85.30   93.50   94.04   94.38   94.27   93.89   93.51   93.97   93.51   93.67   98.01   97.72   97.81   99.10  100.00   99.86   99.70   99.86
    16: A0A0V1IA49   85.69   94.16   94.56   94.54   94.79   94.41   94.02   94.48   94.02   94.17   98.13   97.83   97.93   99.08   99.86  100.00   99.85  100.00
    17: A0A0V1I9V3   84.12   93.39   93.81   93.80   94.08   93.83   93.57   93.74   93.57   93.74   97.77   97.44   97.53   98.65   99.70   99.85  100.00   99.85
    18: A0A0V1IA25   85.65   93.73   94.26   94.22   94.49   94.12   93.74   94.19   93.74   93.89   98.19   97.89   97.99   98.96   99.86  100.00   99.85  100.00
