#
#
#  Percent Identity  Matrix - created by Clustal2.1 
#
#

     1: A0A2K3QJU2  100.00   56.07   52.11   55.64   55.83   56.53   55.59   56.69   60.64
     2: A0A086THD1   56.07  100.00   55.18   57.38   59.54   58.93   58.29   57.37   60.91
     3: A0A4Q4V2V9   52.11   55.18  100.00   60.11   61.45   61.43   60.71   59.64   62.30
     4: A0A135TZW6   55.64   57.38   60.11  100.00   92.59   94.98   95.02   79.07   83.00
     5: A0A135V3B1   55.83   59.54   61.45   92.59  100.00   93.72   94.48   80.48   84.34
     6: A0A010R3C1   56.53   58.93   61.43   94.98   93.72  100.00   96.19   80.24   84.38
     7: A0A135TN97   55.59   58.29   60.71   95.02   94.48   96.19  100.00   79.83   83.82
     8: A0A4U6X620   56.69   57.37   59.64   79.07   80.48   80.24   79.83  100.00   91.85
     9: A0A5Q4BMZ5   60.64   60.91   62.30   83.00   84.34   84.38   83.82   91.85  100.00
