#
#
#  Percent Identity  Matrix - created by Clustal2.1 
#
#

     1: A0A427XDG5  100.00   53.97   56.87   52.40   50.76   58.54   61.12   60.03   57.39   60.03   59.52   59.52   58.59   58.59   58.59   58.42   58.42   57.91   58.18   58.01   57.80   57.63   57.63   58.03   61.98   61.98   58.63   59.66   59.09   60.45
     2: A0A1B9FYH1   53.97  100.00   88.91   72.61   73.98   54.84   57.17   61.50   58.18   61.71   60.65   60.65   61.89   62.23   62.39   62.23   62.23   62.06   63.32   63.68   62.99   63.33   63.33   60.80   64.77   64.93   63.64   64.65   62.96   62.74
     3: A0A1B9IQ01   56.87   88.91  100.00   70.60   72.96   57.36   58.07   61.18   58.13   61.60   60.81   60.81   62.78   63.52   63.52   63.15   63.15   63.33   63.67   64.07   64.07   63.89   63.89   61.95   66.11   66.11   63.96   65.06   62.85   62.48
     4: A0A1B9I4J2   52.40   72.61   70.60  100.00   83.77   54.84   54.22   58.78   56.66   59.15   58.28   58.28   59.56   59.90   60.07   59.73   59.73   60.07   60.50   60.67   61.15   61.32   61.32   58.14   61.40   61.73   61.27   61.81   60.91   60.31
     5: A0A1A6A1A5   50.76   73.98   72.96   83.77  100.00   53.26   53.49   57.79   55.84   58.39   57.62   57.53   58.87   58.87   59.04   58.54   58.54   58.87   59.31   59.47   60.10   60.27   60.27   56.63   60.03   60.20   59.57   61.26   60.70   60.20
     6: A0A1Y1UK18   58.54   54.84   57.36   54.84   53.26  100.00   60.20   62.48   60.91   62.86   62.81   62.81   59.57   59.07   59.07   60.23   60.23   59.40   60.23   60.23   59.70   59.70   59.70   61.59   63.46   63.62   61.30   63.39   61.56   60.34
     7: A0A1Y2BLY6   61.12   57.17   58.07   54.22   53.49   60.20  100.00   65.28   63.24   65.49   64.94   64.94   64.84   65.01   65.01   65.01   65.01   64.68   65.12   65.12   65.78   65.44   65.61   61.68   67.82   67.82   65.29   67.44   64.46   64.19
     8: A0A5D3AKU1   60.03   61.50   61.18   58.78   57.79   62.48   65.28  100.00   93.09   96.41   96.09   96.25   71.57   71.57   71.73   71.41   71.41   71.57   73.32   73.00   72.53   72.86   72.70   67.98   68.80   68.80   68.26   68.65   66.50   65.71
     9: A0A1E3I5M5   57.39   58.18   58.13   56.66   55.84   60.91   63.24   93.09  100.00   94.39   97.04   96.88   68.81   68.65   68.81   68.81   68.81   69.31   70.41   70.08   69.77   69.93   69.77   65.84   66.50   66.50   65.12   65.50   63.50   62.80
    10: A0A1E3IQC0   60.03   61.71   61.60   59.15   58.39   62.86   65.49   96.41   94.39  100.00   97.39   97.55   71.57   71.57   71.73   71.08   71.08   71.57   73.16   72.83   72.53   72.70   72.53   67.71   69.03   69.03   68.15   68.21   66.06   65.59
    11: A0A1E3I4S3   59.52   60.65   60.81   58.28   57.62   62.81   64.94   96.09   97.04   97.39  100.00   99.84   71.41   71.41   71.57   71.41   71.41   71.57   73.00   72.67   72.20   72.37   72.20   67.82   68.80   68.80   67.76   67.82   65.68   65.03
    12: A0A1E3KDF5   59.52   60.65   60.81   58.28   57.53   62.81   64.94   96.25   96.88   97.55   99.84  100.00   71.57   71.57   71.73   71.57   71.57   71.73   73.16   72.83   72.37   72.53   72.37   67.82   68.80   68.80   67.76   67.82   65.68   65.03
    13: A0A0D0XT73   58.59   61.89   62.78   59.56   58.87   59.57   64.84   71.57   68.81   71.57   71.41   71.57  100.00   96.45   96.45   96.29   96.29   96.45   91.11   91.11   91.40   91.07   91.23   66.12   68.57   68.73   70.15   70.70   67.76   69.46
    14: A0A095D528   58.59   62.23   63.52   59.90   58.87   59.07   65.01   71.57   68.65   71.57   71.41   71.57   96.45  100.00   99.68   96.29   96.29   96.61   90.95   91.28   91.23   90.91   91.07   66.12   68.40   68.57   69.82   70.70   67.76   69.97
    15: A0A0D0U0W4   58.59   62.39   63.52   60.07   59.04   59.07   65.01   71.73   68.81   71.73   71.57   71.73   96.45   99.68  100.00   96.29   96.29   96.61   90.95   91.28   91.23   90.91   91.07   66.12   68.40   68.57   70.15   70.70   67.76   69.97
    16: A0A0D0Y380   58.42   62.23   63.15   59.73   58.54   60.23   65.01   71.41   68.81   71.08   71.41   71.57   96.29   96.29   96.29  100.00  100.00   96.77   90.79   90.79   91.23   90.91   91.07   66.78   69.87   70.03   70.64   71.52   68.25   69.46
    17: E6R9P3       58.42   62.23   63.15   59.73   58.54   60.23   65.01   71.41   68.81   71.08   71.41   71.57   96.29   96.29   96.29  100.00  100.00   96.77   90.79   90.79   91.23   90.91   91.07   66.78   69.87   70.03   70.64   71.52   68.25   69.46
    18: A0A0D0VQ93   57.91   62.06   63.33   60.07   58.87   59.40   64.68   71.57   69.31   71.57   71.57   71.73   96.45   96.61   96.61   96.77   96.77  100.00   91.11   91.11   91.56   91.56   91.72   66.45   68.89   69.06   70.47   71.19   68.41   69.97
    19: Q5KE59       58.18   63.32   63.67   60.50   59.31   60.23   65.12   73.32   70.41   73.16   73.00   73.16   91.11   90.95   90.95   90.79   90.79   91.11  100.00   99.35   95.29   94.97   94.97   67.10   69.38   69.54   71.08   72.62   69.02   70.08
    20: Q55P98       58.01   63.68   64.07   60.67   59.47   60.23   65.12   73.00   70.08   72.83   72.67   72.83   91.11   91.28   91.28   90.79   90.79   91.11   99.35  100.00   94.97   94.64   94.81   67.21   69.17   69.33   70.75   72.30   68.85   69.92
    21: A0A225Y890   57.80   62.99   64.07   61.15   60.10   59.70   65.78   72.53   69.77   72.53   72.20   72.37   91.40   91.23   91.23   91.23   91.23   91.56   95.29   94.97  100.00   98.70   98.70   67.21   69.84   70.00   70.61   71.83   68.86   69.43
    22: J9VVK0       57.63   63.33   63.89   61.32   60.27   59.70   65.44   72.86   69.93   72.70   72.37   72.53   91.07   90.91   90.91   90.91   90.91   91.56   94.97   94.64   98.70  100.00   99.68   67.05   70.00   70.16   70.44   71.99   68.86   69.43
    23: A0A854Q9I1   57.63   63.33   63.89   61.32   60.27   59.70   65.61   72.70   69.77   72.53   72.20   72.37   91.23   91.07   91.07   91.07   91.07   91.72   94.97   94.81   98.70   99.68  100.00   66.89   70.00   70.16   70.61   72.16   69.03   69.59
    24: A0A5M6CB76   58.03   60.80   61.95   58.14   56.63   61.59   61.68   67.98   65.84   67.71   67.82   67.82   66.12   66.12   66.12   66.78   66.78   66.45   67.10   67.21   67.21   67.05   66.89  100.00   67.95   68.28   67.85   68.56   68.99   66.45
    25: A0A1B9H5Y3   61.98   64.77   66.11   61.40   60.03   63.46   67.82   68.80   66.50   69.03   68.80   68.80   68.57   68.40   68.40   69.87   69.87   68.89   69.38   69.17   69.84   70.00   70.00   67.95  100.00   99.52   77.10   77.02   73.74   72.26
    26: A0A1B9GNV1   61.98   64.93   66.11   61.73   60.20   63.62   67.82   68.80   66.50   69.03   68.80   68.80   68.73   68.57   68.57   70.03   70.03   69.06   69.54   69.33   70.00   70.16   70.16   68.28   99.52  100.00   77.26   77.51   73.74   72.26
    27: A0A1A6A1C1   58.63   63.64   63.96   61.27   59.57   61.30   65.29   68.26   65.12   68.15   67.76   67.76   70.15   69.82   70.15   70.64   70.64   70.47   71.08   70.75   70.61   70.44   70.61   67.85   77.10   77.26  100.00   86.25   77.96   76.91
    28: A0A1B9I4L9   59.66   64.65   65.06   61.81   61.26   63.39   67.44   68.65   65.50   68.21   67.82   67.82   70.70   70.70   70.70   71.52   71.52   71.19   72.62   72.30   71.83   71.99   72.16   68.56   77.02   77.51   86.25  100.00   81.52   79.73
    29: A0A1B9FYH6   59.09   62.96   62.85   60.91   60.70   61.56   64.46   66.50   63.50   66.06   65.68   65.68   67.76   67.76   67.76   68.25   68.25   68.41   69.02   68.85   68.86   68.86   69.03   68.99   73.74   73.74   77.96   81.52  100.00   85.71
    30: A0A1B9IQD2   60.45   62.74   62.48   60.31   60.20   60.34   64.19   65.71   62.80   65.59   65.03   65.03   69.46   69.97   69.97   69.46   69.46   69.97   70.08   69.92   69.43   69.43   69.59   66.45   72.26   72.26   76.91   79.73   85.71  100.00
