(
A0A524FW71:0.23869,
A0A842YCK2:0.10007,
A0A524M9H9:0.10455);
