#
#
#  Percent Identity  Matrix - created by Clustal2.1 
#
#

     1: A0A088F5H5_93.8_95.9_96.9_83.6_93.9_26.8  100.00   85.74   85.57   85.91   85.91   85.39   85.57   84.17   83.65   83.48   83.48   51.58   52.02   55.94   55.77   56.29   56.32   55.28   53.78   54.40
     2: A0A7T4UNW3_94.3_95.4_96.9_85.9_94.1_27.2   85.74  100.00   98.96   98.61   98.61   98.43   98.61   88.52   88.35   88.52   88.52   52.81   53.43   56.47   55.77   56.29   56.84   56.69   53.95   53.87
     3: A0A0M3CA84_95.1_96.4_96.9_86.3_93.9_26.9   85.57   98.96  100.00   98.61   98.61   98.43   98.61   88.87   88.52   88.70   88.70   52.98   53.60   56.47   55.77   56.29   56.49   56.34   53.95   53.87
     4: A0A4R3APQ6_94.2_95.2_96.7_84.6_93.6_26.4   85.91   98.61   98.61  100.00  100.00   98.78   98.96   88.52   88.35   88.52   88.52   52.81   53.43   56.64   55.94   56.47   56.67   56.69   54.13   53.87
     5: A0A7X5YU70_94.1_95.1_96.6_84.8_93.2_26.6   85.91   98.61   98.61  100.00  100.00   98.78   98.96   88.52   88.35   88.52   88.52   52.81   53.43   56.64   55.94   56.47   56.67   56.69   54.13   53.87
     6: A0A4R3AEM1_95.2_95.9_96.9_87.0_93.9_27.4   85.39   98.43   98.43   98.78   98.78  100.00   99.83   88.17   88.00   88.17   88.17   52.98   53.25   56.99   56.29   56.82   56.67   56.51   54.48   53.87
     7: A0A839NQU7_94.9_96.1_97.0_87.3_93.9_26.8   85.57   98.61   98.61   98.96   98.96   99.83  100.00   88.35   88.17   88.35   88.35   52.81   53.43   56.99   56.29   56.82   56.67   56.51   54.31   53.70
     8: A0A2T5Y8S5_94.3_95.8_97.0_82.2_94.2_27.0   84.17   88.52   88.87   88.52   88.52   88.17   88.35  100.00   98.96   95.65   95.65   52.46   52.90   57.34   56.47   57.17   56.49   57.04   53.78   54.58
     9: A0A7K0BBB3_94.4_95.9_97.0_82.9_94.3_26.4   83.65   88.35   88.52   88.35   88.35   88.00   88.17   98.96  100.00   95.65   95.65   52.28   52.72   57.34   56.47   57.17   57.02   57.04   53.95   54.58
    10: A0A077XVU1_94.9_96.3_97.1_87.9_94.4_27.1   83.48   88.52   88.70   88.52   88.52   88.17   88.35   95.65   95.65  100.00  100.00   52.98   52.37   56.99   56.12   56.82   57.02   57.22   53.78   54.58
    11: A0A3D5A7Y8_94.4_96.0_97.1_85.6_94.0_27.5   83.48   88.52   88.70   88.52   88.52   88.17   88.35   95.65   95.65  100.00  100.00   52.98   52.37   56.99   56.12   56.82   57.02   57.22   53.78   54.58
    12: A0A4R3VTY5_94.9_96.3_96.7_79.1_94.5_30.8   51.58   52.81   52.98   52.81   52.81   52.98   52.81   52.46   52.28   52.98   52.98  100.00   71.26   52.18   52.36   52.18   58.12   58.64   55.96   56.99
    13: A0A6M1NPR8_94.9_96.1_96.2_77.0_94.0_28.7   52.02   53.43   53.60   53.43   53.43   53.25   53.43   52.90   52.72   52.37   52.37   71.26  100.00   51.92   51.57   51.22   58.74   58.22   56.06   55.19
    14: D7VLB2_93.5_95.4_96.1_78.7_93.1_25.7       55.94   56.47   56.47   56.64   56.64   56.99   56.99   57.34   57.34   56.99   56.99   52.18   51.92  100.00   97.23   98.09   57.74   58.29   55.42   54.90
    15: A0A380BAP5_93.9_95.8_96.3_77.5_93.4_25.0   55.77   55.77   55.77   55.94   55.94   56.29   56.29   56.47   56.47   56.12   56.12   52.36   51.57   97.23  100.00   98.61   57.04   57.94   54.72   54.90
    16: C2FRR2_94.2_96.2_96.2_73.6_93.3_25.6       56.29   56.29   56.29   56.47   56.47   56.82   56.82   57.17   57.17   56.82   56.82   52.18   51.22   98.09   98.61  100.00   56.87   58.12   54.90   55.24
    17: A0A4U0PGN9_95.2_96.4_96.7_77.2_93.8_27.6   56.32   56.84   56.49   56.67   56.67   56.67   56.67   56.49   57.02   57.02   57.02   58.12   58.74   57.74   57.04   56.87  100.00   84.47   64.34   62.06
    18: A0A4U0H8Z1_95.2_96.2_96.7_78.0_94.3_29.5   55.28   56.69   56.34   56.69   56.69   56.51   56.51   57.04   57.04   57.22   57.22   58.64   58.22   58.29   57.94   58.12   84.47  100.00   62.94   61.71
    19: A0A6M1E4S2_94.4_96.4_96.2_65.8_93.0_26.5   53.78   53.95   53.95   54.13   54.13   54.48   54.31   53.78   53.95   53.78   53.78   55.96   56.06   55.42   54.72   54.90   64.34   62.94  100.00   78.76
    20: A0A6M1N4U8_93.6_96.2_96.7_79.1_94.2_28.8   54.40   53.87   53.87   53.87   53.87   53.87   53.70   54.58   54.58   54.58   54.58   56.99   55.19   54.90   54.90   55.24   62.06   61.71   78.76  100.00
