#
#
#  Percent Identity  Matrix - created by Clustal2.1 
#
#

     1: A0A2P8A1J3  100.00   98.31   53.17   51.43   51.43   51.43   50.00   52.69   52.51   51.61   51.70   51.08   52.74   52.39   52.57   52.57   52.57   49.69   54.03   53.67   52.58   52.58   49.55   51.22   53.70   54.29   54.72   54.64   52.82   53.08   53.76   53.32   53.51   54.40   55.54   56.36   56.54   49.61   50.18   50.18   50.18   50.00   50.36   52.58   47.31   52.72   51.90   52.00   53.28   52.99   53.18   52.99   52.81   52.81   52.99   52.99   52.81   52.99   52.99   52.81   52.81   52.99   52.99   52.99   52.99   52.99   52.99   52.99   52.99   52.99   52.99   52.99   52.99   52.99   52.99   52.99
     2: A0A4U7BAL1   98.31  100.00   53.17   51.25   51.43   51.61   49.82   52.51   52.33   51.43   51.52   50.72   52.57   52.21   52.39   52.39   52.39   49.90   54.20   53.85   52.40   52.40   49.38   50.87   53.35   54.11   54.55   54.46   52.46   52.72   53.76   52.96   53.51   54.58   55.54   56.36   56.36   49.61   50.36   50.36   50.36   50.18   50.54   52.41   47.31   52.90   52.08   52.18   53.47   53.18   53.36   53.18   52.99   52.99   53.18   53.18   52.99   53.18   53.18   52.99   52.99   53.18   53.18   53.18   53.18   53.18   53.18   53.18   53.18   53.18   53.18   53.18   53.18   53.18   53.18   53.18
     3: W9Y298       53.17   53.17  100.00   53.97   54.38   54.12   53.09   54.22   54.02   51.51   52.11   53.54   52.29   52.29   52.49   52.49   52.49   50.69   54.11   54.51   53.74   52.73   55.13   53.49   54.71   53.66   54.34   54.05   52.30   52.80   55.26   52.66   55.82   54.84   55.92   56.63   56.83   50.10   53.47   53.47   53.47   53.47   53.67   54.27   47.94   55.19   55.39   54.47   56.02   55.81   56.02   56.02   56.02   55.81   56.02   56.02   56.22   56.02   56.02   56.02   56.02   56.02   56.02   55.81   55.81   55.81   55.81   56.02   56.02   56.02   56.02   56.02   56.02   56.02   55.81   56.02
     4: A0A3D8SPK3   51.43   51.25   53.97  100.00   97.42   49.74   49.91   51.60   51.60   50.00   50.09   52.89   52.74   52.74   52.74   52.74   52.74   48.37   53.67   53.13   50.62   50.09   50.00   50.27   50.71   51.61   53.96   52.52   51.41   51.85   56.07   48.82   53.37   54.09   53.05   54.19   54.37   52.93   51.35   51.35   51.35   51.53   51.35   50.62   49.22   55.15   54.15   54.26   56.65   55.98   55.98   55.98   55.98   55.80   55.80   55.98   56.16   55.98   55.98   55.98   55.98   55.62   55.62   55.98   55.98   55.98   55.98   55.80   55.98   55.98   55.98   55.98   55.98   55.80   55.80   55.98
     5: A0A3D8T9J3   51.43   51.43   54.38   97.42  100.00   50.09   49.91   51.42   51.42   50.36   50.45   52.89   52.74   52.74   52.74   52.74   52.74   48.98   54.03   53.49   50.27   50.09   50.00   50.09   50.54   51.79   53.96   52.52   51.41   51.85   55.68   49.18   53.72   54.09   53.23   54.55   54.72   52.54   50.99   50.99   50.99   51.17   51.35   50.45   49.61   55.52   54.51   54.63   57.01   56.34   56.34   56.34   56.34   56.16   56.16   56.34   56.52   56.34   56.34   56.34   56.34   55.98   55.98   56.34   56.34   56.34   56.34   56.16   56.34   56.34   56.34   56.34   56.34   56.16   56.16   56.34
     6: A0A6A6CET4   51.43   51.61   54.12   49.74   50.09  100.00   67.65   66.44   65.92   66.55   67.19   67.62   64.82   64.82   64.99   64.99   64.99   52.33   56.05   56.05   57.91   58.27   55.38   50.88   56.41   56.94   56.68   56.14   54.05   54.31   56.24   54.53   58.76   57.96   56.83   57.42   57.42   48.53   49.82   49.82   49.82   50.00   49.82   53.74   49.32   54.33   53.69   53.51   54.99   54.51   54.69   54.69   54.69   54.51   54.69   54.69   54.69   54.69   54.69   54.51   54.51   54.69   54.69   54.87   54.87   54.87   54.87   54.87   54.87   54.69   54.69   54.69   54.51   54.51   54.51   54.69
     7: N1PC29       50.00   49.82   53.09   49.91   49.91   67.65  100.00   69.08   68.91   66.61   66.90   64.11   62.03   61.68   62.03   62.03   61.86   51.59   55.52   55.87   56.28   56.46   52.65   51.64   55.13   57.07   56.97   56.71   53.22   53.47   56.32   52.58   57.61   56.49   57.09   56.12   56.12   50.77   48.05   48.05   48.05   48.23   47.87   52.71   47.52   53.37   52.92   51.51   53.04   52.75   52.93   52.93   52.93   52.75   52.93   52.93   52.93   52.93   52.93   52.93   52.93   52.93   52.93   53.11   53.29   53.11   53.11   53.11   53.11   52.93   52.93   52.93   52.75   52.75   52.75   52.93
     8: A0A2S6CFJ0   52.69   52.51   54.22   51.60   51.42   66.44   69.08  100.00   96.60   69.10   69.97   68.82   66.95   66.95   67.30   67.30   67.13   53.35   56.58   56.94   59.93   60.11   54.05   55.24   55.91   59.50   58.24   58.42   55.20   55.63   56.92   54.76   58.84   58.05   58.82   58.76   58.58   50.78   50.63   50.63   50.63   50.45   50.63   53.56   50.78   56.58   55.76   55.42   56.62   56.68   56.50   56.50   56.68   56.50   56.68   56.68   56.68   56.68   56.68   56.50   56.50   56.68   56.68   56.86   56.86   56.86   56.86   56.86   56.68   56.68   56.68   56.68   56.68   56.68   56.50   56.68
     9: A0A2G5HLA3   52.51   52.33   54.02   51.60   51.42   65.92   68.91   96.60  100.00   69.27   70.14   69.00   67.13   66.95   67.30   67.30   67.13   53.35   56.76   56.94   59.57   59.75   54.05   54.90   56.08   59.32   58.24   58.42   54.67   55.11   57.50   55.12   58.84   58.23   59.00   58.94   58.76   50.59   50.27   50.27   50.27   50.45   50.27   53.20   51.16   56.94   55.94   55.23   56.44   56.50   56.68   56.68   56.50   56.32   56.50   56.50   56.50   56.50   56.50   56.32   56.32   56.50   56.50   56.68   56.68   56.68   56.68   56.68   56.86   56.50   56.50   56.50   56.50   56.32   56.32   56.50
    10: A0A139H802   51.61   51.43   51.51   50.00   50.36   66.55   66.61   69.10   69.27  100.00   96.39   66.25   65.16   65.16   65.33   65.33   65.33   52.03   55.61   55.44   56.51   56.51   53.78   52.71   55.38   57.14   56.35   56.71   54.85   55.28   57.39   54.76   57.89   56.46   57.65   56.64   56.46   48.74   47.83   47.83   47.83   48.01   47.46   53.05   48.75   55.54   54.71   53.82   55.21   55.27   55.45   55.45   55.27   55.09   55.27   55.27   55.27   55.27   55.27   55.09   55.09   55.27   55.27   55.27   55.27   55.27   55.27   55.45   55.64   55.27   55.27   55.27   55.27   55.09   55.09   55.27
    11: A0A8H6VK09   51.70   51.52   52.11   50.09   50.45   67.19   66.90   69.97   70.14   96.39  100.00   66.55   65.45   65.45   65.62   65.62   65.62   52.95   56.25   56.25   57.14   57.14   53.87   52.81   55.73   57.60   56.63   56.99   54.95   55.38   57.31   54.68   58.00   56.21   58.11   56.74   56.56   48.64   48.28   48.28   48.28   48.46   48.09   53.68   49.61   56.00   55.17   54.46   55.86   55.92   56.10   56.10   55.92   55.74   55.92   55.92   55.92   55.92   55.92   55.74   55.74   55.92   55.92   55.92   55.92   55.92   55.92   56.10   56.28   55.92   55.92   55.92   55.92   55.74   55.74   55.92
    12: A0A2D3USC8   51.08   50.72   53.54   52.89   52.89   67.62   64.11   68.82   69.00   66.25   66.55  100.00   68.96   68.78   68.96   68.96   68.96   53.20   58.12   57.94   58.32   58.14   53.53   52.67   57.69   58.47   59.38   59.31   53.00   53.26   58.27   53.28   58.21   56.81   57.97   57.17   57.17   52.63   53.73   53.73   53.73   53.92   53.55   54.23   50.19   56.67   56.39   55.78   57.46   56.96   57.14   57.14   57.14   56.96   57.33   56.96   57.14   57.14   57.14   56.96   56.96   56.96   56.96   57.33   57.33   57.33   57.33   57.14   57.14   57.14   57.14   57.14   57.14   56.96   56.96   57.14
    13: A0A0F4GYG8   52.74   52.57   52.29   52.74   52.74   64.82   62.03   66.95   67.13   65.16   65.45   68.96  100.00   97.46   97.80   97.80   97.63   52.81   56.26   56.08   58.29   58.47   54.43   51.39   56.12   56.84   56.56   55.95   53.40   53.83   56.68   55.46   58.68   56.32   58.05   58.74   58.57   50.19   50.18   50.18   50.18   50.36   50.00   52.47   48.37   55.38   54.56   54.76   56.14   55.66   55.66   55.66   55.66   55.48   55.83   55.66   55.66   55.66   55.66   55.48   55.48   55.66   55.66   55.83   55.83   55.83   55.83   55.48   55.66   55.66   55.66   55.66   55.66   55.48   55.48   55.66
    14: F9XAE9       52.39   52.21   52.29   52.74   52.74   64.82   61.68   66.95   66.95   65.16   65.45   68.78   97.46  100.00   99.66   99.66   99.66   53.01   56.61   56.44   58.29   58.47   54.08   51.74   55.77   56.66   56.03   55.60   53.93   54.36   56.30   55.46   57.99   55.96   57.52   58.57   58.39   49.61   49.46   49.46   49.46   49.64   49.64   51.59   47.79   55.02   54.20   54.22   55.78   55.30   55.30   55.30   55.30   55.12   55.48   55.30   55.30   55.30   55.30   55.12   55.12   55.30   55.30   55.48   55.48   55.48   55.48   55.12   55.30   55.30   55.30   55.30   55.30   55.12   55.12   55.30
    15: A0A1X7RTG6   52.57   52.39   52.49   52.74   52.74   64.99   62.03   67.30   67.30   65.33   65.62   68.96   97.80   99.66  100.00  100.00   99.83   53.21   56.79   56.61   58.47   58.65   54.26   51.74   55.77   56.66   56.21   55.77   53.93   54.36   56.49   55.64   58.16   56.14   57.70   58.74   58.57   49.61   49.64   49.64   49.64   49.82   49.82   51.94   47.98   55.20   54.38   54.40   55.96   55.48   55.48   55.48   55.48   55.30   55.66   55.48   55.48   55.48   55.48   55.30   55.30   55.48   55.48   55.66   55.66   55.66   55.66   55.30   55.48   55.48   55.48   55.48   55.48   55.30   55.30   55.48
    16: A0A2H1GCF1   52.57   52.39   52.49   52.74   52.74   64.99   62.03   67.30   67.30   65.33   65.62   68.96   97.80   99.66  100.00  100.00   99.83   53.21   56.79   56.61   58.47   58.65   54.26   51.74   55.77   56.66   56.21   55.77   53.93   54.36   56.49   55.64   58.16   56.14   57.70   58.74   58.57   49.61   49.64   49.64   49.64   49.82   49.82   51.94   47.98   55.20   54.38   54.40   55.96   55.48   55.48   55.48   55.48   55.30   55.66   55.48   55.48   55.48   55.48   55.30   55.30   55.48   55.48   55.66   55.66   55.66   55.66   55.30   55.48   55.48   55.48   55.48   55.48   55.30   55.30   55.48
    17: A0A1Y6LKH2   52.57   52.39   52.49   52.74   52.74   64.99   61.86   67.13   67.13   65.33   65.62   68.96   97.63   99.66   99.83   99.83  100.00   53.21   56.79   56.61   58.47   58.65   54.26   51.74   55.77   56.66   56.21   55.77   53.93   54.36   56.49   55.64   58.16   56.14   57.70   58.74   58.57   49.61   49.64   49.64   49.64   49.82   49.82   51.77   47.98   55.20   54.38   54.40   55.96   55.48   55.48   55.48   55.48   55.30   55.66   55.48   55.48   55.48   55.48   55.30   55.30   55.48   55.48   55.66   55.66   55.66   55.66   55.30   55.48   55.48   55.48   55.48   55.48   55.30   55.30   55.48
    18: A0A1V8T6B7   49.69   49.90   50.69   48.37   48.98   52.33   51.59   53.35   53.35   52.03   52.95   53.20   52.81   53.01   53.21   53.21   53.21  100.00   89.61   91.76   54.73   54.73   51.72   51.69   55.02   58.35   58.15   58.27   51.20   51.29   52.75   54.05   52.98   52.62   53.97   53.71   53.11   48.43   50.00   50.00   50.00   50.21   50.00   50.91   55.56   54.53   54.00   54.23   54.56   54.23   54.23   54.23   54.23   54.02   54.23   54.23   54.43   54.23   54.23   54.23   54.23   54.23   54.23   54.43   54.43   54.43   54.43   54.02   54.23   54.23   54.23   54.23   54.23   54.02   54.02   54.23
    19: A0A1V8SDK0   54.03   54.20   54.11   53.67   54.03   56.05   55.52   56.58   56.76   55.61   56.25   58.12   56.26   56.61   56.79   56.79   56.79   89.61  100.00   96.03   59.54   59.01   55.08   55.34   59.72   62.65   62.48   62.77   56.04   56.12   56.68   55.50   57.34   57.45   58.14   58.55   57.85   51.85   52.90   52.90   52.90   53.08   53.08   53.21   51.45   57.12   56.28   55.86   57.35   56.86   57.04   57.04   57.04   56.86   57.22   57.04   57.22   57.04   57.04   57.04   57.04   57.04   57.04   57.22   57.22   57.22   57.22   56.86   57.04   57.04   57.04   57.04   57.04   56.86   56.86   57.04
    20: A0A1V8SJS8   53.67   53.85   54.51   53.13   53.49   56.05   55.87   56.94   56.94   55.44   56.25   57.94   56.08   56.44   56.61   56.61   56.61   91.76   96.03  100.00   59.36   58.66   55.26   55.69   59.36   62.12   61.95   62.23   55.17   55.24   57.06   55.68   57.34   57.62   58.86   58.91   58.20   51.46   53.26   53.26   53.26   53.44   53.44   53.93   51.45   57.48   57.01   56.04   57.35   56.86   57.04   57.04   57.04   56.86   57.04   57.04   57.22   57.04   57.04   57.04   57.04   57.04   57.04   57.22   57.22   57.22   57.22   56.86   57.04   57.04   57.04   57.04   57.04   56.86   56.86   57.04
    21: A0A3M7GSC9   52.58   52.40   53.74   50.62   50.27   57.91   56.28   59.93   59.57   56.51   57.14   58.32   58.29   58.29   58.47   58.47   58.47   54.73   59.54   59.36  100.00   97.62   53.65   57.22   58.76   59.72   60.64   60.82   54.66   54.91   56.21   53.86   57.19   56.64   56.43   57.80   57.62   50.48   51.17   51.17   51.17   51.35   51.35   54.35   49.14   55.60   54.77   53.62   55.27   54.61   54.79   54.79   54.79   54.61   54.97   54.79   54.61   54.79   54.79   54.79   54.79   54.79   54.79   54.97   54.97   54.97   54.97   54.79   54.61   54.79   54.79   54.79   54.79   54.61   54.61   54.79
    22: A0A3M7IY53   52.58   52.40   52.73   50.09   50.09   58.27   56.46   60.11   59.75   56.51   57.14   58.14   58.47   58.47   58.65   58.65   58.65   54.73   59.01   58.66   97.62  100.00   53.65   56.69   58.41   59.72   60.99   61.35   54.31   54.56   55.45   53.68   57.37   56.81   55.89   56.91   56.74   49.52   50.63   50.63   50.63   50.81   50.99   53.82   49.52   55.42   54.59   53.99   55.45   54.79   54.97   54.97   54.97   54.79   55.15   54.97   54.79   54.97   54.97   54.97   54.97   54.97   54.97   55.15   55.15   55.15   55.15   54.97   54.79   54.97   54.97   54.97   54.79   54.79   54.79   54.97
    23: F0X9S6       49.55   49.38   55.13   50.00   50.00   55.38   52.65   54.05   54.05   53.78   53.87   53.53   54.43   54.08   54.26   54.26   54.26   51.72   55.08   55.26   53.65   53.65  100.00   59.33   62.01   62.39   63.35   63.46   59.12   59.37   65.58   61.48   64.21   63.60   63.81   65.73   65.73   47.36   52.26   52.26   52.26   52.44   51.90   52.42   50.19   56.28   55.45   55.47   56.96   56.47   56.65   56.65   56.47   56.47   56.47   56.65   56.47   56.65   56.65   56.28   56.47   56.65   56.65   56.47   56.47   56.47   56.47   56.65   56.65   56.65   56.65   56.65   56.47   56.47   56.65   56.65
    24: A0A8K0LDE8   51.22   50.87   53.49   50.27   50.09   50.88   51.64   55.24   54.90   52.71   52.81   52.67   51.39   51.74   51.74   51.74   51.74   51.69   55.34   55.69   57.22   56.69   59.33  100.00   61.46   63.86   63.05   64.04   62.76   62.99   63.17   64.97   62.74   62.61   68.17   67.36   67.01   49.71   50.27   50.27   50.27   50.45   50.09   52.12   50.87   55.30   55.73   54.77   55.52   55.58   55.58   55.58   55.58   55.40   55.58   55.40   55.40   55.58   55.58   55.58   55.58   55.58   55.76   55.76   55.76   55.76   55.76   55.76   55.76   55.76   55.76   55.76   55.76   55.58   55.76   55.76
    25: A0A420YIX0   53.70   53.35   54.71   50.71   50.54   56.41   55.13   55.91   56.08   55.38   55.73   57.69   56.12   55.77   55.77   55.77   55.77   55.02   59.72   59.36   58.76   58.41   62.01   61.46  100.00   77.95   74.13   76.00   64.04   64.45   64.93   65.54   66.67   67.02   69.12   68.70   68.35   51.17   51.81   51.81   51.81   51.99   52.17   52.32   52.83   58.05   58.30   57.53   58.65   58.33   58.33   58.33   58.51   58.33   58.33   58.51   58.33   58.51   58.51   58.33   58.51   58.51   58.51   58.51   58.51   58.51   58.51   58.51   58.33   58.51   58.51   58.51   58.51   58.33   58.51   58.51
    26: A0A1J7IZF6   54.29   54.11   53.66   51.61   51.79   56.94   57.07   59.50   59.32   57.14   57.60   58.47   56.84   56.66   56.66   56.66   56.66   58.35   62.65   62.12   59.72   59.72   62.39   63.86   77.95  100.00   86.59   86.74   65.84   66.25   65.25   66.61   68.82   68.37   70.02   70.00   69.65   51.66   52.00   52.00   52.00   52.18   52.00   52.50   52.33   59.35   58.33   57.38   58.68   58.36   58.36   58.36   58.18   58.18   58.36   58.36   58.18   58.36   58.36   58.18   58.36   58.36   58.36   58.36   58.36   58.36   58.36   58.36   58.36   58.36   58.36   58.36   58.36   58.18   58.18   58.36
    27: A0A5N5NSB5   54.72   54.55   54.34   53.96   53.96   56.68   56.97   58.24   58.24   56.35   56.63   59.38   56.56   56.03   56.21   56.21   56.21   58.15   62.48   61.95   60.64   60.99   63.35   63.05   74.13   86.59  100.00   96.01   63.96   64.37   64.86   66.01   65.91   67.31   68.55   68.65   68.30   52.84   51.64   51.64   51.64   51.82   51.64   53.05   54.00   60.18   59.45   58.76   60.44   59.74   59.93   59.93   59.74   59.74   59.93   59.93   59.74   59.93   59.93   59.74   59.93   59.74   59.93   59.93   59.93   59.93   59.93   59.93   59.93   59.93   59.93   59.93   59.74   59.74   59.74   59.93
    28: A0A5N5JAH7   54.64   54.46   54.05   52.52   52.52   56.14   56.71   58.42   58.42   56.71   56.99   59.31   55.95   55.60   55.77   55.77   55.77   58.27   62.77   62.23   60.82   61.35   63.46   64.04   76.00   86.74   96.01  100.00   64.07   64.49   65.64   66.37   66.38   67.49   69.43   68.77   68.42   51.76   52.01   52.01   52.01   52.19   52.01   53.14   53.91   59.56   59.38   59.05   60.55   60.04   60.22   60.22   60.04   60.04   60.22   60.22   60.04   60.22   60.22   60.04   60.22   60.04   60.22   60.22   60.22   60.22   60.22   60.22   60.22   60.22   60.22   60.22   60.04   60.04   60.04   60.22
    29: B2AZ90       52.82   52.46   52.30   51.41   51.41   54.05   53.22   55.20   54.67   54.85   54.95   53.00   53.40   53.93   53.93   53.93   53.93   51.20   56.04   55.17   54.66   54.31   59.12   62.76   64.04   65.84   63.96   64.07  100.00   99.19   64.69   64.77   63.97   67.13   68.89   67.19   66.84   49.02   50.71   50.71   50.71   50.88   49.82   52.11   49.72   55.46   54.11   52.72   55.32   54.84   55.02   55.02   55.02   54.84   55.02   55.02   54.84   55.02   55.02   54.84   55.02   54.84   54.84   54.84   54.84   54.84   54.84   54.84   54.84   54.84   54.84   54.84   54.84   54.66   54.84   54.84
    30: A0A447C4L9   53.08   52.72   52.80   51.85   51.85   54.31   53.47   55.63   55.11   55.28   55.38   53.26   53.83   54.36   54.36   54.36   54.36   51.29   56.12   55.24   54.91   54.56   59.37   62.99   64.45   66.25   64.37   64.49   99.19  100.00   65.14   64.65   64.37   67.53   68.77   67.60   67.25   48.93   50.97   50.97   50.97   51.15   50.09   52.54   50.19   55.54   54.55   53.16   55.76   55.28   55.46   55.46   55.46   55.28   55.46   55.46   55.28   55.46   55.46   55.28   55.46   55.28   55.28   55.28   55.28   55.28   55.28   55.28   55.28   55.28   55.28   55.28   55.28   55.10   55.28   55.28
    31: A0A2J6S8Q6   53.76   53.76   55.26   56.07   55.68   56.24   56.32   56.92   57.50   57.39   57.31   58.27   56.68   56.30   56.49   56.49   56.49   52.75   56.68   57.06   56.21   55.45   65.58   63.17   64.93   65.25   64.86   65.64   64.69   65.14  100.00   65.89   68.89   67.18   68.65   70.61   70.42   48.52   52.72   52.72   52.72   52.92   53.11   55.62   51.66   60.59   60.28   59.72   61.55   60.99   61.19   61.19   61.19   60.99   61.19   61.19   60.99   61.19   61.19   60.79   60.99   60.99   61.19   61.19   61.19   61.19   61.19   61.19   61.19   61.19   61.19   61.19   61.19   60.99   60.99   61.19
    32: Q2GZE4       53.32   52.96   52.66   48.82   49.18   54.53   52.58   54.76   55.12   54.76   54.68   53.28   55.46   55.46   55.64   55.64   55.64   54.05   55.50   55.68   53.86   53.68   61.48   64.97   65.54   66.61   66.01   66.37   64.77   64.65   65.89  100.00   70.53   69.26   75.62   75.89   75.71   48.02   48.81   48.81   48.81   48.99   49.54   52.17   51.38   55.70   54.68   55.62   55.56   55.43   55.62   55.43   55.43   55.25   55.43   55.43   55.25   55.43   55.43   55.06   55.25   55.43   55.62   55.80   55.80   55.80   55.80   55.62   55.62   55.62   55.62   55.62   55.62   55.43   55.43   55.62
    33: G0S4V5       53.51   53.51   55.82   53.37   53.72   58.76   57.61   58.84   58.84   57.89   58.00   58.21   58.68   57.99   58.16   58.16   58.16   52.98   57.34   57.34   57.19   57.37   64.21   62.74   66.67   68.82   65.91   66.38   63.97   64.37   68.89   70.53  100.00   75.90   73.39   76.12   75.95   51.46   51.97   51.97   51.97   52.15   52.51   53.00   51.84   58.71   57.71   57.66   59.49   58.99   58.99   58.99   58.99   58.81   58.81   58.99   58.81   58.99   58.99   58.81   58.81   58.99   59.17   59.35   59.35   59.35   59.35   59.17   58.99   58.99   59.17   59.17   58.99   58.99   58.99   59.17
    34: A0A175W8H6   54.40   54.58   54.84   54.09   54.09   57.96   56.49   58.05   58.23   56.46   56.21   56.81   56.32   55.96   56.14   56.14   56.14   52.62   57.45   57.62   56.64   56.81   63.60   62.61   67.02   68.37   67.31   67.49   67.13   67.53   67.18   69.26   75.90  100.00   73.44   78.72   79.07   48.25   52.72   52.72   52.72   52.90   53.08   54.92   50.78   58.00   57.35   56.39   58.24   57.56   57.92   57.92   57.92   57.74   57.74   57.92   57.74   57.92   57.92   57.74   57.92   57.56   57.74   57.92   58.11   57.92   57.92   57.74   57.92   57.74   57.74   57.74   57.56   57.56   57.56   57.74
    35: G2QD34       55.54   55.54   55.92   53.05   53.23   56.83   57.09   58.82   59.00   57.65   58.11   57.97   58.05   57.52   57.70   57.70   57.70   53.97   58.14   58.86   56.43   55.89   63.81   68.17   69.12   70.02   68.55   69.43   68.89   68.77   68.65   75.62   73.39   73.44  100.00   81.15   81.33   50.10   53.83   53.83   53.83   54.01   54.20   56.04   51.96   58.58   57.56   57.14   58.82   58.50   58.50   58.50   58.50   58.32   58.50   58.50   58.32   58.50   58.50   58.32   58.32   58.50   58.50   58.50   58.50   58.50   58.50   58.68   58.68   58.50   58.50   58.50   58.32   58.32   58.32   58.50
    36: G2R092       56.36   56.36   56.63   54.19   54.55   57.42   56.12   58.76   58.94   56.64   56.74   57.17   58.74   58.57   58.74   58.74   58.74   53.71   58.55   58.91   57.80   56.91   65.73   67.36   68.70   70.00   68.65   68.77   67.19   67.60   70.61   75.89   76.12   78.72   81.15  100.00   98.28   50.00   53.71   53.71   53.71   53.89   54.07   56.61   52.13   59.71   58.88   58.83   59.96   60.00   59.82   59.82   59.82   59.64   59.64   59.64   59.64   59.82   59.82   59.45   59.64   59.82   60.00   60.18   60.18   60.18   60.18   60.18   60.00   60.00   60.00   60.00   60.00   59.82   59.82   60.00
    37: A0A3S5CXD9   56.54   56.36   56.83   54.37   54.72   57.42   56.12   58.58   58.76   56.46   56.56   57.17   58.57   58.39   58.57   58.57   58.57   53.11   57.85   58.20   57.62   56.74   65.73   67.01   68.35   69.65   68.30   68.42   66.84   67.25   70.42   75.71   75.95   79.07   81.33   98.28  100.00   49.81   53.71   53.71   53.71   53.89   54.07   56.61   51.94   59.71   58.88   58.65   59.78   59.82   59.64   59.64   59.64   59.45   59.45   59.45   59.45   59.64   59.64   59.27   59.45   59.64   59.82   60.00   60.18   60.00   60.00   60.00   59.82   59.82   59.82   59.82   59.82   59.64   59.64   59.82
    38: A0A1Y2FSM3   49.61   49.61   50.10   52.93   52.54   48.53   50.77   50.78   50.59   48.74   48.64   52.63   50.19   49.61   49.61   49.61   49.61   48.43   51.85   51.46   50.48   49.52   47.36   49.71   51.17   51.66   52.84   51.76   49.02   48.93   48.52   48.02   51.46   48.25   50.10   50.00   49.81  100.00   52.53   52.53   52.53   52.53   52.92   47.78   45.91   52.85   52.75   52.47   54.06   53.94   53.74   53.74   53.74   53.54   53.74   53.74   53.74   53.74   53.74   53.94   53.94   53.54   53.54   53.74   53.74   53.74   53.74   53.74   53.74   53.94   53.74   53.74   53.74   53.74   53.74   53.74
    39: L7I266       50.18   50.36   53.47   51.35   50.99   49.82   48.05   50.63   50.27   47.83   48.28   53.73   50.18   49.46   49.64   49.64   49.64   50.00   52.90   53.26   51.17   50.63   52.26   50.27   51.81   52.00   51.64   52.01   50.71   50.97   52.72   48.81   51.97   52.72   53.83   53.71   53.71   52.53  100.00  100.00  100.00   99.66   92.10   50.26   47.20   55.12   54.85   53.45   54.53   54.42   54.59   54.59   54.59   54.42   54.77   54.59   54.77   54.59   54.59   54.59   54.59   54.59   54.59   54.77   54.77   54.77   54.77   54.59   54.42   54.59   54.59   54.59   54.59   54.59   54.59   54.59
    40: G4ND07       50.18   50.36   53.47   51.35   50.99   49.82   48.05   50.63   50.27   47.83   48.28   53.73   50.18   49.46   49.64   49.64   49.64   50.00   52.90   53.26   51.17   50.63   52.26   50.27   51.81   52.00   51.64   52.01   50.71   50.97   52.72   48.81   51.97   52.72   53.83   53.71   53.71   52.53  100.00  100.00  100.00   99.66   92.10   50.26   47.20   55.12   54.85   53.45   54.53   54.42   54.59   54.59   54.59   54.42   54.77   54.59   54.77   54.59   54.59   54.59   54.59   54.59   54.59   54.77   54.77   54.77   54.77   54.59   54.42   54.59   54.59   54.59   54.59   54.59   54.59   54.59
    41: L7JBG7       50.18   50.36   53.47   51.35   50.99   49.82   48.05   50.63   50.27   47.83   48.28   53.73   50.18   49.46   49.64   49.64   49.64   50.00   52.90   53.26   51.17   50.63   52.26   50.27   51.81   52.00   51.64   52.01   50.71   50.97   52.72   48.81   51.97   52.72   53.83   53.71   53.71   52.53  100.00  100.00  100.00   99.66   92.10   50.26   47.20   55.12   54.85   53.45   54.53   54.42   54.59   54.59   54.59   54.42   54.77   54.59   54.77   54.59   54.59   54.59   54.59   54.59   54.59   54.77   54.77   54.77   54.77   54.59   54.42   54.59   54.59   54.59   54.59   54.59   54.59   54.59
    42: A0A4P7NLJ3   50.00   50.18   53.47   51.53   51.17   50.00   48.23   50.45   50.45   48.01   48.46   53.92   50.36   49.64   49.82   49.82   49.82   50.21   53.08   53.44   51.35   50.81   52.44   50.45   51.99   52.18   51.82   52.19   50.88   51.15   52.92   48.99   52.15   52.90   54.01   53.89   53.89   52.53   99.66   99.66   99.66  100.00   92.10   50.43   47.39   55.30   55.03   53.63   54.71   54.59   54.77   54.77   54.77   54.59   54.95   54.77   54.95   54.77   54.77   54.77   54.77   54.77   54.77   54.95   54.95   54.95   54.95   54.77   54.59   54.77   54.77   54.77   54.77   54.59   54.77   54.77
    43: A0A6P8AW21   50.36   50.54   53.67   51.35   51.35   49.82   47.87   50.63   50.27   47.46   48.09   53.55   50.00   49.64   49.82   49.82   49.82   50.00   53.08   53.44   51.35   50.99   51.90   50.09   52.17   52.00   51.64   52.01   49.82   50.09   53.11   49.54   52.51   53.08   54.20   54.07   54.07   52.92   92.10   92.10   92.10   92.10  100.00   50.26   47.97   54.77   54.67   53.63   55.24   54.77   54.77   54.77   54.95   54.77   55.12   54.95   55.12   54.95   54.95   54.95   54.95   54.95   54.95   55.12   55.12   55.12   55.12   54.95   54.95   54.95   54.95   54.95   54.95   54.77   54.95   54.95
    44: A0A3M0W0B3   52.58   52.41   54.27   50.62   50.45   53.74   52.71   53.56   53.20   53.05   53.68   54.23   52.47   51.59   51.94   51.94   51.77   50.91   53.21   53.93   54.35   53.82   52.42   52.12   52.32   52.50   53.05   53.14   52.11   52.54   55.62   52.17   53.00   54.92   56.04   56.61   56.61   47.78   50.26   50.26   50.26   50.43   50.26  100.00   49.81   55.48   55.38   54.62   55.34   55.40   55.23   55.23   55.05   55.05   55.23   55.23   55.23   55.23   55.23   55.05   55.05   55.40   55.40   55.40   55.57   55.40   55.40   55.23   55.23   55.23   55.23   55.23   55.23   55.05   55.05   55.23
    45: A0A4S8YWV7   47.31   47.31   47.94   49.22   49.61   49.32   47.52   50.78   51.16   48.75   49.61   50.19   48.37   47.79   47.98   47.98   47.98   55.56   51.45   51.45   49.14   49.52   50.19   50.87   52.83   52.33   54.00   53.91   49.72   50.19   51.66   51.38   51.84   50.78   51.96   52.13   51.94   45.91   47.20   47.20   47.20   47.39   47.97   49.81  100.00   78.08   79.04   77.72   81.59   81.50   82.08   82.08   82.08   81.89   81.89   82.08   81.89   82.08   82.08   81.50   81.70   81.50   81.70   81.70   81.89   81.89   81.70   81.89   81.89   81.70   81.70   81.89   82.08   81.89   81.89   82.08
    46: A0A074VVU6   52.72   52.90   55.19   55.15   55.52   54.33   53.37   56.58   56.94   55.54   56.00   56.67   55.38   55.02   55.20   55.20   55.20   54.53   57.12   57.48   55.60   55.42   56.28   55.30   58.05   59.35   60.18   59.56   55.46   55.54   60.59   55.70   58.71   58.00   58.58   59.71   59.71   52.85   55.12   55.12   55.12   55.30   54.77   55.48   78.08  100.00   93.15   91.58   92.93   92.28   92.97   92.97   92.97   92.97   92.97   93.14   92.97   93.14   93.14   92.80   92.97   92.62   92.62   92.80   92.97   92.80   92.80   92.97   92.62   92.62   92.80   92.97   92.97   92.80   92.80   92.97
    47: A0A074YAE3   51.90   52.08   55.39   54.15   54.51   53.69   52.92   55.76   55.94   54.71   55.17   56.39   54.56   54.20   54.38   54.38   54.38   54.00   56.28   57.01   54.77   54.59   55.45   55.73   58.30   58.33   59.45   59.38   54.11   54.55   60.28   54.68   57.71   57.35   57.56   58.88   58.88   52.75   54.85   54.85   54.85   55.03   54.67   55.38   79.04   93.15  100.00   92.61   93.62   93.31   94.00   94.00   94.00   94.00   94.00   94.17   94.00   94.17   94.17   93.83   94.00   93.48   93.65   93.65   94.00   93.83   93.65   93.83   93.65   93.65   93.83   94.00   94.00   93.83   93.83   94.00
    48: A0A4T0CD68   52.00   52.18   54.47   54.26   54.63   53.51   51.51   55.42   55.23   53.82   54.46   55.78   54.76   54.22   54.40   54.40   54.40   54.23   55.86   56.04   53.62   53.99   55.47   54.77   57.53   57.38   58.76   59.05   52.72   53.16   59.72   55.62   57.66   56.39   57.14   58.83   58.65   52.47   53.45   53.45   53.45   53.63   53.63   54.62   77.72   91.58   92.61  100.00   97.24   97.42   97.59   97.77   97.77   97.77   97.77   97.77   97.77   97.94   97.94   97.77   97.94   97.59   97.77   97.77   97.77   97.94   97.77   97.77   97.77   97.77   98.11   98.28   98.11   97.94   97.94   98.11
    49: A0A4V4JRD5   53.28   53.47   56.02   56.65   57.01   54.99   53.04   56.62   56.44   55.21   55.86   57.46   56.14   55.78   55.96   55.96   55.96   54.56   57.35   57.35   55.27   55.45   56.96   55.52   58.65   58.68   60.44   60.55   55.32   55.76   61.55   55.56   59.49   58.24   58.82   59.96   59.78   54.06   54.53   54.53   54.53   54.71   55.24   55.34   81.59   92.93   93.62   97.24  100.00   98.28   98.97   99.14   99.14   99.14   99.14   99.31   99.14   99.31   99.31   98.79   98.97   98.62   98.79   98.79   98.79   98.97   98.79   98.79   98.79   98.79   98.79   98.97   98.97   98.97   98.97   99.14
    50: A0A4V4KE03   52.99   53.18   55.81   55.98   56.34   54.51   52.75   56.68   56.50   55.27   55.92   56.96   55.66   55.30   55.48   55.48   55.48   54.23   56.86   56.86   54.61   54.79   56.47   55.58   58.33   58.36   59.74   60.04   54.84   55.28   60.99   55.43   58.99   57.56   58.50   60.00   59.82   53.94   54.42   54.42   54.42   54.59   54.77   55.40   81.50   92.28   93.31   97.42   98.28  100.00   98.63   98.80   98.80   98.80   98.80   98.80   98.80   98.97   98.97   98.63   98.80   98.63   98.80   98.80   98.80   98.97   98.80   98.80   98.80   98.80   98.97   99.14   98.97   98.97   98.97   99.14
    51: A0A4S9JQF1   53.18   53.36   56.02   55.98   56.34   54.69   52.93   56.50   56.68   55.45   56.10   57.14   55.66   55.30   55.48   55.48   55.48   54.23   57.04   57.04   54.79   54.97   56.65   55.58   58.33   58.36   59.93   60.22   55.02   55.46   61.19   55.62   58.99   57.92   58.50   59.82   59.64   53.74   54.59   54.59   54.59   54.77   54.77   55.23   82.08   92.97   94.00   97.59   98.97   98.63  100.00   99.83   99.49   99.49   99.49   99.49   99.49   99.66   99.66   99.14   99.31   98.97   99.14   99.14   99.14   99.31   99.14   99.14   99.49   99.14   99.14   99.31   99.31   99.31   99.31   99.49
    52: A0A4S8Z3Z2   52.99   53.18   56.02   55.98   56.34   54.69   52.93   56.50   56.68   55.45   56.10   57.14   55.66   55.30   55.48   55.48   55.48   54.23   57.04   57.04   54.79   54.97   56.65   55.58   58.33   58.36   59.93   60.22   55.02   55.46   61.19   55.43   58.99   57.92   58.50   59.82   59.64   53.74   54.59   54.59   54.59   54.77   54.77   55.23   82.08   92.97   94.00   97.77   99.14   98.80   99.83  100.00   99.66   99.66   99.66   99.66   99.66   99.83   99.83   99.31   99.49   99.14   99.31   99.31   99.31   99.49   99.31   99.31   99.66   99.31   99.31   99.49   99.49   99.49   99.49   99.66
    53: A0A4S8UVW8   52.81   52.99   56.02   55.98   56.34   54.69   52.93   56.68   56.50   55.27   55.92   57.14   55.66   55.30   55.48   55.48   55.48   54.23   57.04   57.04   54.79   54.97   56.47   55.58   58.51   58.18   59.74   60.04   55.02   55.46   61.19   55.43   58.99   57.92   58.50   59.82   59.64   53.74   54.59   54.59   54.59   54.77   54.95   55.05   82.08   92.97   94.00   97.77   99.14   98.80   99.49   99.66  100.00   99.66   99.66   99.66   99.66   99.83   99.83   99.31   99.49   99.14   99.31   99.31   99.31   99.49   99.31   99.31   99.31   99.31   99.31   99.49   99.49   99.49   99.49   99.66
    54: A0A4S9N6A3   52.81   52.99   55.81   55.80   56.16   54.51   52.75   56.50   56.32   55.09   55.74   56.96   55.48   55.12   55.30   55.30   55.30   54.02   56.86   56.86   54.61   54.79   56.47   55.40   58.33   58.18   59.74   60.04   54.84   55.28   60.99   55.25   58.81   57.74   58.32   59.64   59.45   53.54   54.42   54.42   54.42   54.59   54.77   55.05   81.89   92.97   94.00   97.77   99.14   98.80   99.49   99.66   99.66  100.00   99.66   99.66   99.66   99.83   99.83   99.31   99.49   99.14   99.31   99.31   99.31   99.49   99.31   99.31   99.31   99.31   99.31   99.49   99.49   99.49   99.49   99.66
    55: A0A4S9H4C4   52.99   53.18   56.02   55.80   56.16   54.69   52.93   56.68   56.50   55.27   55.92   57.33   55.83   55.48   55.66   55.66   55.66   54.23   57.22   57.04   54.97   55.15   56.47   55.58   58.33   58.36   59.93   60.22   55.02   55.46   61.19   55.43   58.81   57.74   58.50   59.64   59.45   53.74   54.77   54.77   54.77   54.95   55.12   55.23   81.89   92.97   94.00   97.77   99.14   98.80   99.49   99.66   99.66   99.66  100.00   99.66   99.66   99.83   99.83   99.31   99.49   99.14   99.31   99.31   99.31   99.49   99.31   99.31   99.31   99.31   99.31   99.49   99.49   99.49   99.49   99.66
    56: A0A4S9EJY4   52.99   53.18   56.02   55.98   56.34   54.69   52.93   56.68   56.50   55.27   55.92   56.96   55.66   55.30   55.48   55.48   55.48   54.23   57.04   57.04   54.79   54.97   56.65   55.40   58.51   58.36   59.93   60.22   55.02   55.46   61.19   55.43   58.99   57.92   58.50   59.64   59.45   53.74   54.59   54.59   54.59   54.77   54.95   55.23   82.08   93.14   94.17   97.77   99.31   98.80   99.49   99.66   99.66   99.66   99.66  100.00   99.66   99.83   99.83   99.31   99.49   99.14   99.31   99.31   99.31   99.49   99.31   99.31   99.31   99.31   99.31   99.49   99.49   99.49   99.49   99.66
    57: A0A4S9RPU3   52.81   52.99   56.22   56.16   56.52   54.69   52.93   56.68   56.50   55.27   55.92   57.14   55.66   55.30   55.48   55.48   55.48   54.43   57.22   57.22   54.61   54.79   56.47   55.40   58.33   58.18   59.74   60.04   54.84   55.28   60.99   55.25   58.81   57.74   58.32   59.64   59.45   53.74   54.77   54.77   54.77   54.95   55.12   55.23   81.89   92.97   94.00   97.77   99.14   98.80   99.49   99.66   99.66   99.66   99.66   99.66  100.00   99.83   99.83   99.31   99.49   99.14   99.31   99.31   99.31   99.49   99.31   99.31   99.31   99.31   99.31   99.49   99.49   99.49   99.49   99.66
    58: A0A074X6Q6   52.99   53.18   56.02   55.98   56.34   54.69   52.93   56.68   56.50   55.27   55.92   57.14   55.66   55.30   55.48   55.48   55.48   54.23   57.04   57.04   54.79   54.97   56.65   55.58   58.51   58.36   59.93   60.22   55.02   55.46   61.19   55.43   58.99   57.92   58.50   59.82   59.64   53.74   54.59   54.59   54.59   54.77   54.95   55.23   82.08   93.14   94.17   97.94   99.31   98.97   99.66   99.83   99.83   99.83   99.83   99.83   99.83  100.00  100.00   99.49   99.66   99.31   99.49   99.49   99.49   99.66   99.49   99.49   99.49   99.49   99.49   99.66   99.66   99.66   99.66   99.83
    59: A0A1A7MCA5   52.99   53.18   56.02   55.98   56.34   54.69   52.93   56.68   56.50   55.27   55.92   57.14   55.66   55.30   55.48   55.48   55.48   54.23   57.04   57.04   54.79   54.97   56.65   55.58   58.51   58.36   59.93   60.22   55.02   55.46   61.19   55.43   58.99   57.92   58.50   59.82   59.64   53.74   54.59   54.59   54.59   54.77   54.95   55.23   82.08   93.14   94.17   97.94   99.31   98.97   99.66   99.83   99.83   99.83   99.83   99.83   99.83  100.00  100.00   99.49   99.66   99.31   99.49   99.49   99.49   99.66   99.49   99.49   99.49   99.49   99.49   99.66   99.66   99.66   99.66   99.83
    60: A0A4S9VJF2   52.81   52.99   56.02   55.98   56.34   54.51   52.93   56.50   56.32   55.09   55.74   56.96   55.48   55.12   55.30   55.30   55.30   54.23   57.04   57.04   54.79   54.97   56.28   55.58   58.33   58.18   59.74   60.04   54.84   55.28   60.79   55.06   58.81   57.74   58.32   59.45   59.27   53.94   54.59   54.59   54.59   54.77   54.95   55.05   81.50   92.80   93.83   97.77   98.79   98.63   99.14   99.31   99.31   99.31   99.31   99.31   99.31   99.49   99.49  100.00   99.83   98.80   98.97   98.97   98.97   99.14   98.97   98.97   98.97   98.97   99.31   99.49   99.14   99.14   99.14   99.31
    61: A0A4V4LEH1   52.81   52.99   56.02   55.98   56.34   54.51   52.93   56.50   56.32   55.09   55.74   56.96   55.48   55.12   55.30   55.30   55.30   54.23   57.04   57.04   54.79   54.97   56.47   55.58   58.51   58.36   59.93   60.22   55.02   55.46   60.99   55.25   58.81   57.92   58.32   59.64   59.45   53.94   54.59   54.59   54.59   54.77   54.95   55.05   81.70   92.97   94.00   97.94   98.97   98.80   99.31   99.49   99.49   99.49   99.49   99.49   99.49   99.66   99.66   99.83  100.00   98.97   99.14   99.14   99.14   99.31   99.14   99.14   99.14   99.14   99.49   99.66   99.31   99.31   99.31   99.49
    62: A0A4S9DUQ5   52.99   53.18   56.02   55.62   55.98   54.69   52.93   56.68   56.50   55.27   55.92   56.96   55.66   55.30   55.48   55.48   55.48   54.23   57.04   57.04   54.79   54.97   56.65   55.58   58.51   58.36   59.74   60.04   54.84   55.28   60.99   55.43   58.99   57.56   58.50   59.82   59.64   53.54   54.59   54.59   54.59   54.77   54.95   55.40   81.50   92.62   93.48   97.59   98.62   98.63   98.97   99.14   99.14   99.14   99.14   99.14   99.14   99.31   99.31   98.80   98.97  100.00   99.83   99.14   99.14   99.31   99.14   99.14   99.14   99.14   99.14   99.31   99.31   99.31   99.31   99.49
    63: A0A4S9D6K0   52.99   53.18   56.02   55.62   55.98   54.69   52.93   56.68   56.50   55.27   55.92   56.96   55.66   55.30   55.48   55.48   55.48   54.23   57.04   57.04   54.79   54.97   56.65   55.76   58.51   58.36   59.93   60.22   54.84   55.28   61.19   55.62   59.17   57.74   58.50   60.00   59.82   53.54   54.59   54.59   54.59   54.77   54.95   55.40   81.70   92.62   93.65   97.77   98.79   98.80   99.14   99.31   99.31   99.31   99.31   99.31   99.31   99.49   99.49   98.97   99.14   99.83  100.00   99.31   99.31   99.49   99.31   99.31   99.31   99.31   99.31   99.49   99.49   99.49   99.49   99.66
