(
A0A8B6DGV6_73.6_72.8_80.3_23.6_71.4_20.2:0.44681,
A0A6J8A7K3_-1___-1___-1___-1___79.4_26.7:0.04627,
A0A8B6HG01_83.4_77.1_82.3_29.9_80.9_26.2:0.03721);
