#
#
#  Percent Identity  Matrix - created by Clustal2.1 
#
#

     1: A0A250IG74_86.4_90.3_85.9_22.4_84.3_22.4  100.00   63.41   62.62   63.35   64.27   63.11   62.56   64.23
     2: A0A1L9B0U7_94.0_94.6_86.5_23.6_84.7_23.6   63.41  100.00   88.13   87.66   62.93   59.90   60.69   59.21
     3: S9QTH6_93.7_94.9_87.1_24.6_85.3_24.6       62.62   88.13  100.00   91.54   62.64   59.34   60.56   59.74
     4: A0A250IT58_91.5_92.9_85.8_24.2_84.3_24.2   63.35   87.66   91.54  100.00   63.86   60.07   60.96   60.30
     5: A0A2T4V4R4_-1___-1___-1___-1___85.4_23.1   64.27   62.93   62.64   63.86  100.00   68.05   67.22   68.37
     6: A0A3E0AQJ6_88.4_90.3_84.4_23.7_83.4_23.7   63.11   59.90   59.34   60.07   68.05  100.00   83.55   82.40
     7: A0A084SGE7_91.2_92.4_85.7_25.8_84.4_25.8   62.56   60.69   60.56   60.96   67.22   83.55  100.00   87.75
     8: A0A1Q3HCC6_88.1_89.5_83.5_25.8_82.5_25.8   64.23   59.21   59.74   60.30   68.37   82.40   87.75  100.00
