(
A0A1M8A5S5:0.50081,
A0A3G2S2N9:0.00077,
A0A8R9Z020:0.00236);
