#
#
#  Percent Identity  Matrix - created by Clustal2.1 
#
#

     1: A0A450SN62_-1___-1___-1___-1___90.2_35.6  100.00   51.93   48.34   50.11   49.00   49.00   49.89   49.89   49.89   49.89   49.89   48.78   48.78   48.78   48.56   49.89   48.56   49.89   49.66   51.22   51.22   51.22   51.58   50.33
     2: A0A1Q4A8Q0_92.2_94.2_95.7_80.1_95.1_78.1   51.93  100.00   94.94   96.14   96.14   96.14   95.66   95.66   95.66   95.66   95.66   95.66   95.66   95.66   95.66   95.90   95.66   95.90   95.66   75.90   75.90   75.90   76.14   75.42
     3: A0A838B954_90.8_93.2_95.5_73.2_92.2_32.7   48.34   94.94  100.00   97.94   94.78   94.78   97.94   98.17   98.17   98.17   98.17   95.22   95.22   95.22   95.43   98.40   95.43   98.63   98.40   71.52   71.52   71.52   73.50   71.02
     4: V7HCG0_91.6_93.8_95.7_78.9_95.0_39.2       50.11   96.14   97.94  100.00   99.54   99.54   98.63   98.86   98.86   98.86   98.86   98.63   98.63   98.63   98.86   99.08   98.86   99.31   99.08   75.06   75.06   75.06   75.51   73.91
     5: X5UES6_-1___-1___-1___-1___90.3_33.5       49.00   96.14   94.78   99.54  100.00   99.78   98.17   98.40   98.40   98.40   98.40   98.48   98.48   98.48   98.92   98.63   98.92   98.86   98.63   71.65   71.65   71.65   73.84   70.50
     6: X5YHT6_93.2_94.5_96.0_82.2_92.3_34.6       49.00   96.14   94.78   99.54   99.78  100.00   98.17   98.40   98.40   98.40   98.40   98.48   98.48   98.48   98.92   98.63   98.92   98.86   98.63   71.65   71.65   71.65   73.84   70.50
     7: X5P080_92.6_94.2_95.6_80.1_94.9_37.5       49.89   95.66   97.94   98.63   98.17   98.17  100.00   99.77   99.77   99.77   99.77   99.54   99.54   99.54   98.86   99.08   98.86   99.31   99.08   74.37   74.37   74.37   74.60   73.23
     8: X6HME6_91.6_92.9_95.9_81.2_95.1_37.5       49.89   95.66   98.17   98.86   98.40   98.40   99.77  100.00  100.00  100.00  100.00   99.77   99.77   99.77   99.08   99.31   99.08   99.54   99.31   74.60   74.60   74.60   74.83   73.46
     9: X5PIN7_-1___-1___-1___-1___93.6_36.7       49.89   95.66   98.17   98.86   98.40   98.40   99.77  100.00  100.00  100.00  100.00   99.77   99.77   99.77   99.08   99.31   99.08   99.54   99.31   74.60   74.60   74.60   74.83   73.46
    10: A0A0E2N900_90.4_92.2_95.9_81.1_95.0_36.8   49.89   95.66   98.17   98.86   98.40   98.40   99.77  100.00  100.00  100.00  100.00   99.77   99.77   99.77   99.08   99.31   99.08   99.54   99.31   74.60   74.60   74.60   74.83   73.46
    11: V7H7G7_70.4_65.1_93.4_51.2_92.4_39.4       49.89   95.66   98.17   98.86   98.40   98.40   99.77  100.00  100.00  100.00  100.00   99.77   99.77   99.77   99.08   99.31   99.08   99.54   99.31   74.60   74.60   74.60   74.83   73.46
    12: X5X6B2_92.6_94.4_95.8_75.2_92.0_33.7       48.78   95.66   95.22   98.63   98.48   98.48   99.54   99.77   99.77   99.77   99.77  100.00  100.00  100.00   99.13   99.08   99.13   99.31   99.08   71.00   71.00   71.00   72.95   70.07
    13: V7G9T4_87.0_91.1_95.8_76.6_92.1_35.3       48.78   95.66   95.22   98.63   98.48   98.48   99.54   99.77   99.77   99.77   99.77  100.00  100.00  100.00   99.13   99.08   99.13   99.31   99.08   71.00   71.00   71.00   72.95   70.07
    14: X5VSD1_92.6_94.0_95.6_79.2_91.8_33.5       48.78   95.66   95.22   98.63   98.48   98.48   99.54   99.77   99.77   99.77   99.77  100.00  100.00  100.00   99.13   99.08   99.13   99.31   99.08   71.00   71.00   71.00   72.95   70.07
    15: X6GDQ5_93.2_94.2_96.1_83.2_92.3_34.0       48.56   95.66   95.43   98.86   98.92   98.92   98.86   99.08   99.08   99.08   99.08   99.13   99.13   99.13  100.00   99.31   99.57   99.54   99.31   71.21   71.21   71.21   73.39   70.07
    16: A0A0E2NZ44_86.8_92.2_96.1_74.8_95.3_40.3   49.89   95.90   98.40   99.08   98.63   98.63   99.08   99.31   99.31   99.31   99.31   99.08   99.08   99.08   99.31  100.00   99.31   99.77   99.54   74.60   74.60   74.60   75.06   73.46
    17: X6HIK3_91.9_94.4_95.6_76.8_92.0_33.4       48.56   95.66   95.43   98.86   98.92   98.92   98.86   99.08   99.08   99.08   99.08   99.13   99.13   99.13   99.57   99.31  100.00   99.54   99.77   71.21   71.21   71.21   73.39   70.07
    18: X6JL21_92.5_93.4_95.6_79.7_94.8_38.8       49.89   95.90   98.63   99.31   98.86   98.86   99.31   99.54   99.54   99.54   99.54   99.31   99.31   99.31   99.54   99.77   99.54  100.00   99.77   74.83   74.83   74.83   75.29   73.68
    19: X6BXS7_93.1_94.5_96.1_83.4_95.3_39.6       49.66   95.66   98.40   99.08   98.63   98.63   99.08   99.31   99.31   99.31   99.31   99.08   99.08   99.08   99.31   99.54   99.77   99.77  100.00   74.60   74.60   74.60   75.06   73.46
    20: A0A442VPD8_93.3_94.4_96.0_79.1_91.8_31.1   51.22   75.90   71.52   75.06   71.65   71.65   74.37   74.60   74.60   74.60   74.60   71.00   71.00   71.00   71.21   74.60   71.21   74.83   74.60  100.00   99.78   99.78   82.04   81.13
    21: A0A442M2W7_92.8_94.0_95.6_80.0_82.0_24.1   51.22   75.90   71.52   75.06   71.65   71.65   74.37   74.60   74.60   74.60   74.60   71.00   71.00   71.00   71.21   74.60   71.21   74.83   74.60   99.78  100.00  100.00   82.04   74.37
    22: A0A442T1U9_92.8_93.5_96.0_79.2_91.9_31.9   51.22   75.90   71.52   75.06   71.65   71.65   74.37   74.60   74.60   74.60   74.60   71.00   71.00   71.00   71.21   74.60   71.21   74.83   74.60   99.78  100.00  100.00   82.04   81.13
    23: A0A011U2H0_92.5_95.1_95.7_80.8_93.1_34.5   51.58   76.14   73.50   75.51   73.84   73.84   74.60   74.83   74.83   74.83   74.83   72.95   72.95   72.95   73.39   75.06   73.39   75.29   75.06   82.04   82.04   82.04  100.00   85.81
    24: A0A2W4PEM0_71.9_67.3_93.6_55.0_82.5_25.6   50.33   75.42   71.02   73.91   70.50   70.50   73.23   73.46   73.46   73.46   73.46   70.07   70.07   70.07   70.07   73.46   70.07   73.68   73.46   81.13   74.37   81.13   85.81  100.00
