(
A0A369S809_82.7_84.1_80.2_36.4_76.4_27.7:0.00142,
B3RLL3_83.5_84.2_80.9_36.1_77.0_27.6:0.00142,
B3SEG6_-1_-1_-1_-1_87.7_35.8:-0.00142);
