(
A0A4T0X8J3_85.2_87.9_93.2_60.7_89.5_26.8:0.37104,
A0A099NWV3_85.2_84.2_92.3_49.4_88.8_26.6:0.01372,
A0A1V2LKQ7_-1_-1_-1_-1_91.3_44.1:-0.01156);
