#
#
#  Percent Identity  Matrix - created by Clustal2.1 
#
#

     1: A0A5M6CDJ3  100.00   61.44   48.55   46.14   47.39   47.39   46.89   53.68   52.87   53.04   54.13   53.96   53.63   52.78   51.85   53.03   53.03   53.20   53.37   52.87   53.04   52.70   53.04   53.04   48.72   51.12
     2: A0A1Y1USK4   61.44  100.00   46.03   45.13   45.93   45.93   45.93   50.72   49.91   49.91   51.02   50.51   51.19   51.54   50.77   51.11   51.11   51.11   51.28   52.13   52.30   52.13   52.47   52.47   51.29   50.00
     3: A0A1Y2BCB7   48.55   46.03  100.00   61.30   61.41   61.41   61.91   50.45   52.62   52.79   52.36   51.86   52.20   51.69   51.10   53.12   52.78   52.78   52.95   51.18   51.35   51.44   51.61   51.61   50.34   53.10
     4: A0A5D3AR21   46.14   45.13   61.30  100.00   96.05   96.05   94.17   50.37   52.28   51.93   52.01   50.96   51.84   51.49   52.45   52.45   52.62   52.27   52.10   52.36   52.54   53.16   53.16   53.16   50.97   51.88
     5: A0A1E3HLZ3   47.39   45.93   61.41   96.05  100.00  100.00   96.05   50.27   52.27   51.93   51.51   51.01   51.68   51.17   52.76   52.60   52.76   52.43   52.26   52.52   52.68   53.28   53.28   53.28   50.85   51.20
     6: A0A1E3J487   47.39   45.93   61.41   96.05  100.00  100.00   96.05   50.27   52.27   51.93   51.51   51.01   51.68   51.17   52.76   52.60   52.76   52.43   52.26   52.52   52.68   53.28   53.28   53.28   50.85   51.20
     7: A0A1E3HJD3   46.89   45.93   61.91   94.17   96.05   96.05  100.00   49.91   51.60   51.26   50.84   50.67   51.34   51.01   52.60   52.09   52.26   51.76   51.59   52.18   52.35   52.77   52.77   52.77   50.51   50.51
     8: A0A427YJY1   53.68   50.72   50.45   50.37   50.27   50.27   49.91  100.00   61.06   60.88   61.48   61.31   62.54   62.19   64.49   62.54   62.37   62.37   62.37   62.72   62.90   64.42   64.60   64.42   63.65   63.62
     9: A0A1B9HDH9   52.87   49.91   52.62   52.28   52.27   52.27   51.60   61.06  100.00   99.67   80.73   80.07   79.73   80.40   71.10   72.09   72.09   71.93   72.26   70.50   70.67   71.62   71.95   71.79   60.14   59.90
    10: A0A1B9H429   53.04   49.91   52.79   51.93   51.93   51.93   51.26   60.88   99.67  100.00   80.56   79.90   79.57   80.23   70.93   71.76   71.76   71.59   71.93   70.33   70.50   71.45   71.79   71.62   60.14   60.07
    11: A0A1B9J0T1   54.13   51.02   52.36   52.01   51.51   51.51   50.84   61.48   80.73   80.56  100.00   93.86   88.72   89.05   72.14   73.30   73.13   72.97   72.97   72.21   72.38   72.50   72.67   72.67   60.20   59.63
    12: A0A1B9FW51   53.96   50.51   51.86   50.96   51.01   51.01   50.67   61.31   80.07   79.90   93.86  100.00   88.72   89.39   72.14   73.47   73.30   73.13   73.13   70.88   71.05   71.83   72.17   72.00   59.53   58.77
    13: A0A1B9I0Z8   53.63   51.19   52.20   51.84   51.68   51.68   51.34   62.54   79.73   79.57   88.72   88.72  100.00   93.53   72.31   73.30   73.13   72.97   72.97   71.38   71.55   72.17   72.50   72.33   60.03   59.80
    14: A0A1A5ZYQ4   52.78   51.54   51.69   51.49   51.17   51.17   51.01   62.19   80.40   80.23   89.05   89.39   93.53  100.00   73.13   72.31   72.31   71.97   72.14   70.88   71.05   71.67   72.00   71.83   60.71   59.63
    15: A0A5M6C174   51.85   50.77   51.10   52.45   52.76   52.76   52.60   64.49   71.10   70.93   72.14   72.14   72.31   73.13  100.00   73.51   73.51   73.18   73.51   73.26   73.42   74.04   74.38   74.21   62.23   62.01
    16: A0A1E3K4H9   53.03   51.11   53.12   52.45   52.60   52.60   52.09   62.54   72.09   71.76   73.30   73.47   73.30   72.31   73.51  100.00   99.50   98.51   98.01   79.07   79.24   80.03   80.37   80.20   60.20   59.97
    17: A0A1E3HSN1   53.03   51.11   52.78   52.62   52.76   52.76   52.26   62.37   72.09   71.76   73.13   73.30   73.13   72.31   73.51   99.50  100.00   98.01   97.68   78.90   79.07   79.87   80.20   80.03   60.03   59.97
    18: A0A5D3AY50   53.20   51.11   52.78   52.27   52.43   52.43   51.76   62.37   71.93   71.59   72.97   73.13   72.97   71.97   73.18   98.51   98.01  100.00   98.68   78.74   78.90   80.03   80.37   80.20   59.87   59.97
    19: A0A1E3IGJ1   53.37   51.28   52.95   52.10   52.26   52.26   51.59   62.37   72.26   71.93   72.97   73.13   72.97   72.14   73.51   98.01   97.68   98.68  100.00   78.90   79.07   79.87   80.20   80.03   59.87   60.31
    20: Q55MF6       52.87   52.13   51.18   52.36   52.52   52.52   52.18   62.72   70.50   70.33   72.21   70.88   71.38   70.88   73.26   79.07   78.90   78.74   78.90  100.00   99.67   94.51   94.34   94.34   63.41   61.16
    21: Q5K8B7       53.04   52.30   51.35   52.54   52.68   52.68   52.35   62.90   70.67   70.50   72.38   71.05   71.55   71.05   73.42   79.24   79.07   78.90   79.07   99.67  100.00   94.68   94.51   94.51   63.58   61.33
    22: A0A225ZBY1   52.70   52.13   51.44   53.16   53.28   53.28   52.77   64.42   71.62   71.45   72.50   71.83   72.17   71.67   74.04   80.03   79.87   80.03   79.87   94.51   94.68  100.00   99.50   99.33   64.86   62.46
    23: A0A854QCE3   53.04   52.47   51.61   53.16   53.28   53.28   52.77   64.60   71.95   71.79   72.67   72.17   72.50   72.00   74.38   80.37   80.20   80.37   80.20   94.34   94.51   99.50  100.00   99.83   65.03   62.63
    24: J9VJ50       53.04   52.47   51.61   53.16   53.28   53.28   52.77   64.42   71.79   71.62   72.67   72.00   72.33   71.83   74.21   80.20   80.03   80.20   80.03   94.34   94.51   99.33   99.83  100.00   64.86   62.46
    25: A0A1Y2BM06   48.72   51.29   50.34   50.97   50.85   50.85   50.51   63.65   60.14   60.14   60.20   59.53   60.03   60.71   62.23   60.20   60.03   59.87   59.87   63.41   63.58   64.86   65.03   64.86  100.00   64.86
    26: A0A1Y1UBE2   51.12   50.00   53.10   51.88   51.20   51.20   50.51   63.62   59.90   60.07   59.63   58.77   59.80   59.63   62.01   59.97   59.97   59.97   60.31   61.16   61.33   62.46   62.63   62.46   64.86  100.00
