#
#
#  Percent Identity  Matrix - created by Clustal2.1 
#
#

     1: A0A871R0Z4  100.00   98.63   98.61   46.64   46.35   46.31   55.44   48.56   50.77   51.45   50.77   50.77
     2: A0A8H6BP77   98.63  100.00  100.00   46.47   46.17   46.13   55.26   48.74   50.94   51.62   50.94   50.94
     3: A0A7D9H650   98.61  100.00  100.00   46.96   46.17   46.13   55.61   49.08   51.31   52.01   51.31   51.31
     4: W6MFD1       46.64   46.47   46.96  100.00   59.20   58.93   54.80   52.48   55.23   55.57   55.57   55.75
     5: A0A1E3NV75   46.35   46.17   46.17   59.20  100.00   93.92   57.75   52.40   54.28   54.28   54.83   54.64
     6: A0A1E3P5F6   46.31   46.13   46.13   58.93   93.92  100.00   57.04   53.20   55.06   55.06   55.62   55.43
     7: A0A448YJL5   55.44   55.26   55.61   54.80   57.75   57.04  100.00   56.08   57.83   58.18   58.18   58.00
     8: A0A8H6BD19   48.56   48.74   49.08   52.48   52.40   53.20   56.08  100.00   94.40   95.10   97.02   96.50
     9: I2JR00       50.77   50.94   51.31   55.23   54.28   55.06   57.83   94.40  100.00   96.51   97.51   97.67
    10: A0A871R1B5   51.45   51.62   52.01   55.57   54.28   55.06   58.18   95.10   96.51  100.00   98.01   98.50
    11: A0A8H6ERU3   50.77   50.94   51.31   55.57   54.83   55.62   58.18   97.02   97.51   98.01  100.00   99.50
    12: A0A7D9CX49   50.77   50.94   51.31   55.75   54.64   55.43   58.00   96.50   97.67   98.50   99.50  100.00
