#
#
#  Percent Identity  Matrix - created by Clustal2.1 
#
#

     1: A0A0C2FMX5_91.2_96.1_92.4_27.7_87.6_24.3  100.00   96.38   96.55   51.08   49.47   52.40   54.08   51.69   51.69   53.14   52.78   51.88   52.27   52.40   52.17   51.78   51.25   47.93   47.84   48.27   47.88   48.31   49.82   49.02   47.14
     2: U7Q1V5_94.5_97.0_93.9_38.5_89.5_25.7       96.38  100.00   99.83   51.18   49.91   53.23   54.76   52.87   52.87   53.62   53.44   52.71   52.56   52.51   53.02   52.60   51.89   48.36   48.28   48.71   47.59   48.20   50.09   49.64   47.93
     3: A0A0F2MIS7_84.2_95.1_92.8_37.4_87.8_22.3   96.55   99.83  100.00   51.18   50.09   53.23   54.76   52.87   52.87   53.62   53.44   52.71   52.56   52.51   53.02   52.60   52.06   48.36   48.28   48.71   47.77   48.38   50.27   49.64   47.93
     4: A0A1W2TVA3_89.5_96.2_93.0_36.7_88.3_25.4   51.08   51.18   51.18  100.00   58.88   60.73   61.19   60.73   60.73   62.15   62.34   60.81   60.97   55.76   59.82   58.27   59.53   51.85   51.85   51.85   51.72   51.82   58.06   56.12   56.59
     5: A0A0G2GJX4_90.9_95.8_93.0_33.1_88.2_24.0   49.47   49.91   50.09   58.88  100.00   61.39   62.86   62.95   62.95   63.11   63.47   63.78   65.91   58.90   62.61   61.68   62.03   52.74   52.82   53.14   51.88   53.15   57.40   57.40   56.60
     6: A0A8H6MN84_-1_-1_-1_-1_-1_-1               52.40   53.23   53.23   60.73   61.39  100.00   94.65   78.24   78.24   78.42   78.42   77.42   64.64   61.66   67.40   66.85   66.49   55.47   55.56   56.09   55.28   55.05   61.09   59.31   58.51
     7: A0A8H6JZM2_-1_-1_-1_-1_-1_-1               54.08   54.76   54.76   61.19   62.86   94.65  100.00   78.74   78.74   78.48   78.12   77.36   66.48   62.80   68.16   68.08   67.71   55.15   55.23   55.76   55.39   55.13   60.44   59.93   59.01
     8: A0A1S1VWF5_95.2_97.3_93.6_42.8_90.5_24.6   51.69   52.87   52.87   60.73   62.95   78.24   78.74  100.00   99.82   81.22   81.22   80.04   66.85   60.36   65.69   64.98   64.26   54.35   54.61   54.95   53.96   54.43   57.89   56.50   58.48
     9: A0A166ZN36_92.2_96.7_93.4_40.7_89.6_26.5   51.69   52.87   52.87   60.73   62.95   78.24   78.74   99.82  100.00   81.22   81.22   80.04   66.85   60.36   65.69   64.98   64.26   54.35   54.61   54.95   53.96   54.43   57.89   56.50   58.48
    10: T0LUL9_86.9_94.6_93.5_34.1_90.2_24.7       53.14   53.62   53.62   62.15   63.11   78.42   78.48   81.22   81.22  100.00   97.34   82.21   66.91   59.56   67.47   65.15   65.33   55.66   55.56   56.46   55.43   55.09   60.62   59.20   58.65
    11: A0A7J6JQ80_86.6_94.6_92.8_26.8_89.7_24.8   52.78   53.44   53.44   62.34   63.47   78.42   78.12   81.22   81.22   97.34  100.00   82.21   66.73   59.56   67.47   64.78   65.15   55.66   55.56   56.46   54.89   54.73   60.62   59.56   58.65
    12: A0A1Q8S4B0_93.0_96.6_94.3_43.8_90.7_25.9   51.88   52.71   52.71   60.81   63.78   77.42   77.36   80.04   80.04   82.21   82.21  100.00   66.85   60.55   64.07   63.21   63.39   55.29   55.37   55.72   54.87   54.46   60.58   58.80   58.26
    13: R8BJ02_93.3_96.6_94.4_51.3_89.2_23.2       52.27   52.56   52.56   60.97   65.91   64.64   66.48   66.85   66.85   66.91   66.73   66.85  100.00   66.84   72.73   71.61   72.27   57.25   57.40   57.59   55.06   55.73   62.19   58.14   59.32
    14: A0A423WVP3_94.8_97.9_93.3_30.5_89.4_24.6   52.40   52.51   52.51   55.76   58.90   61.66   62.80   60.36   60.36   59.56   59.56   60.55   66.84  100.00   74.34   74.78   74.56   54.40   54.50   54.44   54.25   54.45   59.02   57.38   57.48
    15: A0A194W1H7_94.1_97.8_94.8_53.5_90.4_24.7   52.17   53.02   53.02   59.82   62.61   67.40   68.16   65.69   65.69   67.47   67.47   64.07   72.73   74.34  100.00   89.73   90.27   57.49   57.22   57.76   56.67   57.51   63.42   60.41   61.14
    16: A0A423WXT4_94.4_97.9_94.1_37.6_89.7_22.0   51.78   52.60   52.60   58.27   61.68   66.85   68.08   64.98   64.98   65.15   64.78   63.21   71.61   74.78   89.73  100.00   93.55   56.51   56.43   56.96   55.80   56.55   61.13   58.39   59.78
    17: A0A423WIK0_92.6_97.6_93.0_35.3_88.5_22.2   51.25   51.89   52.06   59.53   62.03   66.49   67.71   64.26   64.26   65.33   65.15   63.39   72.27   74.56   90.27   93.55  100.00   56.70   56.62   57.14   56.70   56.62   62.04   59.60   60.62
    18: A0A1T3D1F2_91.8_96.1_93.7_40.1_90.0_23.6   47.93   48.36   48.36   51.85   52.74   55.47   55.15   54.35   54.35   55.66   55.66   55.29   57.25   54.40   57.49   56.51   56.70  100.00   99.46   99.28   84.46   84.97   59.42   57.01   59.78
    19: A0A0F9ZZA5_91.1_96.5_93.9_41.1_89.7_21.6   47.84   48.28   48.28   51.85   52.82   55.56   55.23   54.61   54.61   55.56   55.56   55.37   57.40   54.50   57.22   56.43   56.62   99.46  100.00   99.28   84.31   84.82   59.57   56.91   59.86
    20: A0A2T4AA03_91.2_96.7_93.9_44.6_90.3_21.4   48.27   48.71   48.71   51.85   53.14   56.09   55.76   54.95   54.95   56.46   56.46   55.72   57.59   54.44   57.76   56.96   57.14   99.28   99.28  100.00   85.02   85.35   59.41   56.91   59.89
    21: A0A024SJW4_90.4_96.8_94.1_36.0_88.8_21.5   47.88   47.59   47.77   51.72   51.88   55.28   55.39   53.96   53.96   55.43   54.89   54.87   55.06   54.25   56.67   55.80   56.70   84.46   84.31   85.02  100.00   93.99   58.29   56.28   59.57
    22: A0A2T4BBX9_89.6_96.4_93.6_40.2_88.9_22.8   48.31   48.20   48.38   51.82   53.15   55.05   55.13   54.43   54.43   55.09   54.73   54.46   55.73   54.45   57.51   56.55   56.62   84.97   84.82   85.35   93.99  100.00   60.32   56.79   59.46
    23: A0A8K0VP64_-1_-1_-1_-1_-1_-1               49.82   50.09   50.27   58.06   57.40   61.09   60.44   57.89   57.89   60.62   60.62   60.58   62.19   59.02   63.42   61.13   62.04   59.42   59.57   59.41   58.29   60.32  100.00   60.71   62.79
    24: A0A0B2WS89_91.1_95.1_94.2_46.7_90.5_22.9   49.02   49.64   49.64   56.12   57.40   59.31   59.93   56.50   56.50   59.20   59.56   58.80   58.14   57.38   60.41   58.39   59.60   57.01   56.91   56.91   56.28   56.79   60.71  100.00   74.07
    25: A0A7U3SN75_-1_-1_-1_-1_-1_-1               47.14   47.93   47.93   56.59   56.60   58.51   59.01   58.48   58.48   58.65   58.65   58.26   59.32   57.48   61.14   59.78   60.62   59.78   59.86   59.89   59.57   59.46   62.79   74.07  100.00
