(
A0A8H3FX00:0.22312,
A0A0S6XUD5:0.20741,
A0A2K1R3E1:0.18205);
