#
#
#  Percent Identity  Matrix - created by Clustal2.1 
#
#

     1: A0A8R7QDX3_-1_-1_-1_-1_-1_-1              100.00  100.00   92.46   95.20   95.30   70.59   72.01   73.88   74.25   57.72   58.67   61.80   60.30   58.05   58.17   58.87   58.87   58.87   58.87   58.87   58.43   58.80   58.80   58.80   58.80
     2: A0A8R7QGW4_-1_-1_-1_-1_-1_-1              100.00  100.00   92.52   95.24   95.34   70.00   71.48   73.33   73.70   57.30   58.24   61.34   59.85   57.62   57.74   58.43   58.43   58.43   58.43   58.43   57.99   58.36   58.36   58.36   58.36
     3: A0A3B6MUC6_51.4_62.7_93.5_46.3_91.3_31.6   92.46   92.52  100.00   96.48   95.91   68.14   67.58   71.09   70.31   58.20   59.22   61.18   58.43   55.69   55.78   56.52   56.52   56.52   56.52   56.52   56.08   56.47   56.47   56.47   56.47
     4: A0A453L7N2_97.4_97.8_93.4_51.2_84.4_30.0   95.20   95.24   96.48  100.00  100.00   68.44   68.61   70.44   70.80   56.47   57.82   61.17   58.24   56.04   56.13   56.83   56.83   56.83   56.83   56.83   56.41   56.78   56.78   56.78   56.78
     5: A0A453L7N4_-1_-1_-1_-1_79.2_22.9           95.30   95.34   95.91  100.00  100.00   68.91   68.91   69.75   69.75   58.09   59.24   60.76   58.23   56.54   56.22   57.02   57.02   57.02   57.02   57.02   56.54   56.96   56.96   56.96   56.96
     6: A0A8T0X206_-1_-1_-1_-1_-1_-1               70.59   70.00   68.14   68.44   68.91  100.00   88.26   89.39   91.84   57.55   57.44   57.68   57.26   56.43   56.12   56.49   56.49   56.90   56.90   56.90   56.43   56.85   56.85   56.85   56.43
     7: A0A8T0XLH7_-1_-1_-1_-1_-1_-1               72.01   71.48   67.58   68.61   68.91   88.26  100.00   90.91   92.36   56.00   55.51   54.98   56.83   55.35   55.81   56.13   56.13   56.51   56.51   56.51   56.09   56.46   56.46   56.46   56.46
     8: A0A2T7F786_97.3_97.2_94.1_48.0_87.2_30.8   73.88   73.33   71.09   70.44   69.75   89.39   90.91  100.00   93.45   59.64   59.19   57.93   59.04   57.20   57.30   57.62   57.62   57.99   57.99   57.99   57.56   57.93   57.93   57.93   57.56
     9: A0A3L6RP26_97.7_97.4_93.7_35.8_87.4_27.4   74.25   73.70   70.31   70.80   69.75   91.84   92.36   93.45  100.00   58.55   58.46   59.04   60.15   58.67   58.80   59.11   59.11   59.48   59.48   59.48   59.04   59.41   59.41   59.41   59.04
    10: C5YFV4_97.4_97.5_93.0_51.4_84.7_30.5       57.72   57.30   58.20   56.47   58.09   57.55   56.00   59.64   58.55  100.00   86.52   65.94   63.77   61.96   61.76   61.68   61.68   62.04   62.04   62.04   61.96   62.32   62.32   62.32   62.32
    11: A0A811QT47_97.4_97.7_93.2_44.5_83.7_30.8   58.67   58.24   59.22   57.82   59.24   57.44   55.51   59.19   58.46   86.52  100.00   67.03   64.84   64.84   64.31   64.94   64.58   64.58   64.58   64.58   64.47   64.84   64.84   64.84   65.20
    12: A0A0D9W4N4_97.7_97.6_93.5_41.2_86.4_31.3   61.80   61.34   61.18   61.17   60.76   57.68   54.98   57.93   59.04   65.94   67.03  100.00   78.34   76.53   76.19   76.73   77.09   76.73   76.73   76.73   76.53   76.90   76.90   76.90   76.53
    13: A0A0E0KQB0_97.4_97.4_91.6_30.7_84.9_30.7   60.30   59.85   58.43   58.24   58.23   57.26   56.83   59.04   60.15   63.77   64.84   78.34  100.00   90.97   90.84   92.00   92.36   91.27   91.27   91.27   90.97   91.34   91.34   91.34   90.97
    14: A0A0E0DDV9_97.8_97.8_92.5_41.8_85.7_32.4   58.05   57.62   55.69   56.04   56.54   56.43   55.35   57.20   58.67   61.96   64.84   76.53   90.97  100.00   95.97   97.09   97.45   96.36   96.36   96.36   96.03   96.39   96.39   96.39   96.03
    15: A0A0D3FVM3_97.2_97.2_89.8_44.2_83.5_31.8   58.17   57.74   55.78   56.13   56.22   56.12   55.81   57.30   58.80   61.76   64.31   76.19   90.84   95.97  100.00   98.17   98.53   99.64   99.64   99.64  100.00   99.64   99.64   99.64   99.27
    16: A2XT75_97.2_97.0_88.2_39.0_82.2_32.2       58.87   58.43   56.52   56.83   57.02   56.49   56.13   57.62   59.11   61.68   64.94   76.73   92.00   97.09   98.17  100.00   99.64   98.55   98.55   98.55   98.18   98.55   98.55   98.55   98.18
    17: A0A0E0H0H2_97.2_97.2_88.6_34.5_82.4_31.0   58.87   58.43   56.52   56.83   57.02   56.49   56.13   57.62   59.11   61.68   64.58   77.09   92.36   97.45   98.53   99.64  100.00   98.91   98.91   98.91   98.55   98.91   98.91   98.91   98.55
    18: Q7XVG9_96.9_96.8_88.7_34.7_82.3_32.7       58.87   58.43   56.52   56.83   57.02   56.90   56.51   57.99   59.48   62.04   64.58   76.73   91.27   96.36   99.64   98.55   98.91  100.00  100.00  100.00   99.64  100.00  100.00  100.00   99.64
    19: Q01IT4_97.4_97.4_89.9_39.4_83.6_31.6       58.87   58.43   56.52   56.83   57.02   56.90   56.51   57.99   59.48   62.04   64.58   76.73   91.27   96.36   99.64   98.55   98.91  100.00  100.00  100.00   99.64  100.00  100.00  100.00   99.64
    20: A0A0E0P8W6_96.6_96.4_88.5_36.0_82.2_31.6   58.87   58.43   56.52   56.83   57.02   56.90   56.51   57.99   59.48   62.04   64.58   76.73   91.27   96.36   99.64   98.55   98.91  100.00  100.00  100.00   99.64  100.00  100.00  100.00   99.64
    21: I1PL21_97.6_97.6_92.5_39.5_85.6_31.4       58.43   57.99   56.08   56.41   56.54   56.43   56.09   57.56   59.04   61.96   64.47   76.53   90.97   96.03  100.00   98.18   98.55   99.64   99.64   99.64  100.00   99.64   99.64   99.64   99.28
    22: A0A8J8YC30_-1_-1_-1_-1_-1_-1               58.80   58.36   56.47   56.78   56.96   56.85   56.46   57.93   59.41   62.32   64.84   76.90   91.34   96.39   99.64   98.55   98.91  100.00  100.00  100.00   99.64  100.00  100.00  100.00   99.64
    23: B7E3S3_97.8_97.4_92.9_30.1_86.3_29.3       58.80   58.36   56.47   56.78   56.96   56.85   56.46   57.93   59.41   62.32   64.84   76.90   91.34   96.39   99.64   98.55   98.91  100.00  100.00  100.00   99.64  100.00  100.00  100.00   99.64
    24: B8ARK6_97.4_97.4_92.3_36.1_85.4_31.6       58.80   58.36   56.47   56.78   56.96   56.85   56.46   57.93   59.41   62.32   64.84   76.90   91.34   96.39   99.64   98.55   98.91  100.00  100.00  100.00   99.64  100.00  100.00  100.00   99.64
    25: A0A0D9ZKH5_97.5_97.7_92.5_42.3_85.6_33.0   58.80   58.36   56.47   56.78   56.96   56.43   56.46   57.56   59.04   62.32   65.20   76.53   90.97   96.03   99.27   98.18   98.55   99.64   99.64   99.64   99.28   99.64   99.64   99.64  100.00
