#
#
#  Percent Identity  Matrix - created by Clustal2.1 
#
#

     1: A0A835VG18  100.00   94.40   94.03   61.28   59.93   59.93
     2: A0A835VBT3   94.40  100.00   99.66   61.51   60.15   60.15
     3: A0A835RQS2   94.03   99.66  100.00   58.25   59.85   59.85
     4: A0A2H9ZW89   61.28   61.51   58.25  100.00   64.81   64.81
     5: A0A835R992   59.93   60.15   59.85   64.81  100.00   98.55
     6: A0A835REQ3   59.93   60.15   59.85   64.81   98.55  100.00
