(
F0X9X5:0.41958,
A0A0B7KJF1:-0.01238,
A0A8H7NE05:0.01994);
