(
A0A0C3RZU6:0.25791,
A0A1M2VPZ2:0.23826,
A0A5C3N312:0.22301);
