#
#
#  Percent Identity  Matrix - created by Clustal2.1 
#
#

     1: A0A158PER3_80.2_81.6_77.7_25.7_78.2_25.7  100.00   44.53   53.70   50.83   53.86   54.38   54.07   54.53   54.38   54.53   53.92   54.07   54.00
     2: Q95ZT3_88.8_88.0_84.3_30.6_84.0_30.6       44.53  100.00   62.89   60.41   64.29   62.06   62.34   62.34   62.48   62.34   62.62   63.60   63.69
     3: A0A2G5SXN6_91.1_88.1_84.5_28.8_83.6_28.8   53.70   62.89  100.00   96.08   87.42   89.58   89.99   89.85   89.99   89.85   92.01   91.46   91.45
     4: A8WMG1_90.9_87.9_82.4_29.2_80.7_28.2       50.83   60.41   96.08  100.00   84.30   86.33   86.74   86.60   86.74   86.60   88.08   87.94   87.92
     5: Q20538_93.0_91.0_85.4_26.3_84.6_26.3       53.86   64.29   87.42   84.30  100.00   86.69   87.10   86.96   86.83   86.96   89.02   89.84   89.96
     6: E3MRU9_91.5_88.7_82.6_25.7_81.8_25.7       54.38   62.06   89.58   86.33   86.69  100.00   98.93   99.60   99.60   99.73   90.82   90.28   90.27
     7: A0A261CHZ3_90.8_88.2_84.1_24.9_83.4_24.9   54.07   62.34   89.99   86.74   87.10   98.93  100.00   99.06   99.33   99.20   91.36   90.69   90.81
     8: A0A2P4WGZ5_91.1_88.4_84.4_31.6_83.4_31.6   54.53   62.34   89.85   86.60   86.96   99.60   99.06  100.00   99.73   99.87   91.09   90.55   90.54
     9: A0A6A5G1E5_92.5_89.5_84.3_28.0_83.2_28.0   54.38   62.48   89.99   86.74   86.83   99.60   99.33   99.73  100.00   99.87   91.23   90.69   90.68
    10: A0A261B8P5_90.9_88.7_84.4_27.6_83.6_27.6   54.53   62.34   89.85   86.60   86.96   99.73   99.20   99.87   99.87  100.00   91.09   90.55   90.54
    11: G0MQT7_90.8_87.9_84.1_32.4_83.3_32.4       53.92   62.62   92.01   88.08   89.02   90.82   91.36   91.09   91.23   91.09  100.00   94.60   94.59
    12: A0A1I7URV6_90.8_87.4_82.8_29.5_82.0_29.5   54.07   63.60   91.46   87.94   89.84   90.28   90.69   90.55   90.69   90.55   94.60  100.00  100.00
    13: A0A1I7URV7_91.8_89.1_84.9_29.4_84.0_29.4   54.00   63.69   91.45   87.92   89.96   90.27   90.81   90.54   90.68   90.54   94.59  100.00  100.00
