#
#
#  Percent Identity  Matrix - created by Clustal2.1 
#
#

     1: A0A6P7XY14_82.4_79.6_80.6_29.5_77.4_25.5  100.00   48.18   56.28   54.76   54.99   50.90   52.40   51.20   53.80   50.26   56.07   56.06   54.88   55.45   51.08   49.55   54.81   56.06   54.95   55.71
     2: M3XK54_82.3_78.4_83.1_30.6_80.6_26.4       48.18  100.00   52.73   52.73   52.74   57.98   57.98   57.98   60.22   57.33   59.92   59.35   58.17   59.88   57.72   57.35   59.05   60.00   59.21   59.52
     3: A0A6P7XZC8_84.9_83.2_71.6_20.2_71.9_20.2   56.28   52.73  100.00   99.86   95.45   58.21   58.50   58.54   60.77   56.89   61.59   61.58   61.01   60.94   58.10   57.64   60.47   61.69   60.14   60.25
     4: A0A6P7XTM0_84.6_83.0_73.8_20.9_72.4_20.9   54.76   52.73   99.86  100.00   96.13   56.15   56.40   56.45   58.63   56.89   61.88   61.69   61.31   60.94   56.03   55.62   60.47   61.69   60.46   60.57
     5: A0A6P7XYP3_84.7_83.4_80.5_25.7_77.5_22.7   54.99   52.74   95.45   96.13  100.00   56.60   56.86   56.90   59.35   57.25   61.99   61.87   61.31   61.12   56.64   56.22   60.47   61.69   60.46   60.57
     6: A0A151NLW0_83.0_77.1_82.6_34.0_79.4_24.2   50.90   57.98   58.21   56.15   56.60  100.00   98.65   96.22   74.21   67.51   76.80   76.29   76.45   77.40   73.34   71.53   75.13   75.76   75.61   75.35
     7: A0A3Q0FNC7_82.8_77.8_82.8_36.2_80.8_28.5   52.40   57.98   58.50   56.40   56.86   98.65  100.00  100.00   74.96   69.41   76.80   76.29   76.45   77.40   73.49   73.49   75.13   75.76   75.61   75.35
     8: A0A3Q0FT01_81.1_76.0_82.0_35.9_78.3_21.6   51.20   57.98   58.54   56.45   56.90   96.22  100.00  100.00   74.96   67.73   76.80   76.29   76.45   77.40   73.49   72.01   75.13   75.76   75.61   75.35
     9: A0A669QDN1_78.6_77.6_82.1_35.9_80.8_25.2   53.80   60.22   60.77   58.63   59.35   74.21   74.96   74.96  100.00   75.83   82.39   81.43   81.69   81.88   79.03   78.88   80.47   81.07   80.45   80.95
    10: A0A3M0JL00_80.9_77.9_81.7_29.1_75.5_23.7   50.26   57.33   56.89   56.89   57.25   67.51   69.41   67.73   75.83  100.00   88.48   88.50   85.99   86.10   85.84   83.00   85.11   85.36   84.98   84.42
    11: A0A7L2LKG9_82.6_78.6_83.2_34.1_84.2_34.1   56.07   59.92   61.59   61.88   61.99   76.80   76.80   76.80   82.39   88.48  100.00   93.58   91.20   91.30   89.81   89.10   92.00   92.59   92.05   90.89
    12: A0A7L2P490_81.8_77.1_83.3_34.6_84.4_34.6   56.06   59.35   61.58   61.69   61.87   76.29   76.29   76.29   81.43   88.50   93.58  100.00   90.73   91.38   89.48   88.77   91.59   90.15   90.37   90.16
    13: A0A7K5IDN0_79.5_77.2_83.0_32.9_83.7_32.9   54.88   58.17   61.01   61.31   61.31   76.45   76.45   76.45   81.69   85.99   91.20   90.73  100.00   92.79   90.86   90.16   91.47   92.42   92.77   93.05
    14: A0A7L2D2X9_80.5_77.6_82.4_33.0_82.8_33.0   55.45   59.88   60.94   60.94   61.12   77.40   77.40   77.40   81.88   86.10   91.30   91.38   92.79  100.00   90.78   90.78   91.24   92.74   91.83   91.74
    15: H0ZTB1_78.7_75.9_82.1_32.3_80.7_28.2       51.08   57.72   58.10   56.03   56.64   73.34   73.49   73.49   79.03   85.84   89.81   89.48   90.86   90.78  100.00   96.69   91.23   89.66   92.33   91.73
    16: A0A3L8SL58_78.3_74.3_82.7_34.0_78.9_23.2   49.55   57.35   57.64   55.62   56.22   71.53   73.49   72.01   78.88   83.00   89.10   88.77   90.16   90.78   96.69  100.00   90.52   89.84   91.64   91.37
    17: A0A852BFN2_80.6_76.7_82.6_29.2_83.0_29.2   54.81   59.05   60.47   60.47   60.47   75.13   75.13   75.13   80.47   85.11   92.00   91.59   91.47   91.24   91.23   90.52  100.00   91.94   93.91   93.14
    18: A0A7L1UBU8_78.9_74.8_82.5_29.2_82.9_29.2   56.06   60.00   61.69   61.69   61.69   75.76   75.76   75.76   81.07   85.36   92.59   90.15   92.42   92.74   89.66   89.84   91.94  100.00   92.87   91.35
    19: A0A7L0YUA9_78.0_74.8_82.8_29.6_83.5_29.6   54.95   59.21   60.14   60.46   60.46   75.61   75.61   75.61   80.45   84.98   92.05   90.37   92.77   91.83   92.33   91.64   93.91   92.87  100.00   94.54
    20: A0A7K5MNH9_79.2_75.7_83.0_31.0_84.0_31.0   55.71   59.52   60.25   60.57   60.57   75.35   75.35   75.35   80.95   84.42   90.89   90.16   93.05   91.74   91.73   91.37   93.14   91.35   94.54  100.00
