#
#
#  Percent Identity  Matrix - created by Clustal2.1 
#
#

     1: W1QLS8_89.1_94.4_95.1_71.1_91.9_31.1      100.00   95.42   51.43   52.68   52.75   50.90   51.08
     2: A0A1B7SAG9_-1_-1_-1_-1_95.1_58.9           95.42  100.00   53.65   54.41   52.21   52.02   52.21
     3: A0A4T0X1A1_89.7_94.6_94.1_61.8_88.9_23.3   51.43   53.65  100.00   62.39   70.21   67.60   67.60
     4: A0A1E3NL19_90.2_95.1_94.7_61.8_87.8_24.2   52.68   54.41   62.39  100.00   71.27   66.96   66.96
     5: A0A1V2LKV2_86.1_92.8_93.9_56.5_93.5_36.8   52.75   52.21   70.21   71.27  100.00   99.81  100.00
     6: A0A099P688_84.8_92.5_93.5_45.1_88.2_26.1   50.90   52.02   67.60   66.96   99.81  100.00   99.83
     7: A0A1Z8JLM0_86.6_92.4_93.9_58.3_88.8_26.3   51.08   52.21   67.60   66.96  100.00   99.83  100.00
