#
#
#  Percent Identity  Matrix - created by Clustal2.1 
#
#

     1: A0A0W0DQK1_83.8_92.3_95.3_74.6_88.6_21.6  100.00   55.48   57.42   57.12   56.16   58.20   58.55   58.38   58.38   58.38   51.14   51.66   51.31   50.26   51.13   51.96   51.94   49.03   49.03   51.23   49.12
     2: A0A1X7R151_91.3_92.8_95.0_56.8_87.7_22.8   55.48  100.00   57.32   58.14   58.99   59.54   59.72   59.72   59.72   59.72   52.36   53.39   53.74   52.70   51.74   55.11   53.32   50.70   50.35   52.70   51.83
     3: G0W5K1_87.8_92.6_93.4_37.5_87.4_22.0       57.42   57.32  100.00   62.59   60.35   60.46   60.46   60.64   60.64   60.64   52.66   53.89   54.06   54.24   54.93   55.69   56.46   54.67   54.85   54.50   53.26
     4: A0A0L8RG91_90.4_92.6_95.1_69.4_88.7_23.4   57.12   58.14   62.59  100.00   89.22   88.89   88.89   89.06   89.06   89.06   55.75   56.99   57.17   55.58   57.77   58.86   57.98   53.89   53.89   54.24   52.65
     5: H0GWL5_84.5_93.2_95.2_71.1_88.1_22.3       56.16   58.99   60.35   89.22  100.00   92.00   92.00   92.17   92.17   92.17   53.97   56.08   56.26   54.50   57.79   58.47   56.46   53.44   52.56   53.44   52.56
     6: A6ZQG1_89.4_93.8_95.3_64.6_88.3_21.7       58.20   59.54   60.46   88.89   92.00  100.00   99.65   99.83   99.83   99.83   55.04   56.81   56.99   55.22   57.79   59.39   57.80   53.89   53.71   53.36   53.00
     7: P27614_91.6_95.3_95.9_75.7_89.6_24.5       58.55   59.72   60.46   88.89   92.00   99.65  100.00   99.83   99.83   99.83   55.22   56.99   57.17   55.40   57.62   59.75   58.16   54.06   53.89   53.71   53.36
     8: A0A6C1DTE2_88.8_92.8_95.0_68.4_88.2_22.5   58.38   59.72   60.64   89.06   92.17   99.83   99.83  100.00  100.00  100.00   55.22   56.99   57.17   55.40   57.79   59.57   57.98   54.06   53.89   53.53   53.18
     9: B3LPV2_89.5_93.7_95.2_68.5_88.6_22.7       58.38   59.72   60.64   89.06   92.17   99.83   99.83  100.00  100.00  100.00   55.22   56.99   57.17   55.40   57.79   59.57   57.98   54.06   53.89   53.53   53.18
    10: A0A0L8VMI1_89.3_93.1_94.9_62.7_88.2_23.1   58.38   59.72   60.64   89.06   92.17   99.83   99.83  100.00  100.00  100.00   55.22   56.99   57.17   55.40   57.79   59.57   57.98   54.06   53.89   53.53   53.18
    11: A0A6C1EFJ1_87.8_92.9_95.1_73.2_88.3_23.5   51.14   52.36   52.66   55.75   53.97   55.04   55.22   55.22   55.22   55.22  100.00   81.69   81.69   80.48   53.24   55.67   55.83   55.91   56.08   53.70   53.52
    12: P0C155_92.3_94.7_96.2_78.5_89.9_21.4       51.66   53.39   53.89   56.99   56.08   56.81   56.99   56.99   56.99   56.99   81.69  100.00   99.14   86.57   52.36   55.83   56.69   56.24   56.41   54.04   52.28
    13: A0A6C1DZX0_88.9_91.8_95.3_78.1_89.0_28.1   51.31   53.74   54.06   57.17   56.26   56.99   57.17   57.17   57.17   57.17   81.69   99.14  100.00   86.57   52.36   56.18   56.69   56.24   56.41   54.04   52.28
    14: J5RIY5_89.1_91.2_95.3_75.9_88.3_23.1       50.26   52.70   54.24   55.58   54.50   55.22   55.40   55.40   55.40   55.40   80.48   86.57   86.57  100.00   52.36   56.01   55.28   55.54   55.71   53.51   52.46
    15: A0A7H9B9H2_88.4_90.7_94.6_67.9_87.9_20.1   51.13   51.74   54.93   57.77   57.79   57.79   57.62   57.79   57.79   57.79   53.24   52.36   52.36   52.36  100.00   58.20   57.17   57.67   58.01   55.92   55.23
    16: A0A7H9HNQ4_87.9_90.2_95.5_73.2_89.6_21.2   51.96   55.11   55.69   58.86   58.47   59.39   59.75   59.57   59.57   59.57   55.67   55.83   56.18   56.01   58.20  100.00   62.12   59.08   58.55   60.14   57.67
    17: A0A1Q3A6P4_83.5_91.0_95.4_71.1_89.0_22.1   51.94   53.32   56.46   57.98   56.46   57.80   58.16   57.98   57.98   57.98   55.83   56.69   56.69   55.28   57.17   62.12  100.00   65.03   64.51   65.56   65.03
    18: A0A1S7HQV6_89.9_93.5_95.3_69.4_88.8_22.0   49.03   50.70   54.67   53.89   53.44   53.89   54.06   54.06   54.06   54.06   55.91   56.24   56.24   55.54   57.67   59.08   65.03  100.00   97.39   66.38   64.81
    19: A0A1S7HZU9_90.1_94.6_95.6_72.9_88.8_21.5   49.03   50.35   54.85   53.89   52.56   53.71   53.89   53.89   53.89   53.89   56.08   56.41   56.41   55.71   58.01   58.55   64.51   97.39  100.00   65.85   64.29
    20: A0A1Q3AHP3_87.6_92.9_92.3_23.2_88.7_23.2   51.23   52.70   54.50   54.24   53.44   53.36   53.71   53.53   53.53   53.53   53.70   54.04   54.04   53.51   55.92   60.14   65.56   66.38   65.85  100.00   83.65
    21: A0A4C2EDG7_84.1_91.4_94.6_70.4_88.5_22.8   49.12   51.83   53.26   52.65   52.56   53.00   53.36   53.18   53.18   53.18   53.52   52.28   52.28   52.46   55.23   57.67   65.03   64.81   64.29   83.65  100.00
