(
A0A2S3ZZA0:0.34508,
A0A3M8LRP9:0.12188,
A0A522NW15:0.15821);
