#
#
#  Percent Identity  Matrix - created by Clustal2.1 
#
#

     1: A0A158Q395_76.5_82.7_78.1_33.9_75.8_26.3  100.00   58.30   59.47   61.11   54.37   57.70
     2: A0A0B2W0T1_82.6_78.8_80.4_36.3_74.5_23.7   58.30  100.00   76.50   77.89   61.32   66.34
     3: A0A0M3HVB6_78.4_81.2_76.5_24.1_73.4_24.1   59.47   76.50  100.00   99.23   60.17   63.85
     4: F1KY51_81.4_83.1_84.4_40.8_80.5_25.3       61.11   77.89   99.23  100.00   61.74   64.82
     5: A0A158R5P2_81.4_80.5_80.3_35.3_78.6_29.4   54.37   61.32   60.17   61.74  100.00   71.25
     6: A0A0N4V3P0_58.5_71.2_83.4_44.8_81.9_25.8   57.70   66.34   63.85   64.82   71.25  100.00
