(
A0A0C2F5S4_89.1_95.9_93.9_43.0_89.2_28.6:0.02582,
A0A0F2M5U9_88.5_95.7_94.1_46.0_88.9_26.9:0.00000,
U7Q9F7_87.3_96.1_94.5_56.6_89.8_30.9:0.00172);
