#
#
#  Percent Identity  Matrix - created by Clustal2.1 
#
#

     1: T1HLF3_82.7_77.6_83.2_33.1_81.6_23.3      100.00   58.07   56.53   55.50   58.32   55.96
     2: A0A1B6GQA8_77.2_76.3_80.5_30.5_79.3_27.7   58.07  100.00   92.71   58.67   61.12   58.76
     3: A0A1B6IZB0_81.2_76.1_79.8_26.8_76.1_22.4   56.53   92.71  100.00   56.90   59.54   57.29
     4: A0A1B6G452_77.2_75.8_81.0_34.5_76.6_22.1   55.50   58.67   56.90  100.00   65.95   65.86
     5: A0A1B6LJP5_80.6_77.5_80.2_31.0_76.3_24.0   58.32   61.12   59.54   65.95  100.00   79.23
     6: A0A1B6FLD6_82.8_78.5_80.4_29.9_77.0_24.1   55.96   58.76   57.29   65.86   79.23  100.00
