#
#
#  Percent Identity  Matrix - created by Clustal2.1 
#
#

     1: A0A0V1C2E7  100.00   96.14   97.21   96.05   96.99   97.37   96.99   97.10   97.10   97.46   97.46   96.94   96.83   96.95   97.58   97.49   92.64   92.76   93.63   93.04   93.36   93.62   93.38
     2: A0A1Y3EH65   96.14  100.00   96.90   99.22   98.57   98.70   98.57   97.80   97.80   97.93   98.19   98.19   98.96   99.22   98.06   98.83   92.12   92.25   92.63   92.61   93.14   93.17   93.90
     3: A0A0V0S8X4   97.21   96.90  100.00   96.94   97.87   98.24   97.87   97.83   97.83   98.19   98.19   98.00   98.05   98.05   98.31   98.37   93.10   93.22   93.74   93.14   94.07   94.32   94.22
     4: A0A0V0VSN0   96.05   99.22   96.94  100.00   98.59   99.23   98.85   98.34   98.09   98.72   98.47   97.96   98.46   98.72   97.83   98.33   92.33   92.46   92.87   92.84   93.22   93.49   93.97
     5: A0A0V1DHZ5   96.99   98.57   97.87   98.59  100.00   99.37   99.25   99.25  100.00   99.37   99.62   99.12   99.12   99.37   99.00   99.00   93.08   93.21   93.75   93.66   94.21   94.47   94.47
     6: A0A0V0VSM2   97.37   98.70   98.24   99.23   99.37  100.00   99.62   99.62   99.37  100.00   99.75   99.25   99.25   99.50   99.12   99.12   93.33   93.46   94.05   93.93   94.47   94.72   94.72
     7: A0A0V0UAV6   96.99   98.57   97.87   98.85   99.25   99.62  100.00  100.00   99.25   99.62   99.62   99.12   99.12   99.37   99.00   99.00   92.96   93.08   93.60   93.52   94.09   94.35   94.35
     8: A0A0V0UB41   97.10   97.80   97.83   98.34   99.25   99.62  100.00  100.00   99.28   99.64   99.64   99.15   99.12   99.37   99.03   99.00   93.22   93.34   93.88   93.78   94.31   94.56   94.35
     9: A0A0V1DH92   97.10   97.80   97.83   98.09  100.00   99.37   99.25   99.28  100.00   99.40   99.64   99.15   99.12   99.37   99.03   99.00   93.34   93.46   94.03   93.92   94.43   94.68   94.47
    10: A0A0V0VSN7   97.46   97.93   98.19   98.72   99.37  100.00   99.62   99.64   99.40  100.00   99.76   99.28   99.25   99.50   99.15   99.12   93.58   93.70   94.31   94.18   94.67   94.92   94.72
    11: A0A0V1PFN9   97.46   98.19   98.19   98.47   99.62   99.75   99.62   99.64   99.64   99.76  100.00   99.52   99.50   99.75   99.40   99.37   93.58   93.70   94.17   94.05   94.67   94.92   94.72
    12: A0A0V0X940   96.94   98.19   98.00   97.96   99.12   99.25   99.12   99.15   99.15   99.28   99.52  100.00  100.00   99.76   99.40   99.37   93.58   93.70   94.17   92.94   94.67   94.92   94.72
    13: A0A0V0X918   96.83   98.96   98.05   98.46   99.12   99.25   99.12   99.12   99.12   99.25   99.50  100.00  100.00   99.76   99.37   99.37   93.33   93.46   93.90   92.65   94.47   94.72   94.72
    14: A0A0V1LLF5   96.95   99.22   98.05   98.72   99.37   99.50   99.37   99.37   99.37   99.50   99.75   99.76   99.76  100.00   99.62   99.62   93.46   93.58   94.05   92.78   94.59   94.85   94.85
    15: A0A0V1AFD2   97.58   98.06   98.31   97.83   99.00   99.12   99.00   99.03   99.03   99.15   99.40   99.40   99.37   99.62  100.00  100.00   93.46   93.58   94.03   93.92   94.55   94.80   94.60
    16: A0A0V1AFE2   97.49   98.83   98.37   98.33   99.00   99.12   99.00   99.00   99.00   99.12   99.37   99.37   99.37   99.62  100.00  100.00   93.21   93.33   93.75   93.66   94.34   94.60   94.60
    17: A0A0V1EN67   92.64   92.12   93.10   92.33   93.08   93.33   92.96   93.22   93.34   93.58   93.58   93.58   93.33   93.46   93.46   93.21  100.00   99.88   99.86   99.87   96.86   96.98   96.87
    18: A0A0V0YL19   92.76   92.25   93.22   92.46   93.21   93.46   93.08   93.34   93.46   93.70   93.70   93.70   93.46   93.58   93.58   93.33   99.88  100.00  100.00   99.74   96.98   97.10   96.99
    19: A0A0V1FRA8   93.63   92.63   93.74   92.87   93.75   94.05   93.60   93.88   94.03   94.31   94.17   94.17   93.90   94.05   94.03   93.75   99.86  100.00  100.00   99.72   97.30   97.45   97.33
    20: A0A0V1JCJ5   93.04   92.61   93.14   92.84   93.66   93.93   93.52   93.78   93.92   94.18   94.05   92.94   92.65   92.78   93.92   93.66   99.87   99.74   99.72  100.00   96.97   97.23   97.12
    21: A0A0V1N2K0   93.36   93.14   94.07   93.22   94.21   94.47   94.09   94.31   94.43   94.67   94.67   94.67   94.47   94.59   94.55   94.34   96.86   96.98   97.30   96.97  100.00   99.15   99.12
    22: A0A0V1HQL6   93.62   93.17   94.32   93.49   94.47   94.72   94.35   94.56   94.68   94.92   94.92   94.92   94.72   94.85   94.80   94.60   96.98   97.10   97.45   97.23   99.15  100.00  100.00
    23: A0A0V1HPM2   93.38   93.90   94.22   93.97   94.47   94.72   94.35   94.35   94.47   94.72   94.72   94.72   94.72   94.85   94.60   94.60   96.87   96.99   97.33   97.12   99.12  100.00  100.00
