#
#
#  Percent Identity  Matrix - created by Clustal2.1 
#
#

     1: A0A0M8N199_84.3_93.8_92.8_40.8_88.1_23.3  100.00   56.14   55.20   55.56   55.64   56.35   53.20   51.76
     2: A0A0U5GIV0_92.6_96.2_93.8_48.4_90.1_22.1   56.14  100.00   72.88   72.28   70.22   71.12   54.81   50.54
     3: C8VC65_82.7_93.8_93.2_41.7_89.4_26.9       55.20   72.88  100.00   79.75   79.93   80.78   53.33   50.62
     4: A0A017S3G7_89.9_92.1_92.0_37.4_88.2_24.1   55.56   72.28   79.75  100.00   81.88   83.45   54.63   50.27
     5: A0A1L9PL48_89.6_93.4_91.9_40.5_88.3_26.2   55.64   70.22   79.93   81.88  100.00   93.97   53.23   50.71
     6: A0A1L9TFJ8_90.8_93.8_92.1_34.8_88.3_23.6   56.35   71.12   80.78   83.45   93.97  100.00   52.87   50.27
     7: W3XLS0_84.2_95.5_94.4_46.1_89.7_23.6       53.20   54.81   53.33   54.63   53.23   52.87  100.00   57.07
     8: A0A136J495_91.8_97.1_92.8_29.1_83.5_22.8   51.76   50.54   50.62   50.27   50.71   50.27   57.07  100.00
