(
A0A6F8XRN7:0.24531,
A0A1H2L382:0.08232,
A0A2W2BWM7:0.05787);
