#
#
#  Percent Identity  Matrix - created by Clustal2.1 
#
#

     1: A0A146KWP1  100.00  100.00   99.62   99.70   99.57   53.15   60.11   60.11   58.57   55.22   57.34
     2: A0A146LM72  100.00  100.00   98.98   98.65   98.24   53.49   54.71   55.56   53.95   52.76   54.11
     3: A0A0A9XNJ6   99.62   98.98  100.00  100.00  100.00   53.49   55.01   55.86   53.80   52.76   54.11
     4: A0A0A9XW63   99.70   98.65  100.00  100.00  100.00   56.08   58.05   58.05   56.91   54.21   54.69
     5: A0A0K8T5J4   99.57   98.24  100.00  100.00  100.00   58.00   59.76   59.76   56.79   54.91   55.82
     6: T1I8L4       53.15   53.49   53.49   56.08   58.00  100.00   56.45   56.45   56.40   60.33   59.80
     7: A0A8I6TDB7   60.11   54.71   55.01   58.05   59.76   56.45  100.00   97.75   58.45   58.95   59.62
     8: A0A8I6TFA9   60.11   55.56   55.86   58.05   59.76   56.45   97.75  100.00   59.35   58.95   59.62
     9: A0A8I6S9N4   58.57   53.95   53.80   56.91   56.79   56.40   58.45   59.35  100.00   58.80   61.13
    10: T1IDL3       55.22   52.76   52.76   54.21   54.91   60.33   58.95   58.95   58.80  100.00   80.74
    11: A0A224XLG1   57.34   54.11   54.11   54.69   55.82   59.80   59.62   59.62   61.13   80.74  100.00
