(
A0A7S0PJI2_-1___-1___-1___-1___85.4_37.1:0.00311,
A0A5A8E413_97.7_98.5_90.6_51.7_86.9_41.2:0.00274,
A0A5A8CG43_94.4_96.8_87.8_51.7_83.3_30.5:-0.00018);
