#
#
#  Percent Identity  Matrix - created by Clustal2.1 
#
#

     1: A0A1B6M0J5  100.00   97.99  100.00   81.54   84.68   84.34
     2: A0A1B6MT97   97.99  100.00  100.00   80.65   83.73   83.90
     3: A0A1B6LDD8  100.00  100.00  100.00   80.99   86.47   86.47
     4: A0A1B6GH63   81.54   80.65   80.99  100.00   91.25   90.40
     5: A0A1B6H765   84.68   83.73   86.47   91.25  100.00   99.16
     6: A0A1B6J0Z6   84.34   83.90   86.47   90.40   99.16  100.00
