(
B3S2R8:0.00000,
A0A369S504:0.00000,
A0A369RVP0:0.00000);
