#
#
#  Percent Identity  Matrix - created by Clustal2.1 
#
#

     1: A0A0C3BMW8_92.0_96.3_94.8_41.7_91.2_24.8  100.00   48.57   47.67   46.27   48.42   45.67   45.67   47.52   48.83   48.31   51.20   50.86   45.44   48.51   49.81   49.81   50.09   48.89   47.05   50.18   48.25   49.91
     2: D8QEK3_94.1_97.1_94.3_45.0_93.5_31.2       48.57  100.00   51.70   54.97   53.88   52.44   52.44   53.35   51.53   50.68   50.10   50.89   50.47   52.56   51.52   52.47   53.98   51.32   52.45   54.27   55.60   55.41
     3: A0A0D7B4D6_93.5_96.7_94.8_55.8_94.7_55.8   47.67   51.70  100.00   60.30   57.03   55.22   55.22   52.58   55.15   49.22   51.06   54.76   51.05   52.66   53.63   53.05   53.99   51.04   55.05   57.36   55.94   55.75
     4: A0A0D7B8T4_90.9_95.8_94.1_50.7_87.7_23.4   46.27   54.97   60.30  100.00   56.74   54.29   54.29   52.08   56.21   52.35   52.29   53.80   52.57   56.66   55.06   53.56   54.26   53.70   58.16   56.54   55.71   55.81
     5: A0A0D0B9P4_90.7_95.8_94.0_49.6_89.3_30.0   48.42   53.88   57.03   56.74  100.00   72.33   72.40   53.47   58.78   52.26   50.00   54.40   53.03   55.44   53.71   53.26   52.73   50.79   56.50   54.05   53.25   52.46
     6: A0A1Q3EC64_-1___-1___-1___-1___87.3_25.1   45.67   52.44   55.22   54.29   72.33  100.00  100.00   51.78   55.89   51.47   48.87   50.53   50.27   52.52   51.48   51.92   52.89   49.57   55.70   52.86   53.03   52.43
     7: A0A1Q3EC99_-1___-1___-1___-1___88.2_24.9   45.67   52.44   55.22   54.29   72.40  100.00  100.00   51.78   55.89   51.47   48.87   50.53   50.27   52.52   51.48   51.92   52.89   49.57   55.70   52.86   53.03   52.43
     8: A0A0D7AFS4_-1___-1___-1___-1___91.2_24.2   47.52   53.35   52.58   52.08   53.47   51.78   51.78  100.00   53.15   50.49   47.26   51.84   50.47   51.58   51.12   51.69   50.56   48.13   51.53   54.32   52.17   51.98
     9: A0A0D0AMV4_90.1_95.6_91.7_38.7_91.6_38.7   48.83   51.53   55.15   56.21   58.78   55.89   55.89   53.15  100.00   52.64   51.93   56.26   51.43   58.17   55.15   56.30   53.89   52.85   53.63   57.77   54.51   54.13
    10: A0A067P7B4_-1___-1___-1___-1___93.3_35.8   48.31   50.68   49.22   52.35   52.26   51.47   51.47   50.49   52.64  100.00   52.08   53.88   49.41   53.41   51.86   51.47   53.61   49.61   53.42   55.31   54.72   54.92
    11: A0A166D3U7_92.9_95.2_94.3_47.2_87.5_25.3   51.20   50.10   51.06   52.29   50.00   48.87   48.87   47.26   51.93   52.08  100.00   54.88   49.00   53.16   54.05   54.93   56.54   55.18   56.71   56.67   55.75   55.15
    12: A0A286UJW0_91.2_93.7_93.7_48.0_81.5_21.2   50.86   50.89   54.76   53.80   54.40   50.53   50.53   51.84   56.26   53.88   54.88  100.00   52.05   54.35   52.56   52.57   53.91   52.84   56.73   59.22   58.73   58.48
    13: A0A0H2RI08_87.6_92.7_93.9_54.9_89.9_18.6   45.44   50.47   51.05   52.57   53.03   50.27   50.27   50.47   51.43   49.41   49.00   52.05  100.00   53.83   52.36   54.00   54.30   51.09   54.95   54.36   56.65   54.68
    14: A0A0D2L8S6_87.8_94.4_94.2_46.5_88.2_28.4   48.51   52.56   52.66   56.66   55.44   52.52   52.52   51.58   58.17   53.41   53.16   54.35   53.83  100.00   54.77   55.73   55.73   53.99   57.63   57.79   57.42   58.04
    15: S8DM60_93.1_95.8_95.6_62.4_88.7_26.9       49.81   51.52   53.63   55.06   53.71   51.48   51.48   51.12   55.15   51.86   54.05   52.56   52.36   54.77  100.00   78.63   58.20   55.59   58.14   62.39   58.59   57.90
    16: A0A165MFN9_91.3_95.3_95.5_60.7_89.9_31.9   49.81   52.47   53.05   53.56   53.26   51.92   51.92   51.69   56.30   51.47   54.93   52.57   54.00   55.73   78.63  100.00   59.38   57.96   60.61   62.20   59.28   59.90
    17: A0A2R6NP45_89.6_95.5_94.7_46.8_87.7_23.6   50.09   53.98   53.99   54.26   52.73   52.89   52.89   50.56   53.89   53.61   56.54   53.91   54.30   55.73   58.20   59.38  100.00   65.53   61.70   61.28   60.10   60.38
    18: K5VT85_93.0_95.9_94.8_48.5_89.9_29.2       48.89   51.32   51.04   53.70   50.79   49.57   49.57   48.13   52.85   49.61   55.18   52.84   51.09   53.99   55.59   57.96   65.53  100.00   58.54   60.55   60.65   59.90
    19: A0A166PYI6_90.1_95.1_95.0_54.3_93.7_22.6   47.05   52.45   55.05   58.16   56.50   55.70   55.70   51.53   53.63   53.42   56.71   56.73   54.95   57.63   58.14   60.61   61.70   58.54  100.00   62.80   63.53   63.16
    20: A0A5C2TP74_94.2_97.1_94.8_42.5_89.1_29.7   50.18   54.27   57.36   56.54   54.05   52.86   52.86   54.32   57.77   55.31   56.67   59.22   54.36   57.79   62.39   62.20   61.28   60.55   62.80  100.00   64.21   65.35
    21: A0A165UA79_91.8_95.9_95.1_41.8_87.4_24.8   48.25   55.60   55.94   55.71   53.25   53.03   53.03   52.17   54.51   54.72   55.75   58.73   56.65   57.42   58.59   59.28   60.10   60.65   63.53   64.21  100.00   85.33
    22: A0A5C3N3F9_92.7_96.4_95.2_51.4_87.7_23.8   49.91   55.41   55.75   55.81   52.46   52.43   52.43   51.98   54.13   54.92   55.15   58.48   54.68   58.04   57.90   59.90   60.38   59.90   63.16   65.35   85.33  100.00
