#
#
#  Percent Identity  Matrix - created by Clustal2.1 
#
#

     1: A0A074XAK8  100.00   75.71   80.04   74.95   75.33   75.51   75.89   75.89   75.89   75.47   75.70   76.07   75.51   75.70   76.45   74.95   74.95   74.95   74.95   74.77   75.14   74.95   75.15   75.33   75.33   75.51   75.89   75.89   76.07   75.47   75.33   76.34   75.70   76.07   75.33   76.07   76.26   75.70   75.89   76.07   75.89   76.53
     2: A0A074YNR2   75.71  100.00   78.53   80.75   80.26   80.82   80.82   80.38   80.19   80.60   80.57   80.82   81.38   80.82   82.10   80.63   80.63   80.63   80.63   80.45   80.38   80.19   80.78   80.26   81.19   80.26   80.63   80.63   80.94   81.02   80.45   81.12   80.75   81.19   80.63   81.56   80.94   80.82   81.01   81.56   81.19   81.47
     3: A0A074VMM3   80.04   78.53  100.00   79.25   78.88   79.07   79.44   79.81   79.63   79.40   79.25   79.44   79.81   79.63   80.37   78.88   78.88   79.07   79.07   78.88   79.25   79.07   80.39   79.25   79.25   79.25   79.63   79.63   79.81   79.81   79.63   80.34   80.00   80.00   79.63   80.00   80.19   80.00   80.19   80.37   80.37   82.05
     4: A0A4V6TEQ9   74.95   80.75   79.25  100.00   94.96   95.34   95.71   96.27   95.90   94.95   95.52   94.96   95.52   95.34   95.67   94.96   94.96   94.96   94.96   94.78   95.52   95.34   95.93   95.34   95.15   94.96   95.34   95.34   96.08   95.67   95.34   96.76   96.46   95.15   95.52   95.52   96.27   95.34   95.52   96.08   95.90   96.46
     5: A0A4T0AJM8   75.33   80.26   78.88   94.96  100.00   98.07   98.42   97.95   97.57   96.81   96.46   97.36   96.66   97.36   97.68   97.00   96.84   97.88   97.54   97.70   97.20   97.01   97.67   95.16   97.89   97.36   97.72   97.88   97.01   97.34   97.36   97.52   96.83   97.54   97.19   97.89   97.20   97.54   97.72   98.24   97.54   98.03
     6: A0A4S9SPN6   75.51   80.82   79.07   95.34   98.07  100.00   99.65   98.69   99.07   97.17   96.83   97.54   97.19   97.89   98.26   97.00   97.01   97.88   97.72   97.70   97.20   97.01   97.87   94.98   98.07   97.89   98.24   98.23   97.39   97.87   97.89   97.71   97.20   98.07   97.72   98.42   97.57   97.72   97.89   98.42   98.07   98.03
     7: A0A4S9C9W5   75.89   80.82   79.44   95.71   98.42   99.65  100.00   99.07   99.07   97.52   97.20   97.89   97.54   98.24   98.65   97.35   97.36   98.23   98.07   98.06   97.57   97.39   98.26   95.34   98.07   98.24   98.59   98.59   97.76   98.23   98.24   98.10   97.57   98.42   98.07   98.77   97.95   98.07   98.24   98.77   98.42   98.43
     8: A0A4S8UTH2   75.89   80.38   79.81   96.27   97.95   98.69   99.07  100.00   99.25   96.82   97.76   96.83   97.20   97.20   97.53   96.83   96.83   97.20   97.20   97.01   97.76   97.57   97.87   97.57   97.20   97.57   97.95   97.95   97.95   97.93   97.57   98.86   98.13   97.39   97.39   97.76   98.51   97.57   97.76   98.32   97.95   98.43
     9: A0A4S9KQ35   75.89   80.19   79.63   95.90   97.57   99.07   99.07   99.25  100.00   96.82   97.39   96.83   96.83   97.20   97.53   96.46   96.46   97.20   97.20   97.01   97.76   97.57   97.87   97.20   97.20   97.20   97.57   97.57   97.95   97.55   97.20   98.29   97.76   97.39   97.01   97.76   98.13   97.20   97.39   97.95   97.57   98.03
    10: A0A4S9EFG6   75.47   80.60   79.40   94.95   96.81   97.17   97.52   96.82   96.82  100.00   96.26   96.81   97.17   97.88   97.86   96.64   96.64   97.17   97.17   96.99   96.82   96.64   97.48   94.78   97.17   96.81   97.17   97.17   97.38   97.86   97.88   97.71   97.20   97.70   97.70   97.70   97.57   97.52   97.70   98.23   97.70   98.03
    11: A0A4S8U5N1   75.70   80.57   79.25   95.52   96.46   96.83   97.20   97.76   97.39   96.26  100.00   95.90   97.57   96.64   97.32   96.27   96.27   96.83   96.83   96.64   97.39   97.20   97.48   96.64   97.01   96.83   97.20   97.20   97.57   97.36   97.39   98.10   97.57   96.83   97.20   97.20   97.95   97.01   97.20   97.76   97.39   97.83
    12: A0A4S9QA34   76.07   80.82   79.44   94.96   97.36   97.54   97.89   96.83   96.83   96.81   95.90  100.00   96.84   97.89   97.68   97.70   97.72   97.17   97.01   97.00   96.46   96.27   97.29   94.27   97.01   97.54   97.89   97.88   96.64   97.52   97.19   97.33   96.46   97.72   97.36   98.07   97.20   97.36   97.54   98.07   97.72   97.64
    13: A0A4S9AVV1   75.51   81.38   79.81   95.52   96.66   97.19   97.54   97.20   96.83   97.17   97.57   96.84  100.00   97.19   97.49   97.00   97.01   97.35   97.19   97.17   97.01   96.83   97.87   94.27   97.36   96.84   97.19   97.17   97.01   97.87   97.54   97.71   97.20   97.36   97.36   97.72   97.57   97.36   97.54   98.07   97.72   98.03
    14: A0A4S8S5I3   75.70   80.82   79.63   95.34   97.36   97.89   98.24   97.20   97.20   97.88   96.64   97.89   97.19  100.00   98.84   97.70   97.72   97.88   97.72   97.70   97.20   97.01   97.87   95.34   97.72   97.54   97.89   97.88   97.76   98.23   97.89   98.10   97.57   98.42   98.42   98.42   97.95   98.07   98.24   98.77   98.42   98.43
    15: A0A4S9AD72   76.45   82.10   80.37   95.67   97.68   98.26   98.65   97.53   97.53   97.86   97.32   97.68   97.49   98.84  100.00   97.28   97.30   98.25   98.07   98.06   97.53   97.32   98.28   95.46   98.07   97.68   98.07   98.06   98.35   98.25   98.65   98.10   98.56   98.46   98.84   98.46   98.35   98.26   98.26   98.84   98.46   98.47
    16: A0A4T0BD04   74.95   80.63   78.88   94.96   97.00   97.00   97.35   96.83   96.46   96.64   96.27   97.70   97.00   97.70   97.28  100.00  100.00   97.00   97.00   96.82   96.46   96.27   97.29   94.25   97.00   97.00   97.35   97.35   96.64   97.68   97.35   97.71   96.83   97.53   97.53   97.53   97.57   97.70   97.88   98.41   98.23   98.23
    17: A0A4S9HN28   74.95   80.63   78.88   94.96   96.84   97.01   97.36   96.83   96.46   96.64   96.27   97.72   97.01   97.72   97.30  100.00  100.00   97.00   96.84   96.82   96.46   96.27   97.29   94.09   96.84   97.01   97.36   97.35   96.64   97.70   97.36   97.71   96.83   97.54   97.54   97.54   97.57   97.54   97.72   98.24   98.24   98.23
    18: A0A4S9R6F2   74.95   80.63   79.07   94.96   97.88   97.88   98.23   97.20   97.20   97.17   96.83   97.17   97.35   97.88   98.25   97.00   97.00  100.00  100.00   99.82   99.44   99.25   99.81   95.15   98.23   97.17   97.53   97.53   97.39   97.86   97.88   97.71   97.20   98.06   97.70   98.23   97.57   97.88   98.06   98.59   98.06   98.43
    19: A0A4S9ADQ1   74.95   80.63   79.07   94.96   97.54   97.72   98.07   97.20   97.20   97.17   96.83   97.01   97.19   97.72   98.07   97.00   96.84  100.00  100.00   99.82   99.44   99.25   99.81   94.98   97.89   97.01   97.36   97.53   97.39   97.70   97.72   97.71   97.20   97.89   97.54   98.07   97.57   97.54   97.72   98.24   97.89   98.43
    20: A0A4S9W4I3   74.77   80.45   78.88   94.78   97.70   97.70   98.06   97.01   97.01   96.99   96.64   97.00   97.17   97.70   98.06   96.82   96.82   99.82   99.82  100.00   99.25   99.07   99.61   94.97   98.06   97.00   97.35   97.35   97.20   97.68   97.70   97.52   97.01   97.88   97.53   98.06   97.39   97.70   97.88   98.41   97.88   98.23
    21: A0A4S8SB74   75.14   80.38   79.25   95.52   97.20   97.20   97.57   97.76   97.76   96.82   97.39   96.46   97.01   97.20   97.53   96.46   96.46   99.44   99.44   99.25  100.00   99.81   99.81   97.20   97.57   96.46   96.83   96.83   97.95   97.55   97.20   98.29   97.76   97.39   97.01   97.57   98.13   97.20   97.39   97.95   97.57   98.43
    22: A0A4S9LPX3   74.95   80.19   79.07   95.34   97.01   97.01   97.39   97.57   97.57   96.64   97.20   96.27   96.83   97.01   97.32   96.27   96.27   99.25   99.25   99.07   99.81  100.00   99.81   97.01   97.39   96.27   96.64   96.64   97.76   97.36   97.01   98.10   97.57   97.20   96.83   97.39   97.95   97.01   97.20   97.76   97.39   98.43
    23: A0A4S9BAW4   75.15   80.78   80.39   95.93   97.67   97.87   98.26   97.87   97.87   97.48   97.48   97.29   97.87   97.87   98.28   97.29   97.29   99.81   99.81   99.61   99.81   99.81  100.00   97.87   98.06   97.09   97.48   97.48   98.06   98.04   97.87   98.42   97.87   98.06   97.67   98.26   98.26   97.87   98.06   98.64   98.26   98.23
    24: A0A074YT37   75.33   80.26   79.25   95.34   95.16   94.98   95.34   97.57   97.20   94.78   96.64   94.27   94.27   95.34   95.46   94.25   94.09   95.15   94.98   94.97   97.20   97.01   97.87  100.00   95.16   94.27   94.62   94.79   97.76   94.94   94.98   97.90   97.57   95.16   95.16   95.16   97.57   95.16   95.34   95.88   95.16   98.43
    25: A0A4S9Z185   75.33   81.19   79.25   95.15   97.89   98.07   98.07   97.20   97.20   97.17   97.01   97.01   97.36   97.72   98.07   97.00   96.84   98.23   97.89   98.06   97.57   97.39   98.06   95.16  100.00   97.01   97.36   97.53   97.57   97.70   97.72   97.71   97.39   97.89   97.54   97.89   97.57   97.89   98.07   98.59   97.89   98.23
    26: A0A4S9HYQ8   75.51   80.26   79.25   94.96   97.36   97.89   98.24   97.57   97.20   96.81   96.83   97.54   96.84   97.54   97.68   97.00   97.01   97.17   97.01   97.00   96.46   96.27   97.09   94.27   97.01  100.00   99.65   99.65   96.64   97.87   97.54   97.71   96.83   97.72   97.89   98.07   97.57   97.72   97.89   98.42   98.24   98.23
    27: A0A4S9G4J6   75.89   80.63   79.63   95.34   97.72   98.24   98.59   97.95   97.57   97.17   97.20   97.89   97.19   97.89   98.07   97.35   97.36   97.53   97.36   97.35   96.83   96.64   97.48   94.62   97.36   99.65  100.00  100.00   97.01   98.23   97.89   98.10   97.20   98.07   98.07   98.42   97.95   98.07   98.24   98.77   98.59   98.62
    28: A0A4T0AGM0   75.89   80.63   79.63   95.34   97.88   98.23   98.59   97.95   97.57   97.17   97.20   97.88   97.17   97.88   98.06   97.35   97.35   97.53   97.53   97.35   96.83   96.64   97.48   94.79   97.53   99.65  100.00  100.00   97.01   98.22   97.88   98.10   97.20   98.06   98.06   98.41   97.95   98.23   98.41   98.94   98.59   98.62
    29: A0A4V4KHI3   76.07   80.94   79.81   96.08   97.01   97.39   97.76   97.95   97.95   97.38   97.57   96.64   97.01   97.76   98.35   96.64   96.64   97.39   97.39   97.20   97.95   97.76   98.06   97.76   97.57   96.64   97.01   97.01  100.00   97.74   97.57   98.67   98.69   97.95   97.76   97.95   98.32   97.39   97.57   98.13   97.76   98.23
    30: A0A4S9F8Y1   75.47   81.02   79.81   95.67   97.34   97.87   98.23   97.93   97.55   97.86   97.36   97.52   97.87   98.23   98.25   97.68   97.70   97.86   97.70   97.68   97.55   97.36   98.04   94.94   97.70   97.87   98.23   98.22   97.74  100.00   98.23   98.85   97.93   98.40   98.40   98.40   98.68   98.40   98.58   99.11   98.76   99.01
    31: A0A4S9IVS4   75.33   80.45   79.63   95.34   97.36   97.89   98.24   97.57   97.20   97.88   97.39   97.19   97.54   97.89   98.65   97.35   97.36   97.88   97.72   97.70   97.20   97.01   97.87   94.98   97.72   97.54   97.89   97.88   97.57   98.23  100.00   98.10   97.57   98.07   98.42   98.07   97.95   98.07   98.24   98.77   98.42   98.43
    32: A0A4S9MT30   76.34   81.12   80.34   96.76   97.52   97.71   98.10   98.86   98.29   97.71   98.10   97.33   97.71   98.10   98.10   97.71   97.71   97.71   97.71   97.52   98.29   98.10   98.42   97.90   97.71   97.71   98.10   98.10   98.67   98.85   98.10  100.00   98.67   98.48   98.29   98.29   99.43   98.48   98.67   99.24   98.86   99.40
    33: A0A4S8Z1H9   75.70   80.75   80.00   96.46   96.83   97.20   97.57   98.13   97.76   97.20   97.57   96.46   97.20   97.57   98.56   96.83   96.83   97.20   97.20   97.01   97.76   97.57   97.87   97.57   97.39   96.83   97.20   97.20   98.69   97.93   97.57   98.67  100.00   97.39   97.76   97.39   98.88   97.57   97.76   98.32   98.32   98.62
    34: A0A4T0BKW9   76.07   81.19   80.00   95.15   97.54   98.07   98.42   97.39   97.39   97.70   96.83   97.72   97.36   98.42   98.46   97.53   97.54   98.06   97.89   97.88   97.39   97.20   98.06   95.16   97.89   97.72   98.07   98.06   97.95   98.40   98.07   98.48   97.39  100.00   98.24   98.59   98.13   98.24   98.42   98.95   98.59   98.62
    35: A0A4S9XRY8   75.33   80.63   79.63   95.52   97.19   97.72   98.07   97.39   97.01   97.70   97.20   97.36   97.36   98.42   98.84   97.53   97.54   97.70   97.54   97.53   97.01   96.83   97.67   95.16   97.54   97.89   98.07   98.06   97.76   98.40   98.42   98.29   97.76   98.24  100.00   98.24   98.13   98.24   98.42   98.95   98.59   98.62
    36: A0A4S8VMW6   76.07   81.56   80.00   95.52   97.89   98.42   98.77   97.76   97.76   97.70   97.20   98.07   97.72   98.42   98.46   97.53   97.54   98.23   98.07   98.06   97.57   97.39   98.26   95.16   97.89   98.07   98.42   98.41   97.95   98.40   98.07   98.29   97.39   98.59   98.24  100.00   98.13   98.24   98.42   98.95   98.59   98.62
    37: A0A4S9VYX0   76.26   80.94   80.19   96.27   97.20   97.57   97.95   98.51   98.13   97.57   97.95   97.20   97.57   97.95   98.35   97.57   97.57   97.57   97.57   97.39   98.13   97.95   98.26   97.57   97.57   97.57   97.95   97.95   98.32   98.68   97.95   99.43   98.88   98.13   98.13   98.13  100.00   98.32   98.51   99.07   98.69   99.21
    38: A0A4V4KIL9   75.70   80.82   80.00   95.34   97.54   97.72   98.07   97.57   97.20   97.52   97.01   97.36   97.36   98.07   98.26   97.70   97.54   97.88   97.54   97.70   97.20   97.01   97.87   95.16   97.89   97.72   98.07   98.23   97.39   98.40   98.07   98.48   97.57   98.24   98.24   98.24   98.32  100.00   99.82   99.30   98.59   99.02
    39: A0A4T0DDF9   75.89   81.01   80.19   95.52   97.72   97.89   98.24   97.76   97.39   97.70   97.20   97.54   97.54   98.24   98.26   97.88   97.72   98.06   97.72   97.88   97.39   97.20   98.06   95.34   98.07   97.89   98.24   98.41   97.57   98.58   98.24   98.67   97.76   98.42   98.42   98.42   98.51   99.82  100.00   99.47   98.77   99.21
    40: A0A4S8XE87   76.07   81.56   80.37   96.08   98.24   98.42   98.77   98.32   97.95   98.23   97.76   98.07   98.07   98.77   98.84   98.41   98.24   98.59   98.24   98.41   97.95   97.76   98.64   95.88   98.59   98.42   98.77   98.94   98.13   99.11   98.77   99.24   98.32   98.95   98.95   98.95   99.07   99.30   99.47  100.00   99.30   99.61
    41: A0A4S8XUU9   75.89   81.19   80.37   95.90   97.54   98.07   98.42   97.95   97.57   97.70   97.39   97.72   97.72   98.42   98.46   98.23   98.24   98.06   97.89   97.88   97.57   97.39   98.26   95.16   97.89   98.24   98.59   98.59   97.76   98.76   98.42   98.86   98.32   98.59   98.59   98.59   98.69   98.59   98.77   99.30  100.00   99.80
    42: A0A4T0DGT1   76.53   81.47   82.05   96.46   98.03   98.03   98.43   98.43   98.03   98.03   97.83   97.64   98.03   98.43   98.47   98.23   98.23   98.43   98.43   98.23   98.43   98.43   98.23   98.43   98.23   98.23   98.62   98.62   98.23   99.01   98.43   99.40   98.62   98.62   98.62   98.62   99.21   99.02   99.21   99.61   99.80  100.00
