#
#
#  Percent Identity  Matrix - created by Clustal2.1 
#
#

     1: A0A1Y2F3P1_93.0_96.6_96.1_82.6_89.4_27.7  100.00   52.30   53.21   53.21   56.95   65.14   57.63   62.37   61.40   61.22   61.15   61.15
     2: A0A511KPR0_-1_-1_-1_-1_86.4_25.2           52.30  100.00   88.27   88.27   89.83   54.89   55.58   56.09   61.40   62.20   60.92   60.92
     3: M7WHW6_95.8_97.1_96.2_81.6_89.3_25.0       53.21   88.27  100.00  100.00   96.04   57.38   57.22   58.26   62.57   62.75   61.43   61.43
     4: A0A061B8E1_90.6_95.0_95.6_78.2_88.3_24.7   53.21   88.27  100.00  100.00   96.04   57.38   57.22   58.26   62.57   62.75   61.43   61.43
     5: A0A2T0ACV2_-1_-1_-1_-1_95.7_52.3           56.95   89.83   96.04   96.04  100.00   61.14   61.45   62.33   65.20   66.30   65.20   65.20
     6: A0A0D6ERC7_88.0_92.2_90.4_33.4_79.5_21.6   65.14   54.89   57.38   57.38   61.14  100.00   60.55   68.65   67.03   66.55   67.33   67.33
     7: A0A5C5FQ95_88.1_95.3_95.7_80.0_88.3_26.1   57.63   55.58   57.22   57.22   61.45   60.55  100.00   66.25   59.12   58.58   58.33   58.33
     8: A0A5C5FRV1_93.4_96.5_95.9_79.8_88.3_27.5   62.37   56.09   58.26   58.26   62.33   68.65   66.25  100.00   69.60   70.65   70.25   70.25
     9: A0A511KPQ1_94.4_97.1_96.1_68.8_87.4_23.9   61.40   61.40   62.57   62.57   65.20   67.03   59.12   69.60  100.00   90.94   91.71   91.71
    10: A0A2T0ACV4_94.4_97.1_95.9_75.4_86.2_26.9   61.22   62.20   62.75   62.75   66.30   66.55   58.58   70.65   90.94  100.00   95.41   95.41
    11: M7WPU1_92.9_96.6_96.0_78.2_88.0_25.6       61.15   60.92   61.43   61.43   65.20   67.33   58.33   70.25   91.71   95.41  100.00  100.00
    12: A0A061BF77_93.2_96.2_95.7_68.0_87.8_25.1   61.15   60.92   61.43   61.43   65.20   67.33   58.33   70.25   91.71   95.41  100.00  100.00
