(
A0A7Y6BTJ9:0.25418,
A0A162DG00:0.20264,
A0A1R0X103:0.16295);
