#
#
#  Percent Identity  Matrix - created by Clustal2.1 
#
#

     1: A0A8H4KSY0_-1_-1_-1_-1_-1_-1              100.00   87.64   87.32   86.21   86.03   86.21   86.21   86.40   86.40   86.21   86.76   86.40   87.32   86.00   86.00   86.56   86.56   86.56   87.48   87.48   87.48   83.03   83.52   83.85   83.88
     2: A0A8H5X139_-1_-1_-1_-1_-1_-1               87.64  100.00   87.45   86.16   86.90   87.45   87.08   87.27   87.27   86.90   86.72   87.08   87.45   85.95   88.17   87.43   87.43   87.43   87.43   87.99   87.99   83.89   84.53   85.24   84.71
     3: A0A8H4TBL3_-1_-1_-1_-1_-1_-1               87.32   87.45  100.00   95.23   96.15   96.33   96.33   96.51   96.51   95.23   95.78   95.78   96.51   94.85   95.59   94.49   95.96   96.51   96.51   96.69   96.32   85.61   84.40   85.66   85.50
     4: A0A2K0UV84_91.1_95.6_94.1_39.5_90.2_24.0   86.21   86.16   95.23  100.00   95.78   95.60   95.60   95.96   95.78   96.70   96.51   96.51   97.25   95.22   95.77   95.77   97.24   97.24   97.06   95.96   95.96   86.35   84.59   85.48   85.32
     5: W9QA04_94.8_96.8_93.7_35.9_89.8_22.5       86.03   86.90   96.15   95.78  100.00   99.08   99.08   99.27   99.27   95.60   96.15   96.33   97.43   95.22   96.14   95.04   96.51   97.06   96.32   96.32   96.51   86.53   84.59   85.85   86.06
     6: A0A559LCV4_89.8_94.2_92.9_32.2_89.9_22.3   86.21   87.45   96.33   95.60   99.08  100.00   99.27   99.45   99.45   95.78   96.33   96.51   97.25   95.04   96.69   95.22   96.69   96.88   96.51   96.51   96.69   86.53   84.77   86.21   86.06
     7: A0A5C6TJ81_89.4_94.8_93.2_31.4_90.1_22.4   86.21   87.08   96.33   95.60   99.08   99.27  100.00   99.45   99.45   95.78   96.33   96.51   97.25   95.04   96.32   95.22   96.69   96.88   96.51   96.51   96.69   86.35   84.40   85.66   85.87
     8: N4TVK5_94.3_96.5_93.3_27.4_89.5_24.4       86.40   87.27   96.51   95.96   99.27   99.45   99.45  100.00   99.63   95.96   96.51   96.70   97.43   95.22   96.51   95.59   97.06   97.24   96.69   96.69   96.88   86.53   84.59   85.85   86.06
     9: W9ZVU3_94.2_96.1_91.3_26.3_89.9_23.0       86.40   87.27   96.51   95.78   99.27   99.45   99.45   99.63  100.00   95.96   96.51   96.70   97.43   95.22   96.51   95.40   96.88   97.06   96.69   96.69   96.88   86.53   84.59   85.85   86.06
    10: A0A8H5Y3Q6_-1_-1_-1_-1_-1_-1               86.21   86.90   95.23   96.70   95.60   95.78   95.78   95.96   95.96  100.00   96.33   96.51   97.43   95.22   95.96   95.59   97.06   97.24   97.24   96.14   96.14   86.16   84.77   85.66   85.50
    11: A0A8H5DNJ7_-1_-1_-1_-1_-1_-1               86.76   86.72   95.78   96.51   96.15   96.33   96.33   96.51   96.51   96.33  100.00   98.17   97.80   95.04   97.06   96.14   96.88   96.88   97.61   96.69   96.69   86.35   84.59   85.48   85.32
    12: A0A8H5JNP8_-1_-1_-1_-1_-1_-1               86.40   87.08   95.78   96.51   96.33   96.51   96.51   96.70   96.70   96.51   98.17  100.00   97.80   95.04   97.43   95.40   96.88   96.88   97.61   96.69   96.69   86.35   85.32   86.03   85.69
    13: A0A8H4JCE8_-1_-1_-1_-1_-1_-1               87.32   87.45   96.51   97.25   97.43   97.25   97.25   97.43   97.43   97.43   97.80   97.80  100.00   95.77   97.06   95.96   97.43   97.61   97.98   97.24   97.61   86.53   85.14   85.66   85.50
    14: A0A8H5QYZ1_-1_-1_-1_-1_-1_-1               86.00   85.95   94.85   95.22   95.22   95.04   95.04   95.22   95.22   95.22   95.04   95.04   95.77  100.00   95.59   94.85   96.32   96.51   95.77   95.40   95.77   86.69   84.93   85.82   85.29
    15: A0A8H5V7K3_-1_-1_-1_-1_-1_-1               86.00   88.17   95.59   95.77   96.14   96.69   96.32   96.51   96.51   95.96   97.06   97.43   97.06   95.59  100.00   96.14   97.61   97.24   96.88   97.06   97.24   86.32   84.74   85.82   85.29
    16: A0A8H5VDD2_-1_-1_-1_-1_-1_-1               86.56   87.43   94.49   95.77   95.04   95.22   95.22   95.59   95.40   95.59   96.14   95.40   95.96   94.85   96.14  100.00   97.98   97.61   96.69   96.51   96.51   86.69   84.74   85.64   85.48
    17: A0A8H5JX07_-1_-1_-1_-1_-1_-1               86.56   87.43   95.96   97.24   96.51   96.69   96.69   97.06   96.88   97.06   96.88   96.88   97.43   96.32   97.61   97.98  100.00   99.08   97.98   97.79   97.79   86.88   85.11   86.00   85.85
    18: A0A366Q7J0_94.5_96.7_93.7_33.5_90.0_23.1   86.56   87.43   96.51   97.24   97.06   96.88   96.88   97.24   97.06   97.24   96.88   96.88   97.61   96.51   97.24   97.61   99.08  100.00   97.98   97.79   97.79   86.69   85.11   86.00   85.85
    19: A0A8H5JSN2_-1_-1_-1_-1_-1_-1               87.48   87.43   96.51   97.06   96.32   96.51   96.51   96.69   96.69   97.24   97.61   97.61   97.98   95.77   96.88   96.69   97.98   97.98  100.00   97.98   97.98   87.25   85.85   86.74   86.58
    20: A0A8H5VDZ0_-1_-1_-1_-1_-1_-1               87.48   87.99   96.69   95.96   96.32   96.51   96.51   96.69   96.69   96.14   96.69   96.69   97.24   95.40   97.06   96.51   97.79   97.79   97.98  100.00   98.16   87.25   85.85   86.56   86.40
    21: A0A365N951_94.1_96.4_93.7_37.5_90.1_24.2   87.48   87.99   96.32   95.96   96.51   96.69   96.69   96.88   96.88   96.14   96.69   96.69   97.61   95.77   97.24   96.51   97.79   97.79   97.98   98.16  100.00   87.43   86.03   86.56   86.03
    22: A0A8J2NMY9_-1_-1_-1_-1_-1_-1               83.03   83.89   85.61   86.35   86.53   86.53   86.35   86.53   86.53   86.16   86.35   86.35   86.53   86.69   86.32   86.69   86.88   86.69   87.25   87.25   87.43  100.00   86.63   87.89   87.55
    23: A0A8H4YVY2_-1_-1_-1_-1_-1_-1               83.52   84.53   84.40   84.59   84.59   84.77   84.40   84.59   84.59   84.77   84.59   85.32   85.14   84.93   84.74   84.74   85.11   85.11   85.85   85.85   86.03   86.63  100.00   93.86   94.60
    24: A0A1B8AJN3_92.5_95.4_90.9_27.2_89.4_21.9   83.85   85.24   85.66   85.48   85.85   86.21   85.66   85.85   85.85   85.66   85.48   86.03   85.66   85.82   85.82   85.64   86.00   86.00   86.74   86.56   86.56   87.89   93.86  100.00   96.39
    25: A0A2L2TE87_84.4_93.4_93.4_56.0_89.0_21.4   83.88   84.71   85.50   85.32   86.06   86.06   85.87   86.06   86.06   85.50   85.32   85.69   85.50   85.29   85.29   85.48   85.85   85.85   86.58   86.40   86.03   87.55   94.60   96.39  100.00
