(
A0A496VKG8:0.39143,
A0A1W9WTZ0:-0.00646,
A0A496UZF8:0.00646);
