#
#
#  Percent Identity  Matrix - created by Clustal2.1 
#
#

     1: A0A351JN69_97.6_96.4_95.0_69.9_93.1_27.9  100.00   64.83   47.22   53.46   50.12   53.12   54.50
     2: A0A3B9QNL3_97.5_95.8_94.8_72.5_91.6_34.8   64.83  100.00   57.24   60.33   56.79   60.23   63.01
     3: A0A532VH55_-1___-1___-1___-1___92.0_36.2   47.22   57.24  100.00   57.24   58.04   55.24   58.29
     4: A0A7V5LUN6_98.1_98.0_91.8_39.6_89.2_36.9   53.46   60.33   57.24  100.00   63.95   65.62   66.82
     5: A0A496QRL4_93.1_80.4_94.8_49.3_89.8_30.6   50.12   56.79   58.04   63.95  100.00   66.45   68.23
     6: A0A524A3V6_96.7_91.2_94.5_76.8_88.7_30.1   53.12   60.23   55.24   65.62   66.45  100.00   78.85
     7: A0A3C1A0F1_97.9_96.6_95.7_73.4_89.7_31.0   54.50   63.01   58.29   66.82   68.23   78.85  100.00
