(
A0A507E2F1:0.38912,
A0A0L0HNW9:0.02497,
A0A507EMB5:0.03012);
