(
M5FRJ9:0.14210,
A0A167PZV6:0.06276,
A0A165FH47:0.06398);
