(
O13968:0.31840,
S9PQF8:0.11856,
S9XI67:0.10328);
