(
A0A7J7J4E7:0.32901,
A0A7J7KS76:0.17885,
A0A7J7J344:0.22537);
