#
#
#  Percent Identity  Matrix - created by Clustal2.1 
#
#

     1: A0A8R1HYR0  100.00  100.00   71.19   71.59   71.79    0.00
     2: A0A8R1DTM1  100.00  100.00   72.69   72.81   73.03   74.12
     3: A0A261CDV0   71.19   72.69  100.00   98.04   98.30   99.26
     4: A0A2P4V5R4   71.59   72.81   98.04  100.00   99.46   99.63
     5: A0A260ZWB7   71.79   73.03   98.30   99.46  100.00  100.00
     6: A0A6A5GC31    0.00   74.12   99.26   99.63  100.00  100.00
