(
A0A7C8LJ05:0.00000,
A0A947DQ11:0.00000,
A0A539DI63:0.00000);
