(
A0A7J4RA37:0.00000,
A0A2G9PMP4:0.00000,
A0A1J4XUW1:0.00000);
