(
A0A813HNJ6:0.00690,
A0A813INV8:0.00034,
A0A813FRG5:-0.00034);
