(
A0A369S6N4:0.39565,
A0A369S5Z3:0.00858,
B3RLK9:0.00000);
