(
A0A0C2F5S4:0.02582,
A0A0F2M5U9:0.00000,
U7Q9F7:0.00172);
