#
#
#  Percent Identity  Matrix - created by Clustal2.1 
#
#

     1: F1KSM1_-1___-1___-1___-1___69.8_19.9      100.00   59.86   50.89   51.33   53.42   53.28   51.20   51.14   53.13   51.78   51.40   53.52   52.59   56.11   56.57   55.60   55.78   55.60   55.78
     2: A0A2A6B4Q8_-1___-1___-1___-1___62.6_19.2   59.86  100.00   53.86   54.18   56.78   56.78   54.68   54.75   57.05   54.88   54.37   56.76   56.58   57.60   58.47   56.68   55.38   56.86   55.64
     3: A0A2G5SRH6_72.3_83.3_78.9_23.5_73.8_19.7   50.89   53.86  100.00   92.64   93.80   93.39   92.77   92.01   90.85   92.26   91.01   64.37   64.40   63.35   61.33   62.94   66.12   62.94   66.12
     4: A0A261CRW2_70.1_84.0_80.3_24.0_75.1_19.7   51.33   54.18   92.64  100.00   98.76   98.62   99.13   93.01   91.79   94.76   93.76   64.71   64.90   64.19   62.46   63.91   67.03   63.91   67.03
     5: A0A261B8J5_76.1_83.0_79.4_24.7_75.2_21.0   53.42   56.78   93.80   98.76  100.00   99.45   99.31   93.52   92.20   95.03   93.93   67.18   67.72   66.01   64.57   65.97   67.03   65.97   67.03
     6: A0A2P4WN76_72.1_84.6_80.6_25.4_76.1_20.4   53.28   56.78   93.39   98.62   99.45  100.00   99.59   93.10   91.90   94.62   93.79   67.18   67.72   65.73   64.24   65.69   66.85   65.69   66.85
     7: A0A6A5FYC1_71.3_82.8_79.6_23.4_74.5_20.3   51.20   54.68   92.77   99.13   99.31   99.59  100.00   93.13   91.92   94.76   93.63   64.58   64.76   64.07   62.31   63.79   66.85   63.79   66.85
     8: X5LPS1_64.6_85.4_80.7_25.4_75.5_22.8       51.14   54.75   92.01   93.01   93.52   93.10   93.13  100.00   98.92   96.25   94.38   64.92   64.99   64.40   62.41   64.25   66.85   64.25   66.85
     9: X5LX59_63.7_82.2_79.2_24.5_77.7_24.5       53.13   57.05   90.85   91.79   92.20   91.90   91.92   98.92  100.00   95.29   93.27   65.58   65.70   65.03   62.41   64.89   68.09   64.89   68.09
    10: A0A1I7UAN6_66.8_81.1_79.5_26.8_74.2_20.3   51.78   54.88   92.26   94.76   95.03   94.62   94.76   96.25   95.29  100.00   96.75   64.92   64.99   64.92   63.15   64.63   67.03   64.63   67.03
    11: G0M7B6_66.2_82.4_79.0_24.7_73.9_20.5       51.40   54.37   91.01   93.76   93.93   93.79   93.63   94.38   93.27   96.75  100.00   65.04   64.99   64.66   62.85   64.50   66.85   64.50   66.85
    12: A0A2A2LMJ7_77.2_85.1_77.6_22.3_74.0_20.1   53.52   56.76   64.37   64.71   67.18   67.18   64.58   64.92   65.58   64.92   65.04  100.00   99.60   69.31   66.77   68.54   71.19   68.54   71.19
    13: A0A2A2J246_58.7_80.4_74.7_22.1_71.0_20.3   52.59   56.58   64.40   64.90   67.72   67.72   64.76   64.99   65.70   64.99   64.99   99.60  100.00   68.98   66.35   68.16   71.08   68.16   71.08
    14: A0A6F7Q2G4_71.6_83.7_79.7_24.4_75.5_21.8   56.11   57.60   63.35   64.19   66.01   65.73   64.07   64.40   65.03   64.92   64.66   69.31   68.98  100.00   87.92   90.44   91.07   90.44   91.07
    15: A0A368G8C1_-1___-1___-1___-1___72.7_23.4   56.57   58.47   61.33   62.46   64.57   64.24   62.31   62.41   62.41   63.15   62.85   66.77   66.35   87.92  100.00   94.85   93.30   94.85   93.30
    16: A0A016SUT2_59.8_79.1_79.0_25.2_73.6_22.3   55.60   56.68   62.94   63.91   65.97   65.69   63.79   64.25   64.89   64.63   64.50   68.54   68.16   90.44   94.85  100.00  100.00   98.89   98.41
    17: A0A016SU87_-1___-1___-1___-1___74.6_22.6   55.78   55.38   66.12   67.03   67.03   66.85   66.85   66.85   68.09   67.03   66.85   71.19   71.08   91.07   93.30  100.00  100.00   98.41   98.41
    18: A0A016SV58_70.3_83.0_78.6_23.0_73.4_21.1   55.60   56.86   62.94   63.91   65.97   65.69   63.79   64.25   64.89   64.63   64.50   68.54   68.16   90.44   94.85   98.89   98.41  100.00  100.00
    19: A0A016SV80_-1___-1___-1___-1___73.8_21.3   55.78   55.64   66.12   67.03   67.03   66.85   66.85   66.85   68.09   67.03   66.85   71.19   71.08   91.07   93.30   98.41   98.41  100.00  100.00
