#
#
#  Percent Identity  Matrix - created by Clustal2.1 
#
#

     1: A0A818NVN2_79.7_76.6_74.1_20.3_70.6_20.3  100.00   99.72   72.92   72.78   83.76   86.13   82.61   82.61   72.64   72.64   75.54   75.54   74.96   74.96   76.06   76.44   76.44   87.74   74.14   60.99   62.59
     2: A0A815N8X2_77.6_74.8_73.6_19.9_73.4_19.9   99.72  100.00   72.86   72.71   83.52   85.88   82.66   82.66   72.43   72.43   75.32   75.32   74.75   74.75   75.83   76.22   76.22   87.74   73.93   61.38   62.84
     3: A0A813NIK4_76.6_74.8_73.5_20.4_73.0_20.4   72.92   72.86  100.00   99.44   72.29   71.59   73.38   73.67   83.64   83.50   80.00   80.00   79.18   79.32   81.43   80.62   80.62   90.09   76.54   61.72   62.20
     4: A0A819NWW5_76.8_74.6_73.3_19.4_73.2_19.4   72.78   72.71   99.44  100.00   72.01   71.30   73.24   73.53   83.36   83.22   80.00   80.00   79.18   79.32   81.28   80.48   80.48   89.62   76.83   61.86   62.35
     5: A0A816NNR9_80.4_76.5_74.2_19.1_73.5_19.1   83.76   83.52   72.29   72.01  100.00   83.86   81.90   81.47   72.29   72.44   75.50   75.50   75.94   75.94   75.11   75.54   75.54   88.68   73.42   62.87   63.61
     6: A0A818N9Z1_77.8_75.6_74.3_21.0_73.4_21.0   86.13   85.88   71.59   71.30   83.86  100.00   81.70   82.13   70.62   70.62   74.28   74.42   74.28   74.28   74.43   74.89   74.89   88.68   72.83   62.26   63.01
     7: A0A818PKU2_80.1_76.4_74.8_19.5_73.9_19.5   82.61   82.66   73.38   73.24   81.90   81.70  100.00   99.43   73.24   72.95   76.15   76.15   75.72   75.72   76.26   76.62   76.62   89.15   74.64   63.27   63.88
     8: A0A818RNE3_79.4_77.3_74.8_19.7_74.0_19.7   82.61   82.66   73.67   73.53   81.47   82.13   99.43  100.00   73.38   73.09   76.29   76.29   75.72   75.72   76.41   76.77   76.77   89.15   74.64   63.27   63.88
     9: A0A816DEK1_76.4_73.2_72.9_20.1_72.5_20.1   72.64   72.43   83.64   83.36   72.29   70.62   73.24   73.38  100.00   98.03   79.15   79.15   77.78   78.06   80.06   79.10   79.10   90.09   76.51   61.34   62.70
    10: A0A816D936_75.7_73.0_74.1_19.7_73.6_19.7   72.64   72.43   83.50   83.22   72.44   70.62   72.95   73.09   98.03  100.00   78.87   78.87   77.22   77.50   79.76   78.81   78.81   90.09   76.51   61.05   62.56
    11: A0A820CZH5_79.2_76.2_74.0_19.8_72.7_19.8   75.54   75.32   80.00   80.00   75.50   74.28   76.15   76.29   79.15   78.87  100.00   99.86   91.74   92.02   91.39   91.83   91.97   92.92   86.27   62.75   64.00
    12: A0A817F0U3_79.4_76.6_74.9_20.4_73.9_20.4   75.54   75.32   80.00   80.00   75.50   74.42   76.15   76.29   79.15   78.87   99.86  100.00   91.88   92.16   91.54   91.97   92.11   92.92   86.27   62.75   64.00
    13: A0A818JM09_79.5_74.9_74.7_21.0_74.2_21.0   74.96   74.75   79.18   79.18   75.94   74.28   75.72   75.72   77.78   77.22   91.74   91.88  100.00   99.72   89.93   89.73   89.73   92.92   84.62   62.95   64.05
    14: A0A814B6I2_79.2_75.4_75.2_22.0_74.5_22.0   74.96   74.75   79.32   79.32   75.94   74.28   75.72   75.72   78.06   77.50   92.02   92.16   99.72  100.00   90.22   90.01   90.01   92.92   84.62   63.10   64.20
    15: A0A818ZP43_55.2_67.9_76.7_25.2_76.0_21.4   76.06   75.83   81.43   81.28   75.11   74.43   76.26   76.41   80.06   79.76   91.39   91.54   89.93   90.22  100.00   99.70   99.70   93.40   85.63   63.59   65.57
    16: A0A821XLQ5_79.4_76.2_75.4_24.4_74.8_21.8   76.44   76.22   80.62   80.48   75.54   74.89   76.62   76.77   79.10   78.81   91.83   91.97   89.73   90.01   99.70  100.00   99.86   93.40   85.79   62.45   64.29
    17: A0A815Y5U8_78.4_75.9_75.4_21.8_74.5_21.8   76.44   76.22   80.62   80.48   75.54   74.89   76.62   76.77   79.10   78.81   91.97   92.11   89.73   90.01   99.70   99.86  100.00   93.40   85.94   62.59   64.29
    18: A0A822ALG1_-1___-1___-1___-1___73.4_36.8   87.74   87.74   90.09   89.62   88.68   88.68   89.15   89.15   90.09   90.09   92.92   92.92   92.92   92.92   93.40   93.40   93.40  100.00   97.64   71.56   72.04
    19: A0A817ASH6_81.0_77.9_74.6_22.1_73.1_22.1   74.14   73.93   76.54   76.83   73.42   72.83   74.64   74.64   76.51   76.51   86.27   86.27   84.62   84.62   85.63   85.79   85.94   97.64  100.00   60.58   61.62
    20: A0A813YH44_77.2_74.4_70.8_18.2_71.0_18.2   60.99   61.38   61.72   61.86   62.87   62.26   63.27   63.27   61.34   61.05   62.75   62.75   62.95   63.10   63.59   62.45   62.59   71.56   60.58  100.00   84.58
    21: A0A813YPD1_76.8_74.2_72.3_19.8_72.7_19.8   62.59   62.84   62.20   62.35   63.61   63.01   63.88   63.88   62.70   62.56   64.00   64.00   64.05   64.20   65.57   64.29   64.29   72.04   61.62   84.58  100.00
