(
A0A3D0PAB3:0.00000,
A5GS88:0.00000,
A0A3D5HZS3:0.00000);
