(
A0A166C9P5:0.34983,
A0A5E3XBL2:0.11211,
A0A166D7Q1:0.10521);
