#
#
#  Percent Identity  Matrix - created by Clustal2.1 
#
#

     1: R7S3A5_88.6_94.4_94.8_45.6_88.6_24.9      100.00   50.26   51.65   52.36   53.51   54.31   50.18   50.17   51.54   51.39
     2: A0A8H6Y9J3_-1_-1_-1_-1_-1_-1               50.26  100.00   58.84   58.35   60.68   61.28   46.51   48.85   49.26   49.73
     3: A0A8H6XCK0_-1_-1_-1_-1_-1_-1               51.65   58.84  100.00   65.32   66.67   66.61   48.23   50.96   51.09   51.31
     4: A0A8H6S4P5_-1_-1_-1_-1_-1_-1               52.36   58.35   65.32  100.00   74.61   72.81   47.10   51.23   51.93   52.29
     5: A0A8H6WH14_-1_-1_-1_-1_-1_-1               53.51   60.68   66.67   74.61  100.00   74.65   48.04   52.39   52.95   52.74
     6: A0A8H6WNB6_-1_-1_-1_-1_-1_-1               54.31   61.28   66.61   72.81   74.65  100.00   50.00   51.06   51.20   51.59
     7: A0A550CW15_82.9_92.5_93.6_28.7_86.5_24.3   50.18   46.51   48.23   47.10   48.04   50.00  100.00   53.21   53.43   53.38
     8: A0A2H3ERI1_87.0_95.6_94.7_54.4_88.4_24.4   50.17   48.85   50.96   51.23   52.39   51.06   53.21  100.00   96.10   96.08
     9: A0A284RMP1_87.6_94.6_87.8_24.5_82.5_24.5   51.54   49.26   51.09   51.93   52.95   51.20   53.43   96.10  100.00   97.52
    10: A0A2H3BZ21_88.2_95.7_94.7_41.7_88.0_25.7   51.39   49.73   51.31   52.29   52.74   51.59   53.38   96.08   97.52  100.00
