(
A0A8S3U3V9:0.02921,
A0A8B6FKK5:-0.00016,
A0A8B6FHT9:0.00016);
