#
#
#  Percent Identity  Matrix - created by Clustal2.1 
#
#

     1: A0A369RT58  100.00   99.00   51.87   52.49   51.59   55.61
     2: B3S8K7       99.00  100.00   51.81   52.43   51.67   55.46
     3: A0A369RSP7   51.87   51.81  100.00   99.71   49.93   54.76
     4: B3S8K8       52.49   52.43   99.71  100.00   50.44   54.76
     5: A0A369SD17   51.59   51.67   49.93   50.44  100.00   99.66
     6: B3S1M5       55.61   55.46   54.76   54.76   99.66  100.00
