#
#
#  Percent Identity  Matrix - created by Clustal2.1 
#
#

     1: A0A2D5PX06  100.00   57.28   56.02   56.81   47.11   48.75
     2: A0A382BQ93   57.28  100.00   74.47   76.13   54.19   53.42
     3: A0A2E0CWG0   56.02   74.47  100.00   93.92   54.15   52.91
     4: A0A2E5U6J7   56.81   76.13   93.92  100.00   54.77   53.66
     5: A0A520WFQ7   47.11   54.19   54.15   54.77  100.00   73.52
     6: A0A800FGF8   48.75   53.42   52.91   53.66   73.52  100.00
