#
#
#  Percent Identity  Matrix - created by Clustal2.1 
#
#

     1: A0A1Q4C3M8_68.0_60.5_80.3_42.1_73.5_37.5  100.00   42.21   42.21   42.21   43.51   44.16   47.74   49.02   44.08
     2: D6V1H6_74.3_66.4_80.1_39.5_74.0_33.5       42.21  100.00  100.00  100.00   87.42   82.39   49.35   54.78   50.66
     3: A0A090MRP0_76.3_67.6_80.8_38.7_74.5_35.9   42.21  100.00  100.00  100.00   87.42   82.39   49.35   54.78   50.66
     4: A0A431P262_75.4_67.8_80.9_38.9_74.8_35.4   42.21  100.00  100.00  100.00   87.42   82.39   49.35   54.78   50.66
     5: A0A380W4F1_76.9_70.4_81.3_38.8_75.2_37.5   43.51   87.42   87.42   87.42  100.00   82.39   50.65   52.87   49.34
     6: B6JCH0_72.1_59.8_80.7_40.2_72.6_34.3       44.16   82.39   82.39   82.39   82.39  100.00   47.40   52.87   51.32
     7: A0A1Q3W0B5_-1_-1_-1_-1_60.7_31.4           47.74   49.35   49.35   49.35   50.65   47.40  100.00   56.77   51.30
     8: A0A0Q6ZAU3_64.2_56.1_77.9_47.7_70.2_29.2   49.02   54.78   54.78   54.78   52.87   52.87   56.77  100.00   60.39
     9: A0A3S0F226_69.5_59.8_81.1_40.7_73.8_38.2   44.08   50.66   50.66   50.66   49.34   51.32   51.30   60.39  100.00
