#
#
#  Percent Identity  Matrix - created by Clustal2.1 
#
#

     1: A0A0D6QTE8_76.1_73.5_83.2_24.8_72.4_22.0  100.00   41.11   62.64   63.86   63.86   63.68   62.24   61.95   62.39   62.39   62.44
     2: A0A445E7J7_-1___-1___-1___-1___67.3_42.8   41.11  100.00  100.00   55.32   55.32   59.78   56.38   53.76   52.69   52.69   53.76
     3: A0A445E762_-1___-1___-1___-1___52.3_22.0   62.64  100.00  100.00   75.00   74.77   73.65   75.78   73.71   73.48   73.48   73.14
     4: A0A396JMY1_78.2_69.9_83.4_27.5_79.7_26.4   63.86   55.32   75.00  100.00   99.78   71.93   72.83   73.19   72.75   72.75   71.96
     5: G7I9C8_75.5_64.2_74.0_21.4_73.4_21.4       63.86   55.32   74.77   99.78  100.00   71.71   72.61   72.97   72.53   72.53   71.74
     6: A0A834H9J9_-1___-1___-1___-1___67.2_21.1   63.68   59.78   73.65   71.93   71.71  100.00   78.88   74.84   75.27   75.27   75.16
     7: A0A6A1WB69_30.4_41.3_74.5_23.7_71.7_23.7   62.24   56.38   75.78   72.83   72.61   78.88  100.00   75.33   75.76   75.76   75.44
     8: A0A1S3TPB5_81.6_77.9_84.3_31.3_81.0_29.9   61.95   53.76   73.71   73.19   72.97   74.84   75.33  100.00   97.39   97.39   95.41
     9: A0A0L9TFM7_82.1_78.8_84.3_26.7_80.3_26.4   62.39   52.69   73.48   72.75   72.53   75.27   75.76   97.39  100.00  100.00   95.41
    10: A0A0S3RYX8_78.9_75.1_83.9_31.1_79.5_25.9   62.39   52.69   73.48   72.75   72.53   75.27   75.76   97.39  100.00  100.00   95.41
    11: A0A4D6MC83_66.8_71.6_83.6_33.7_79.8_26.4   62.44   53.76   73.14   71.96   71.74   75.16   75.44   95.41   95.41   95.41  100.00
