#
#
#  Percent Identity  Matrix - created by Clustal2.1 
#
#

     1: A0A845CEL9_98.6_98.8_94.4_71.7_91.1_32.9  100.00   69.48   71.20   69.25   69.95   65.96   65.96   71.07   68.78   59.09   58.94   50.12   56.50
     2: A0A2V7DPC5_98.4_98.7_94.1_64.2_91.3_32.1   69.48  100.00   97.64   96.48   97.18   79.20   79.20   82.37   80.75   63.79   63.92   53.35   59.95
     3: A0A1Q7U4P3_98.5_98.8_93.9_53.8_93.5_53.8   71.20   97.64  100.00   98.95   99.21   77.95   77.95   82.37   81.41   63.59   63.59   52.94   60.32
     4: A0A2V6VCN5_98.3_98.6_94.1_60.8_88.8_33.3   69.25   96.48   98.95  100.00   99.33   77.65   78.01   82.09   80.28   62.59   62.71   52.87   59.24
     5: A0A2V7BBS6_98.4_98.7_94.3_57.5_89.2_34.7   69.95   97.18   99.21   99.33  100.00   78.12   78.49   82.64   80.75   62.83   62.95   53.11   59.72
     6: A0A1F7SWM9_98.4_98.7_91.1_55.3_89.2_34.0   65.96   79.20   77.95   77.65   78.12  100.00  100.00   82.60   82.98   62.08   62.68   51.20   58.71
     7: A0A1F7TBG8_98.4_98.7_93.2_58.5_90.8_37.3   65.96   79.20   77.95   78.01   78.49  100.00  100.00   82.60   82.98   62.08   62.68   51.20   58.71
     8: A0A1F7TD82_98.4_98.6_92.3_64.8_92.0_60.2   71.07   82.37   82.37   82.09   82.64   82.60   82.60  100.00  100.00   65.56   65.56   52.11   60.17
     9: A0A1F7SWN3_98.6_98.8_95.3_79.8_91.8_35.2   68.78   80.75   81.41   80.28   80.75   82.98   82.98  100.00  100.00   64.03   64.89   50.72   57.58
    10: A0A1F7SY12_98.6_98.8_91.1_51.1_90.0_36.9   59.09   63.79   63.59   62.59   62.83   62.08   62.08   65.56   64.03  100.00   99.76   58.21   65.31
    11: A0A1F7TCW7_98.6_98.8_93.8_74.2_92.3_38.5   58.94   63.92   63.59   62.71   62.95   62.68   62.68   65.56   64.89   99.76  100.00   58.54   65.70
    12: A0A1Q7GAD4_-1___-1___-1___-1___83.6_22.4   50.12   53.35   52.94   52.87   53.11   51.20   51.20   52.11   50.72   58.21   58.54  100.00   89.29
    13: A0A1Q7ESR9_98.4_98.7_93.1_57.9_90.5_32.1   56.50   59.95   60.32   59.24   59.72   58.71   58.71   60.17   57.58   65.31   65.70   89.29  100.00
