#
#
#  Percent Identity  Matrix - created by Clustal2.1 
#
#

     1: A0A642UDK6_91.9_95.4_95.1_52.9_92.9_32.2  100.00   46.07   46.79   50.36   48.13   48.86   49.56   50.26   51.17   51.51   50.62   53.60   52.83   52.46   54.31   54.66   54.48   51.58   51.23
     2: A0A2P7YUZ7_86.7_92.5_95.2_80.3_91.8_33.4   46.07  100.00   94.38   60.14   63.44   50.27   49.73   51.32   48.03   48.49   51.95   52.83   51.15   52.56   53.26   52.91   52.73   52.47   52.47
     3: A0A2V1A9T7_90.4_94.2_95.2_75.3_92.5_34.2   46.79   94.38  100.00   59.26   64.15   49.91   49.20   50.79   48.39   48.13   51.24   53.53   52.21   52.56   53.09   52.56   52.38   52.83   52.30
     4: A0A0L0P3E7_89.4_95.2_95.9_83.4_91.4_29.6   50.36   60.14   59.26  100.00   69.01   55.32   57.09   54.95   53.86   52.67   58.08   55.22   54.26   53.89   56.01   55.30   55.12   55.93   55.75
     5: A0A2V1AT35_88.6_93.6_95.5_75.8_92.1_39.1   48.13   63.44   64.15   69.01  100.00   54.13   55.71   53.06   52.31   52.38   57.39   57.19   55.71   54.99   54.99   56.39   56.39   52.46   55.26
     6: A0A1A0H943_90.7_95.3_95.7_80.3_93.0_39.6   48.86   50.27   49.91   55.32   54.13  100.00   80.52   53.23   52.93   53.35   54.80   55.15   56.22   54.10   55.92   58.19   58.01   55.50   55.32
     7: A0A4P6XJW5_91.9_95.3_95.5_80.4_92.0_32.6   49.56   49.73   49.20   57.09   55.71   80.52  100.00   52.88   53.46   54.23   55.32   56.20   55.52   54.45   54.70   58.89   58.71   56.54   54.45
     8: A0A1E4RT81_89.6_95.4_95.9_73.4_93.8_35.2   50.26   51.32   50.79   54.95   53.06   53.23   52.88  100.00   53.79   52.96   59.30   57.81   55.94   56.10   60.17   58.61   58.26   58.78   57.39
     9: A0A421JI67_90.1_96.8_95.5_69.8_90.9_26.9   51.17   48.03   48.39   53.86   52.31   52.93   53.46   53.79  100.00   75.53   57.65   62.01   61.70   61.66   62.08   63.07   62.90   61.55   60.49
    10: G3AIB4_87.3_95.4_95.5_54.2_90.5_27.7       51.51   48.49   48.13   52.67   52.38   53.35   54.23   52.96   75.53  100.00   57.82   62.13   61.58   61.71   61.78   62.59   62.41   63.53   61.67
    11: A0A0V1Q4Y6_89.3_93.1_95.5_80.2_92.4_39.3   50.62   51.95   51.24   58.08   57.39   54.80   55.32   59.30   57.65   57.82  100.00   63.30   57.87   58.19   60.70   61.22   60.87   57.84   59.41
    12: A3GGI9_89.2_94.1_95.1_71.4_90.7_28.0       53.60   52.83   53.53   55.22   57.19   55.15   56.20   57.81   62.01   62.13   63.30  100.00   65.04   66.20   65.98   67.70   67.36   61.01   59.97
    13: A0A367Y972_90.4_96.1_95.4_65.4_93.3_42.1   52.83   51.15   52.21   54.26   55.71   56.22   55.52   55.94   61.70   61.58   57.87   65.04  100.00   84.75   72.27   71.53   71.35   66.15   64.93
    14: C5M2J1_88.0_94.4_95.4_56.1_92.7_38.7       52.46   52.56   52.56   53.89   54.99   54.10   54.45   56.10   61.66   61.71   58.19   66.20   84.75  100.00   73.58   73.53   73.36   65.22   64.53
    15: M3JSY2_90.1_95.2_95.2_67.9_92.4_31.9       54.31   53.26   53.09   56.01   54.99   55.92   54.70   60.17   62.08   61.78   60.70   65.98   72.27   73.58  100.00   82.93   82.59   67.18   67.01
    16: C4YHE8_86.9_93.2_95.2_66.2_91.5_36.8       54.66   52.91   52.56   55.30   56.39   58.19   58.89   58.61   63.07   62.59   61.22   67.70   71.53   73.53   82.93  100.00   99.66   66.26   66.09
    17: A0A1D8PLQ3_91.1_95.2_95.7_78.3_93.5_43.6   54.48   52.73   52.38   55.12   56.39   58.01   58.71   58.26   62.90   62.41   60.87   67.36   71.35   73.36   82.59   99.66  100.00   66.09   65.92
    18: A5E443_88.5_94.6_95.4_65.6_92.7_32.2       51.58   52.47   52.83   55.93   52.46   55.50   56.54   58.78   61.55   63.53   57.84   61.01   66.15   65.22   67.18   66.26   66.09  100.00   67.76
    19: G8BI87_90.4_95.6_95.5_57.9_93.3_39.0       51.23   52.47   52.30   55.75   55.26   55.32   54.45   57.39   60.49   61.67   59.41   59.97   64.93   64.53   67.01   66.09   65.92   67.76  100.00
