(
A0A1F7N9H3:0.47115,
A0A2V7HIN1:0.00102,
A0A2V6UIP7:0.00102);
