(
A0A4T0X8J3:0.37104,
A0A099NWV3:0.01372,
A0A1V2LKQ7:-0.01156);
