#
#
#  Percent Identity  Matrix - created by Clustal2.1 
#
#

     1: A0A536LJ31_-1_-1_-1_-1_85.3_22.3          100.00   96.82   55.90   56.50   56.77   53.76   66.42   56.53   52.43   52.43   53.07   55.48   55.48   54.25   58.25   58.73
     2: A0A536EC11_-1_-1_-1_-1_85.4_24.4           96.82  100.00   56.14   56.50   56.53   53.76   64.93   56.29   52.88   52.88   53.30   55.48   55.48   54.25   58.49   58.96
     3: A0A538FFI4_-1_-1_-1_-1_90.2_26.1           55.90   56.14  100.00   61.43   56.34   57.47   59.85   56.34   56.18   56.18   58.39   57.51   57.51   59.24   60.67   59.95
     4: A0A535HR88_-1_-1_-1_-1_90.6_26.4           56.50   56.50   61.43  100.00   60.24   56.83   66.43   60.00   57.99   57.99   58.20   60.18   60.18   61.20   65.81   65.58
     5: A0A534XHB3_94.4_96.8_97.1_83.2_94.1_31.3   56.77   56.53   56.34   60.24  100.00  100.00   98.57   99.31   61.07   61.07   60.66   62.00   62.24   62.76   67.83   68.07
     6: A0A534RS95_-1_-1_-1_-1_87.0_29.1           53.76   53.76   57.47   56.83  100.00  100.00    -nan  100.00   57.22   57.22   62.16   58.82   58.82   63.98   66.67   67.74
     7: A0A534RQ82_-1_-1_-1_-1_93.7_56.3           66.42   64.93   59.85   66.43   98.57    -nan  100.00  100.00   66.43   66.43   62.14   70.50   71.22   65.00   73.57   73.57
     8: A0A534R4U9_93.2_95.8_96.7_63.1_93.8_31.6   56.53   56.29   56.34   60.00   99.31  100.00  100.00  100.00   61.07   61.07   60.66   62.00   62.24   62.76   67.60   67.83
     9: A0A534SSU8_88.8_95.0_96.6_72.2_88.5_27.3   52.43   52.88   56.18   57.99   61.07   57.22   66.43   61.07  100.00   99.79   80.13   63.58   63.58   66.14   66.74   65.36
    10: A0A534ZFC0_89.9_95.8_95.8_47.5_87.9_28.0   52.43   52.88   56.18   57.99   61.07   57.22   66.43   61.07   99.79  100.00   80.13   63.58   63.58   66.14   66.74   65.36
    11: A0A534ZSD2_89.8_96.0_95.7_53.8_91.3_30.6   53.07   53.30   58.39   58.20   60.66   62.16   62.14   60.66   80.13   80.13  100.00   63.55   63.55   64.69   63.97   62.82
    12: A0A534WTR4_89.6_95.1_96.5_71.6_91.3_29.2   55.48   55.48   57.51   60.18   62.00   58.82   70.50   62.00   63.58   63.58   63.55  100.00   99.78   68.11   66.51   65.59
    13: A0A534TS20_90.6_95.8_96.2_62.2_90.6_31.1   55.48   55.48   57.51   60.18   62.24   58.82   71.22   62.24   63.58   63.58   63.55   99.78  100.00   68.11   66.51   65.59
    14: A0A534VLY2_91.9_95.9_97.0_85.2_93.5_28.3   54.25   54.25   59.24   61.20   62.76   63.98   65.00   62.76   66.14   66.14   64.69   68.11   68.11  100.00   70.21   68.82
    15: A0A534VLW9_95.4_96.6_97.6_90.9_94.9_32.8   58.25   58.49   60.67   65.81   67.83   66.67   73.57   67.60   66.74   66.74   63.97   66.51   66.51   70.21  100.00   92.68
    16: A0A534X586_94.9_95.9_97.6_84.1_94.7_29.5   58.73   58.96   59.95   65.58   68.07   67.74   73.57   67.83   65.36   65.36   62.82   65.59   65.59   68.82   92.68  100.00
