#
#
#  Percent Identity  Matrix - created by Clustal2.1 
#
#

     1: A0A6A6FWZ6_89.1_94.9_93.0_38.8_87.0_25.0  100.00   60.49   60.14   61.95   54.64   52.56   52.91   53.81   53.71   53.51   53.53   53.53   52.92   52.41   51.58   53.61   56.22   56.32   54.38   54.56   54.92   54.40   55.67   54.66
     2: A0A3M6XVR5_91.7_94.9_94.4_47.9_87.7_27.9   60.49  100.00   92.86   67.31   55.43   53.62   53.26   52.98   55.52   53.04   54.20   54.20   53.77   53.55   51.57   54.07   52.17   52.80   51.88   51.88   52.77   52.60   53.27   52.33
     3: A0A3M7EZE0_89.6_94.6_94.2_53.6_87.5_23.7   60.14   92.86  100.00   67.83   54.17   53.44   53.09   51.75   54.82   52.70   52.80   52.80   52.19   53.72   51.57   54.79   52.17   52.80   52.42   52.42   53.13   53.14   52.21   52.51
     4: A0A4U0X3J3_87.8_95.6_94.7_44.6_88.1_24.9   61.95   67.31   67.83  100.00   55.13   54.71   54.35   55.61   54.80   56.01   55.95   55.95   55.34   53.33   52.74   54.26   56.50   56.60   55.28   55.28   55.30   56.29   55.71   55.52
     5: A0A6A6T8C1_88.1_95.2_94.1_39.8_87.8_26.9   54.64   55.43   54.17   55.13  100.00   65.10   67.51   67.75   66.19   65.95   65.41   65.41   63.98   57.12   55.14   54.65   56.45   56.45   56.11   55.93   55.90   56.03   56.49   56.99
     6: A0A2V1E4T2_90.9_96.3_95.5_46.8_90.0_28.4   52.56   53.62   53.44   54.71   65.10  100.00   64.35   67.25   66.90   63.99   65.44   65.44   64.85   54.19   54.87   56.78   53.78   54.14   54.56   54.20   53.02   53.04   56.66   55.83
     7: A0A6A7AAS8_90.0_95.2_95.3_45.9_89.1_29.8   52.91   53.26   53.09   54.35   67.51   64.35  100.00   70.80   71.78   70.86   69.18   69.18   68.42   55.54   55.93   56.60   57.22   57.58   55.91   55.73   56.61   57.45   56.66   55.48
     8: A0A1Y2M500_86.4_95.3_94.2_32.1_87.5_24.3   53.81   52.98   51.75   55.61   67.75   67.25   70.80  100.00   73.58   73.10   74.13   74.13   73.26   56.99   55.36   55.98   54.79   54.71   54.84   54.66   54.56   54.58   57.02   57.01
     9: A0A6A7BCQ1_88.6_96.2_93.5_33.8_87.0_23.2   53.71   55.52   54.82   54.80   66.19   66.90   71.78   73.58  100.00   74.19   77.87   77.87   77.05   57.71   54.78   56.04   54.07   54.79   55.38   55.02   55.10   55.12   57.19   56.07
    10: B2VY93_84.4_95.4_94.2_40.1_85.1_25.1       53.51   53.04   52.70   56.01   65.95   63.99   70.86   73.10   74.19  100.00   78.19   78.19   77.17   57.19   54.96   55.81   57.48   57.22   55.89   55.89   55.69   55.99   56.87   56.86
    11: M2U4D7_84.7_96.0_94.6_44.0_87.7_25.5       53.53   54.20   52.80   55.95   65.41   65.44   69.18   74.13   77.87   78.19  100.00  100.00   94.20   58.21   55.75   56.37   54.89   55.54   54.76   54.58   54.74   54.50   58.33   58.32
    12: N4X2H7_85.1_95.9_94.8_44.5_87.8_25.2       53.53   54.20   52.80   55.95   65.41   65.44   69.18   74.13   77.87   78.19  100.00  100.00   94.20   58.21   55.75   56.37   54.89   55.54   54.76   54.58   54.74   54.50   58.33   58.32
    13: W6Z863_85.1_96.1_94.6_42.4_88.4_27.6       52.92   53.77   52.19   55.34   63.98   64.85   68.42   73.26   77.05   77.17   94.20   94.20  100.00   58.14   55.05   56.37   55.17   55.64   55.40   55.22   56.27   55.50   58.26   57.96
    14: A0A0D2A891_86.4_95.4_95.5_51.3_87.7_24.3   52.41   53.55   53.72   53.33   57.12   54.19   55.54   56.99   57.71   57.19   58.21   58.21   58.14  100.00   55.77   59.86   55.83   55.86   55.76   55.76   55.00   54.22   56.41   55.90
    15: A0A136J8A0_85.6_94.2_92.9_42.1_86.8_26.4   51.58   51.57   51.57   52.74   55.14   54.87   55.93   55.36   54.78   54.96   55.75   55.75   55.05   55.77  100.00   60.00   58.61   58.11   58.35   58.35   58.07   59.26   58.85   58.10
    16: A0A4Z0YXX0_79.6_94.8_95.8_72.7_91.1_31.0   53.61   54.07   54.79   54.26   54.65   56.78   56.60   55.98   56.04   55.81   56.37   56.37   56.37   59.86   60.00  100.00   60.29   60.22   60.04   60.22   59.11   58.89   61.20   59.43
    17: A0A135UMJ4_83.9_93.9_94.5_44.8_87.9_26.0   56.22   52.17   52.17   56.50   56.45   53.78   57.22   54.79   54.07   57.48   54.89   54.89   55.17   55.83   58.61   60.29  100.00   97.57   84.03   83.68   84.70   83.30   61.87   60.25
    18: A0A010R6I0_82.6_93.5_94.6_47.8_88.1_26.5   56.32   52.80   52.80   56.60   56.45   54.14   57.58   54.71   54.79   57.22   55.54   55.54   55.64   55.86   58.11   60.22   97.57  100.00   83.80   83.62   84.64   83.42   61.74   60.25
    19: A0A1B7Y0M4_81.0_92.9_93.6_46.5_86.7_24.4   54.38   51.88   52.42   55.28   56.11   54.56   55.91   54.84   55.38   55.89   54.76   54.76   55.40   55.76   58.35   60.04   84.03   83.80  100.00   98.97   89.98   86.70   62.24   58.60
    20: A0A5Q4C2E4_84.4_94.6_94.0_41.8_86.8_23.4   54.56   51.88   52.42   55.28   55.93   54.20   55.73   54.66   55.02   55.89   54.58   54.58   55.22   55.76   58.35   60.22   83.68   83.62   98.97  100.00   89.29   86.53   61.90   58.60
    21: A0A167CIU0_83.6_93.1_93.6_46.1_86.6_24.4   54.92   52.77   53.13   55.30   55.90   53.02   56.61   54.56   55.10   55.69   54.74   54.74   56.27   55.00   58.07   59.11   84.70   84.64   89.98   89.29  100.00   89.85   61.38   59.44
    22: A0A066XDG6_83.6_93.9_94.0_43.6_87.1_24.3   54.40   52.60   53.14   56.29   56.03   53.04   57.45   54.58   55.12   55.99   54.50   54.50   55.50   54.22   59.26   58.89   83.30   83.42   86.70   86.53   89.85  100.00   61.59   59.65
    23: A0A423W390_86.2_95.4_93.5_42.0_85.3_24.4   55.67   53.27   52.21   55.71   56.49   56.66   56.66   57.02   57.19   56.87   58.33   58.33   58.26   56.41   58.85   61.20   61.87   61.74   62.24   61.90   61.38   61.59  100.00   78.94
    24: A0A423WSM8_86.2_95.1_94.5_41.4_87.4_24.8   54.66   52.33   52.51   55.52   56.99   55.83   55.48   57.01   56.07   56.86   58.32   58.32   57.96   55.90   58.10   59.43   60.25   60.25   58.60   58.60   59.44   59.65   78.94  100.00
