#
#
#  Percent Identity  Matrix - created by Clustal2.1 
#
#

     1: A9KQN7      100.00   51.79   51.61   51.52   50.90   50.90   50.00   49.82
     2: A9KQN4       51.79  100.00   80.29   80.68   58.50   57.25   54.56   55.81
     3: A9KQN5       51.61   80.29  100.00   89.64   58.78   57.17   54.30   56.09
     4: A0A3D2XBK6   51.52   80.68   89.64  100.00   59.57   57.96   55.64   55.64
     5: A9KQN3       50.90   58.50   58.78   59.57  100.00   87.84   58.50   58.68
     6: A0A3D2XCR0   50.90   57.25   57.17   57.96   87.84  100.00   57.60   58.68
     7: A0A3D2XAG7   50.00   54.56   54.30   55.64   58.50   57.60  100.00   81.22
     8: A9KQN2       49.82   55.81   56.09   55.64   58.68   58.68   81.22  100.00
