#
#
#  Percent Identity  Matrix - created by Clustal2.1 
#
#

     1: A0A8T4H6P0  100.00   54.15   54.51   54.33   54.51   54.51   54.69   54.51   54.69   54.69   54.69   55.05   54.15   52.34   50.63   51.89   51.53   51.89   56.12   55.40   53.50   54.22
     2: A0A088F5H5   54.15  100.00   85.74   85.57   85.91   85.91   85.39   85.57   83.48   83.48   84.17   83.65   84.00   51.58   52.02   55.94   55.77   56.29   56.32   55.28   53.78   54.40
     3: A0A7T4UNW3   54.51   85.74  100.00   98.96   98.61   98.61   98.43   98.61   88.52   88.52   88.52   88.35   89.22   52.81   53.43   56.47   55.77   56.29   56.84   56.69   53.95   53.87
     4: A0A0M3CA84   54.33   85.57   98.96  100.00   98.61   98.61   98.43   98.61   88.70   88.70   88.87   88.52   89.39   52.98   53.60   56.47   55.77   56.29   56.49   56.34   53.95   53.87
     5: A0A4R3APQ6   54.51   85.91   98.61   98.61  100.00  100.00   98.78   98.96   88.52   88.52   88.52   88.35   89.22   52.81   53.43   56.64   55.94   56.47   56.67   56.69   54.13   53.87
     6: A0A7X5YU70   54.51   85.91   98.61   98.61  100.00  100.00   98.78   98.96   88.52   88.52   88.52   88.35   89.22   52.81   53.43   56.64   55.94   56.47   56.67   56.69   54.13   53.87
     7: A0A4R3AEM1   54.69   85.39   98.43   98.43   98.78   98.78  100.00   99.83   88.17   88.17   88.17   88.00   88.87   52.98   53.25   56.99   56.29   56.82   56.67   56.51   54.48   53.87
     8: A0A839NQU7   54.51   85.57   98.61   98.61   98.96   98.96   99.83  100.00   88.35   88.35   88.35   88.17   89.04   52.81   53.43   56.99   56.29   56.82   56.67   56.51   54.31   53.70
     9: A0A077XVU1   54.69   83.48   88.52   88.70   88.52   88.52   88.17   88.35  100.00  100.00   95.65   95.65   95.48   52.98   52.37   56.99   56.12   56.82   57.02   57.22   53.78   54.58
    10: A0A3D5A7Y8   54.69   83.48   88.52   88.70   88.52   88.52   88.17   88.35  100.00  100.00   95.65   95.65   95.48   52.98   52.37   56.99   56.12   56.82   57.02   57.22   53.78   54.58
    11: A0A2T5Y8S5   54.69   84.17   88.52   88.87   88.52   88.52   88.17   88.35   95.65   95.65  100.00   98.96   97.74   52.46   52.90   57.34   56.47   57.17   56.49   57.04   53.78   54.58
    12: A0A7K0BBB3   55.05   83.65   88.35   88.52   88.35   88.35   88.00   88.17   95.65   95.65   98.96  100.00   97.74   52.28   52.72   57.34   56.47   57.17   57.02   57.04   53.95   54.58
    13: A0A9E8JKR1   54.15   84.00   89.22   89.39   89.22   89.22   88.87   89.04   95.48   95.48   97.74   97.74  100.00   52.46   52.72   56.64   55.94   56.47   56.67   57.04   53.08   54.05
    14: A0A4R3VTY5   52.34   51.58   52.81   52.98   52.81   52.81   52.98   52.81   52.98   52.98   52.46   52.28   52.46  100.00   71.26   52.18   52.36   52.18   58.12   58.64   55.96   56.99
    15: A0A6M1NPR8   50.63   52.02   53.43   53.60   53.43   53.43   53.25   53.43   52.37   52.37   52.90   52.72   52.72   71.26  100.00   51.92   51.57   51.22   58.74   58.22   56.06   55.19
    16: D7VLB2       51.89   55.94   56.47   56.47   56.64   56.64   56.99   56.99   56.99   56.99   57.34   57.34   56.64   52.18   51.92  100.00   97.23   98.09   57.74   58.29   55.42   54.90
    17: A0A380BAP5   51.53   55.77   55.77   55.77   55.94   55.94   56.29   56.29   56.12   56.12   56.47   56.47   55.94   52.36   51.57   97.23  100.00   98.61   57.04   57.94   54.72   54.90
    18: C2FRR2       51.89   56.29   56.29   56.29   56.47   56.47   56.82   56.82   56.82   56.82   57.17   57.17   56.47   52.18   51.22   98.09   98.61  100.00   56.87   58.12   54.90   55.24
    19: A0A4U0PGN9   56.12   56.32   56.84   56.49   56.67   56.67   56.67   56.67   57.02   57.02   56.49   57.02   56.67   58.12   58.74   57.74   57.04   56.87  100.00   84.47   64.34   62.06
    20: A0A4U0H8Z1   55.40   55.28   56.69   56.34   56.69   56.69   56.51   56.51   57.22   57.22   57.04   57.04   57.04   58.64   58.22   58.29   57.94   58.12   84.47  100.00   62.94   61.71
    21: A0A6M1E4S2   53.50   53.78   53.95   53.95   54.13   54.13   54.48   54.31   53.78   53.78   53.78   53.95   53.08   55.96   56.06   55.42   54.72   54.90   64.34   62.94  100.00   78.76
    22: A0A6M1N4U8   54.22   54.40   53.87   53.87   53.87   53.87   53.87   53.70   54.58   54.58   54.58   54.58   54.05   56.99   55.19   54.90   54.90   55.24   62.06   61.71   78.76  100.00
