#
#
#  Percent Identity  Matrix - created by Clustal2.1 
#
#

     1: A0A7C8QNP8_88.4_94.1_95.1_68.3_85.3_21.6  100.00   99.67   99.67   90.37   90.91   89.87   89.70
     2: A0A7C8Q2C7_87.4_93.8_95.1_68.9_84.9_20.0   99.67  100.00   99.67   90.37   90.91   89.70   89.53
     3: A0A6G1M5W6_87.7_94.2_95.0_66.4_85.6_23.4   99.67   99.67  100.00   90.37   90.91   89.53   89.37
     4: G1XM95_89.0_94.4_94.9_69.6_84.6_23.2       90.37   90.37   90.37  100.00   99.80   93.02   92.52
     5: A0A7C8V823_-1___-1___-1___-1___84.5_24.3   90.91   90.91   90.91   99.80  100.00   94.27   93.68
     6: A0A7C8PCR9_88.4_93.1_94.7_66.1_85.2_24.5   89.87   89.70   89.53   93.02   94.27  100.00   99.17
     7: A0A7C8NQA0_-1___-1___-1___-1___85.2_24.9   89.70   89.53   89.37   92.52   93.68   99.17  100.00
