#
#
#  Percent Identity  Matrix - created by Clustal2.1 
#
#

     1: A0A2R6NT31_79.1_92.3_84.9_25.4_80.9_23.7  100.00   98.51   57.68   55.65   55.28   55.28   52.34   53.43   51.14   51.05   54.14   53.90   54.39   54.10   51.60   51.72   53.88
     2: A0A4S4KVC5_-1___-1___-1___-1___85.2_22.9   98.51  100.00   55.07   52.29   53.15   53.58   48.95   50.74   48.50   48.82   52.07   51.29   52.00   51.89   49.68   48.49   50.75
     3: A0A1C7MBI0_84.0_90.4_91.0_58.5_81.8_21.8   57.68   55.07  100.00   58.05   62.62   62.04   55.44   54.41   56.60   54.94   56.67   57.41   58.40   58.29   55.08   55.51   56.10
     4: A0A1M2VPU0_92.1_94.9_94.6_59.7_92.8_30.7   55.65   52.29   58.05  100.00   60.96   60.00   51.14   49.68   50.39   49.71   52.44   52.99   53.22   52.33   50.49   52.73   52.34
     5: A0A371DP50_92.4_96.5_96.1_83.3_94.8_31.8   55.28   53.15   62.62   60.96  100.00   97.62   53.36   51.34   51.78   51.13   52.26   53.70   54.65   53.99   53.36   51.79   53.83
     6: A0A5C3PZC8_92.6_96.7_96.1_81.6_94.7_30.9   55.28   53.58   62.04   60.00   97.62  100.00   53.75   50.72   51.22   50.75   51.88   53.70   54.65   53.99   53.17   51.60   53.46
     7: A0A4Y7QA69_-1___-1___-1___-1___82.7_20.1   52.34   48.95   55.44   51.14   53.36   53.75  100.00   54.49   55.69   54.42   55.67   56.18   56.53   56.03   54.83   50.99   53.73
     8: A0A6A4HRI6_54.6_50.7_79.3_28.6_78.3_24.6   53.43   50.74   54.41   49.68   51.34   50.72   54.49  100.00   72.97   71.37   60.70   60.34   60.62   60.49   60.94   59.83   62.58
     9: A0A0D0B9U5_89.8_93.2_93.0_49.2_88.9_25.6   51.14   48.50   56.60   50.39   51.78   51.22   55.69   72.97  100.00   70.18   61.03   59.93   60.54   60.18   61.76   59.64   61.51
    10: A0A1Q3ELV0_89.5_90.1_93.6_42.3_89.4_21.9   51.05   48.82   54.94   49.71   51.13   50.75   54.42   71.37   70.18  100.00   59.19   59.52   59.68   59.21   58.56   59.03   61.11
    11: A0A0D7BAX0_85.8_93.9_95.7_55.9_91.4_24.3   54.14   52.07   56.67   52.44   52.26   51.88   55.67   60.70   61.03   59.19  100.00   64.89   65.41   64.14   61.58   59.82   62.82
    12: A0A284R472_88.6_89.9_82.5_22.7_81.2_22.7   53.90   51.29   57.41   52.99   53.70   53.70   56.18   60.34   59.93   59.52   64.89  100.00   98.25   96.14   59.89   62.84   65.48
    13: A0A2H3ANW0_90.7_91.6_95.0_64.2_89.3_23.3   54.39   52.00   58.40   53.22   54.65   54.65   56.53   60.62   60.54   59.68   65.41   98.25  100.00   96.39   60.68   63.38   65.97
    14: A0A2H3ED62_90.8_90.6_94.1_47.0_88.5_23.7   54.10   51.89   58.29   52.33   53.99   53.99   56.03   60.49   60.18   59.21   64.14   96.14   96.39  100.00   60.22   63.62   66.03
    15: A0A4V4HGK7_89.5_92.5_94.0_37.1_89.2_26.3   51.60   49.68   55.08   50.49   53.36   53.17   54.83   60.94   61.76   58.56   61.58   59.89   60.68   60.22  100.00   61.72   64.34
    16: A0A0W0G9W5_83.6_89.8_91.9_37.4_86.2_30.0   51.72   48.49   55.51   52.73   51.79   51.60   50.99   59.83   59.64   59.03   59.82   62.84   63.38   63.62   61.72  100.00   96.85
    17: V2YTA8_86.4_90.2_94.8_45.2_89.3_26.8       53.88   50.75   56.10   52.34   53.83   53.46   53.73   62.58   61.51   61.11   62.82   65.48   65.97   66.03   64.34   96.85  100.00
