(
A0A4Y7TG94:0.33235,
A0A8H5FW03:0.13802,
A0A4S8LUE2:0.14693);
