#
#
#  Percent Identity  Matrix - created by Clustal2.1 
#
#

     1: J7R8U2      100.00   51.89   50.81   54.17   47.64   47.64   48.19   48.19   31.73   47.47   52.27   52.27   47.47   47.47   47.47   50.46   47.65   47.65   47.65   47.65   52.01   50.09   51.00   50.00   50.00   50.00   49.73   49.91   49.91   50.45   49.10   48.92   48.92   49.01   49.91   49.55   49.55   49.55   49.55   50.64   47.83   50.45   53.25   50.09   49.91   50.64   50.36   50.64   51.55   51.55   51.73   51.55   51.91   51.91   51.55   51.73   51.73   51.73   51.73   54.15
     2: A0A1X7R151   51.89  100.00   86.08   58.42   52.95   53.30   53.11   53.46   34.65   53.63   62.12   62.12   53.63   53.81   53.98   58.18   53.63   53.81   53.81   53.81   55.96   55.38   54.43   53.39   53.22   53.22   53.42   53.42   53.42   53.24   50.96   50.61   50.61   51.74   53.14   51.92   51.92   55.69   55.69   58.00   51.39   56.72   57.22   58.22   58.04   59.62   59.44   59.12   60.35   60.35   60.18   60.00   60.18   60.18   60.00   60.18   60.18   60.18   60.18   66.34
     3: A0A8H2VFS6   50.81   86.08  100.00   57.37   53.04   53.22   52.69   52.51   35.71   52.86   59.85   59.85   52.86   53.03   53.21   59.09   52.86   53.03   53.03   53.03   55.09   53.97   53.57   52.52   52.52   52.52   52.19   52.36   52.36   52.01   51.13   50.96   50.96   50.70   52.79   51.05   51.05   53.77   53.77   57.29   50.87   56.02   56.00   57.52   57.34   57.34   57.52   57.02   58.25   58.25   58.07   57.89   58.25   58.25   57.89   58.07   58.07   58.07   58.07   63.90
     4: J7S4L0       54.17   58.42   57.37  100.00   53.45   53.63   55.38   54.14   32.20   54.14   64.77   64.77   54.14   53.97   53.79   54.63   54.14   54.14   54.14   54.14   56.99   56.43   56.46   52.73   52.38   52.38   53.74   53.38   53.38   53.74   51.77   51.42   51.42   52.30   52.66   53.72   53.72   52.94   52.94   56.91   52.63   56.84   58.33   56.13   56.13   57.02   57.37   57.30   56.76   56.76   56.94   56.76   57.12   57.12   56.76   56.94   56.94   56.94   56.94   62.44
     5: A0A6C1EFJ1   47.64   52.95   53.04   53.45  100.00   98.96   80.48   82.21   71.09   81.69   82.20   82.20   81.87   81.69   81.69   88.18   81.69   81.87   81.87   81.87   57.62   56.03   57.75   56.87   57.22   57.22   54.59   55.83   55.83   56.01   55.91   56.08   56.08   53.52   53.70   55.46   55.46   50.97   50.97   50.80   53.78   52.73   54.47   55.65   55.83   54.59   53.97   55.22   54.87   54.87   55.04   54.87   55.04   55.04   54.87   55.04   55.04   55.04   55.04   60.00
     6: A0A0L8RHK1   47.64   53.30   53.22   53.63   98.96  100.00   80.48   82.21   69.53   81.52   82.58   82.58   81.52   81.52   81.52   88.18   81.52   81.69   81.69   81.69   57.80   56.21   57.92   57.04   57.39   57.39   54.77   56.01   56.01   56.18   55.91   56.08   56.08   53.70   53.87   55.63   55.63   51.15   51.15   51.15   53.95   53.26   54.47   56.18   56.36   55.12   54.50   55.75   55.40   55.40   55.58   55.40   55.58   55.58   55.40   55.58   55.58   55.58   55.58   60.73
     7: J5RIY5       48.19   53.11   52.69   55.38   80.48   80.48  100.00   87.95   75.38   86.57   88.26   88.26   86.57   86.40   86.57   95.45   86.40   86.57   86.57   86.57   57.88   56.54   57.54   55.44   55.44   55.44   54.05   55.11   55.11   54.75   55.18   55.36   55.36   52.28   53.33   54.74   54.74   50.53   50.53   52.30   52.19   54.48   54.20   55.38   55.56   54.50   54.40   55.30   54.95   54.95   55.12   54.95   55.12   55.12   54.95   55.12   55.12   55.12   55.12   60.00
     8: A0A8B8UZ17   48.19   53.46   52.51   54.14   82.21   82.21   87.95  100.00   85.38   93.12   93.56   93.56   93.12   92.94   92.94   98.18   92.77   92.94   92.94   92.94   57.35   55.30   56.49   55.09   55.26   55.26   54.40   55.63   55.63   55.28   55.89   55.89   55.89   51.93   53.68   54.56   54.56   50.88   50.70   51.06   52.19   53.43   53.50   55.03   55.20   53.44   54.23   55.30   54.77   54.77   55.12   54.77   54.95   54.95   54.77   54.95   54.95   54.95   54.95   59.51
     9: N1NVP4       31.73   34.65   35.71   32.20   71.09   69.53   75.38   85.38  100.00  100.00    -nan    -nan   99.23   99.23   99.23    -nan   98.46   99.23   99.23   99.23   39.47   33.33   35.54   34.71   34.71   34.71   39.50   39.50   39.50   39.50   35.83   36.67   36.67   34.17   32.50   36.67   36.67   29.66   29.66   33.33   31.15   35.00   37.19   33.33   33.33   32.50   32.23   34.45   35.29   35.29   35.29   35.29   35.29   35.29   35.29   35.29   35.29   35.29   35.29    -nan
    10: P0C155       47.47   53.63   52.86   54.14   81.69   81.52   86.57   93.12  100.00  100.00  100.00  100.00   99.31   99.14   99.14  100.00   98.97   99.14   99.14   99.14   58.05   55.65   57.19   55.96   56.14   56.14   55.46   56.51   56.51   56.51   55.89   56.06   56.06   52.11   53.86   54.56   54.56   51.41   51.23   52.47   52.54   53.95   54.55   56.26   56.44   55.03   55.63   56.89   56.54   56.54   56.71   56.54   56.71   56.71   56.54   56.71   56.71   56.71   56.71   61.46
    11: N1NWB7       52.27   62.12   59.85   64.77   82.20   82.58   88.26   93.56    -nan  100.00  100.00  100.00   99.24   99.24   99.24    -nan   99.24   99.24   99.24   99.24   63.64   64.02   65.15   64.77   65.15   65.15   64.02   65.15   65.15   65.15   62.88   62.88   62.88   57.95   62.88   62.50   62.50   57.95   57.95   58.33   60.98   60.23   62.50   62.50   62.12   61.74   62.12   62.12   61.74   61.74   61.74   61.36   61.74   61.74   61.74   61.74   61.74   61.74   61.74   61.74
    12: A6ZN60       52.27   62.12   59.85   64.77   82.20   82.58   88.26   93.56    -nan  100.00  100.00  100.00   99.24   99.24   99.24    -nan   99.24   99.24   99.24   99.24   63.64   64.02   65.15   64.77   65.15   65.15   64.02   65.15   65.15   65.15   62.88   62.88   62.88   57.95   62.88   62.50   62.50   57.95   57.95   58.33   60.98   60.23   62.50   62.50   62.12   61.74   62.12   62.12   61.74   61.74   61.74   61.36   61.74   61.74   61.74   61.74   61.74   61.74   61.74   61.74
    13: G2WM86       47.47   53.63   52.86   54.14   81.87   81.52   86.57   93.12   99.23   99.31   99.24   99.24  100.00   99.14   99.14  100.00   98.97   99.14   99.14   99.14   58.05   55.65   57.19   55.79   55.96   55.96   55.28   56.34   56.34   56.34   55.71   55.89   55.89   51.93   53.68   54.39   54.39   51.23   51.06   52.47   52.54   53.78   54.55   56.26   56.44   55.03   55.63   56.89   56.54   56.54   56.71   56.54   56.71   56.71   56.54   56.71   56.71   56.71   56.71   61.46
    14: C8ZHG4       47.47   53.81   53.03   53.97   81.69   81.52   86.40   92.94   99.23   99.14   99.24   99.24   99.14  100.00   99.31  100.00   99.48   99.66   99.66   99.66   57.70   55.65   56.84   55.79   55.96   55.96   55.28   56.34   56.34   56.34   55.89   56.06   56.06   52.11   53.86   54.56   54.56   51.23   51.06   52.30   52.71   53.78   54.55   56.26   56.44   55.20   55.63   56.89   56.54   56.54   56.71   56.54   56.71   56.71   56.54   56.71   56.71   56.71   56.71   61.71
    15: A0A6C1DZX0   47.47   53.98   53.21   53.79   81.69   81.52   86.57   92.94   99.23   99.14   99.24   99.24   99.14   99.31  100.00  100.00   98.80   98.97   98.97   98.97   58.05   56.01   57.19   55.96   56.14   56.14   55.46   56.51   56.51   56.51   55.89   56.06   56.06   52.11   53.86   54.56   54.56   51.06   50.88   52.83   52.54   54.13   54.55   56.44   56.61   55.20   55.81   57.07   56.71   56.71   56.89   56.71   56.89   56.89   56.71   56.89   56.89   56.89   56.89   61.71
    16: N1NX78       50.46   58.18   59.09   54.63   88.18   88.18   95.45   98.18    -nan  100.00    -nan    -nan  100.00  100.00  100.00  100.00   99.09   99.09   99.09   99.09   62.73   59.26   61.11   60.19   60.19   60.19   52.78   56.48   56.48   55.56   60.19   59.26   59.26   55.05   54.13   54.13   54.13   59.63   58.72   63.89   55.56   59.26   60.91   66.98   67.92   64.15   65.09   66.04   66.04   66.04   66.04   66.04   66.04   66.04   66.04   66.04   66.04   66.04   66.04   66.04
    17: A0A0L8VI06   47.65   53.63   52.86   54.14   81.69   81.52   86.40   92.77   98.46   98.97   99.24   99.24   98.97   99.48   98.80   99.09  100.00   99.83   99.83   99.83   57.88   55.30   56.84   55.61   55.79   55.79   55.11   56.16   56.16   56.16   55.54   55.71   55.71   51.75   53.68   54.39   54.39   51.58   51.41   52.12   52.54   53.78   54.72   56.26   56.44   55.20   55.63   56.89   56.54   56.54   56.71   56.54   56.71   56.71   56.54   56.71   56.71   56.71   56.71   61.71
    18: H0GMY6       47.65   53.81   53.03   54.14   81.87   81.69   86.57   92.94   99.23   99.14   99.24   99.24   99.14   99.66   98.97   99.09   99.83  100.00  100.00  100.00   57.88   55.48   57.02   55.79   55.96   55.96   55.28   56.34   56.34   56.34   55.71   55.89   55.89   51.93   53.68   54.56   54.56   51.41   51.23   52.12   52.54   53.78   54.72   56.26   56.44   55.20   55.63   56.89   56.54   56.54   56.71   56.54   56.71   56.71   56.54   56.71   56.71   56.71   56.71   61.71
    19: B3LIR6       47.65   53.81   53.03   54.14   81.87   81.69   86.57   92.94   99.23   99.14   99.24   99.24   99.14   99.66   98.97   99.09   99.83  100.00  100.00  100.00   57.88   55.48   57.02   55.79   55.96   55.96   55.28   56.34   56.34   56.34   55.71   55.89   55.89   51.93   53.68   54.56   54.56   51.41   51.23   52.12   52.54   53.78   54.72   56.26   56.44   55.20   55.63   56.89   56.54   56.54   56.71   56.54   56.71   56.71   56.54   56.71   56.71   56.71   56.71   61.71
    20: B5VRA8       47.65   53.81   53.03   54.14   81.87   81.69   86.57   92.94   99.23   99.14   99.24   99.24   99.14   99.66   98.97   99.09   99.83  100.00  100.00  100.00   57.88   55.48   57.02   55.79   55.96   55.96   55.28   56.34   56.34   56.34   55.71   55.89   55.89   51.93   53.68   54.56   54.56   51.41   51.23   52.12   52.54   53.78   54.72   56.26   56.44   55.20   55.63   56.89   56.54   56.54   56.71   56.54   56.71   56.71   56.54   56.71   56.71   56.71   56.71   61.71
    21: G8ZYU7       52.01   55.96   55.09   56.99   57.62   57.80   57.88   57.35   39.47   58.05   63.64   63.64   58.05   57.70   58.05   62.73   57.88   57.88   57.88   57.88  100.00   72.19   71.70   61.48   60.60   60.42   63.35   62.99   62.99   62.63   59.57   59.22   59.22   59.47   61.06   60.71   60.71   53.39   53.39   57.42   61.77   58.19   57.30   59.11   59.29   59.82   58.72   59.29   59.46   59.46   59.64   59.46   59.82   59.82   59.46   59.64   59.64   59.64   59.64   64.88
    22: A0A7H9HNQ4   50.09   55.38   53.97   56.43   56.03   56.21   56.54   55.30   33.33   55.65   64.02   64.02   55.65   55.65   56.01   59.26   55.30   55.48   55.48   55.48   72.19  100.00   89.44   59.89   59.54   59.36   62.10   62.63   62.63   61.92   59.54   59.01   59.01   57.77   60.25   59.54   59.54   51.60   51.60   54.74   58.51   55.32   55.95   58.82   58.65   58.82   58.26   59.00   58.82   58.82   59.00   58.82   59.18   59.18   58.82   59.00   59.00   59.00   59.00   63.41
    23: A0A7G3ZA50   51.00   54.43   53.57   56.46   57.75   57.92   57.54   56.49   35.54   57.19   65.15   65.15   57.19   56.84   57.19   61.11   56.84   57.02   57.02   57.02   71.70   89.44  100.00   58.81   58.29   58.12   62.74   62.04   62.04   62.39   59.37   58.84   58.84   56.22   59.19   58.67   58.67   52.92   52.92   53.19   58.22   56.24   56.79   58.02   57.85   58.02   57.82   58.02   57.67   57.67   57.85   57.67   58.02   58.02   57.67   57.85   57.85   57.85   57.85   63.17
    24: A0A1S7HRE4   50.00   53.39   52.52   52.73   56.87   57.04   55.44   55.09   34.71   55.96   64.77   64.77   55.79   55.79   55.96   60.19   55.61   55.79   55.79   55.79   61.48   59.89   58.81  100.00   96.01   95.83   70.58   72.50   72.50   71.45   66.32   65.62   65.62   63.00   64.40   64.22   64.22   51.15   51.15   56.28   56.27   56.32   54.83   53.78   53.60   53.25   52.63   53.25   53.78   53.78   53.60   53.43   53.60   53.60   53.43   53.60   53.60   53.60   53.60   57.80
    25: A0A8J2T8M9   50.00   53.22   52.52   52.38   57.22   57.39   55.44   55.26   34.71   56.14   65.15   65.15   55.96   55.96   56.14   60.19   55.79   55.96   55.96   55.96   60.60   59.54   58.29   96.01  100.00   99.83   71.45   72.85   72.85   72.15   65.27   64.92   64.92   63.53   64.22   64.22   64.22   50.97   50.97   56.11   56.97   56.14   54.66   53.95   53.78   53.43   52.81   53.43   54.13   54.13   53.95   53.78   53.95   53.95   53.78   53.95   53.95   53.95   53.95   58.29
    26: A0A1S7I0G8   50.00   53.22   52.52   52.38   57.22   57.39   55.44   55.26   34.71   56.14   65.15   65.15   55.96   55.96   56.14   60.19   55.79   55.96   55.96   55.96   60.42   59.36   58.12   95.83   99.83  100.00   71.28   72.68   72.68   71.98   65.27   64.92   64.92   63.53   64.22   64.22   64.22   50.97   50.97   56.11   56.97   56.14   54.66   53.95   53.78   53.43   52.81   53.43   54.13   54.13   53.95   53.78   53.95   53.95   53.78   53.95   53.95   53.95   53.95   58.29
    27: A0A4C2E2X8   49.73   53.42   52.19   53.74   54.59   54.77   54.05   54.40   39.50   55.46   64.02   64.02   55.28   55.28   55.46   52.78   55.11   55.28   55.28   55.28   63.35   62.10   62.74   70.58   71.45   71.28  100.00   86.36   86.36   88.81   64.74   64.74   64.74   64.39   65.96   66.67   66.67   50.89   50.89   55.85   56.77   57.64   54.50   56.46   56.28   56.28   55.65   56.28   56.81   56.81   56.64   56.46   56.81   56.81   56.46   56.64   56.64   56.64   56.64   60.00
    28: A0A1Q3A6P4   49.91   53.42   52.36   53.38   55.83   56.01   55.11   55.63   39.50   56.51   65.15   65.15   56.34   56.34   56.51   56.48   56.16   56.34   56.34   56.34   62.99   62.63   62.04   72.50   72.85   72.68   86.36  100.00  100.00   90.38   65.26   64.74   64.74   65.44   65.61   67.02   67.02   51.42   51.42   56.21   57.29   56.24   55.38   57.52   57.35   56.64   56.01   57.35   57.52   57.52   57.70   57.52   57.88   57.88   57.52   57.70   57.70   57.70   57.70   61.22
    29: C5E182       49.91   53.42   52.36   53.38   55.83   56.01   55.11   55.63   39.50   56.51   65.15   65.15   56.34   56.34   56.51   56.48   56.16   56.34   56.34   56.34   62.99   62.63   62.04   72.50   72.85   72.68   86.36  100.00  100.00   90.38   65.26   64.74   64.74   65.44   65.61   67.02   67.02   51.42   51.42   56.21   57.29   56.24   55.38   57.52   57.35   56.64   56.01   57.35   57.52   57.52   57.70   57.52   57.88   57.88   57.52   57.70   57.70   57.70   57.70   61.22
    30: A0A1Q3AKM4   50.45   53.24   52.01   53.74   56.01   56.18   54.75   55.28   39.50   56.51   65.15   65.15   56.34   56.34   56.51   55.56   56.16   56.34   56.34   56.34   62.63   61.92   62.39   71.45   72.15   71.98   88.81   90.38   90.38  100.00   66.14   65.44   65.44   64.74   65.26   67.54   67.54   50.89   50.89   56.03   57.47   56.77   55.03   56.81   56.64   56.11   55.30   56.99   57.17   57.17   57.35   57.17   57.52   57.52   57.17   57.35   57.35   57.35   57.35   60.24
    31: A0A1S7HQV6   49.10   50.96   51.13   51.77   55.91   55.91   55.18   55.89   35.83   55.89   62.88   62.88   55.71   55.89   55.89   60.19   55.54   55.71   55.71   55.71   59.57   59.54   59.37   66.32   65.27   65.27   64.74   65.26   65.26   66.14  100.00   97.39   97.39   64.81   66.38   67.07   67.07   48.32   48.32   54.16   57.27   55.44   53.25   53.44   53.62   53.97   53.17   53.44   53.44   53.44   53.62   53.44   53.62   53.62   53.44   53.62   53.62   53.62   53.62   60.24
    32: A0A1S7HZU9   48.92   50.61   50.96   51.42   56.08   56.08   55.36   55.89   36.67   56.06   62.88   62.88   55.89   56.06   56.06   59.26   55.71   55.89   55.89   55.89   59.22   59.01   58.84   65.62   64.92   64.92   64.74   64.74   64.74   65.44   97.39  100.00  100.00   64.29   65.85   66.90   66.90   48.32   48.32   53.63   57.79   55.61   53.25   53.44   53.62   53.44   52.29   53.44   53.44   53.44   53.62   53.44   53.62   53.62   53.44   53.62   53.62   53.62   53.62   60.00
    33: A0A8J2TC42   48.92   50.61   50.96   51.42   56.08   56.08   55.36   55.89   36.67   56.06   62.88   62.88   55.89   56.06   56.06   59.26   55.71   55.89   55.89   55.89   59.22   59.01   58.84   65.62   64.92   64.92   64.74   64.74   64.74   65.44   97.39  100.00  100.00   64.29   65.85   66.90   66.90   48.32   48.32   53.63   57.79   55.61   53.25   53.44   53.62   53.44   52.29   53.44   53.44   53.44   53.62   53.44   53.62   53.62   53.44   53.62   53.62   53.62   53.62   60.00
    34: A0A4C2EDG7   49.01   51.74   50.70   52.30   53.52   53.70   52.28   51.93   34.17   52.11   57.95   57.95   51.93   52.11   52.11   55.05   51.75   51.93   51.93   51.93   59.47   57.77   56.22   63.00   63.53   63.53   64.39   65.44   65.44   64.74   64.81   64.29   64.29  100.00   83.65   84.00   84.00   48.24   48.24   56.18   55.34   54.04   51.93   52.20   52.03   52.20   52.11   52.38   52.38   52.38   52.56   52.38   52.73   52.73   52.38   52.56   52.56   52.56   52.56   59.02
    35: A0A1Q3AHP3   49.91   53.14   52.79   52.66   53.70   53.87   53.33   53.68   32.50   53.86   62.88   62.88   53.68   53.86   53.86   54.13   53.68   53.68   53.68   53.68   61.06   60.25   59.19   64.40   64.22   64.22   65.96   65.61   65.61   65.26   66.38   65.85   65.85   83.65  100.00   87.13   87.13   50.35   50.35   55.83   56.04   55.09   52.63   53.79   53.62   53.79   52.82   53.26   53.09   53.09   52.91   52.73   53.09   53.09   52.73   52.91   52.91   52.91   52.91   58.78
    36: A0A1Q3A3Y4   49.55   51.92   51.05   53.72   55.46   55.63   54.74   54.56   36.67   54.56   62.50   62.50   54.39   54.56   54.56   54.13   54.39   54.56   54.56   54.56   60.71   59.54   58.67   64.22   64.22   64.22   66.67   67.02   67.02   67.54   67.07   66.90   66.90   84.00   87.13  100.00  100.00   50.35   50.35   55.48   56.57   55.44   54.21   54.50   54.32   54.32   53.35   54.67   54.14   54.14   54.32   54.14   54.50   54.50   54.14   54.32   54.32   54.32   54.32   59.76
    37: C5DYH0       49.55   51.92   51.05   53.72   55.46   55.63   54.74   54.56   36.67   54.56   62.50   62.50   54.39   54.56   54.56   54.13   54.39   54.56   54.56   54.56   60.71   59.54   58.67   64.22   64.22   64.22   66.67   67.02   67.02   67.54   67.07   66.90   66.90   84.00   87.13  100.00  100.00   50.35   50.35   55.48   56.57   55.44   54.21   54.50   54.32   54.32   53.35   54.67   54.14   54.14   54.32   54.14   54.50   54.50   54.14   54.32   54.32   54.32   54.32   59.76
    38: A0A0W0DQK1   49.55   55.69   53.77   52.94   50.97   51.15   50.53   50.88   29.66   51.41   57.95   57.95   51.23   51.23   51.06   59.63   51.58   51.41   51.41   51.41   53.39   51.60   52.92   51.15   50.97   50.97   50.89   51.42   51.42   50.89   48.32   48.32   48.32   48.24   50.35   50.35   50.35  100.00   99.83   56.46   52.11   57.35   54.29   57.04   57.04   55.81   56.16   58.55   58.38   58.38   58.55   58.38   58.73   58.73   58.38   58.55   58.55   58.55   58.55   62.29
    39: Q6FX49       49.55   55.69   53.77   52.94   50.97   51.15   50.53   50.70   29.66   51.23   57.95   57.95   51.06   51.06   50.88   58.72   51.41   51.23   51.23   51.23   53.39   51.60   52.92   51.15   50.97   50.97   50.89   51.42   51.42   50.89   48.32   48.32   48.32   48.24   50.35   50.35   50.35   99.83  100.00   56.46   52.11   57.35   54.29   57.04   57.04   55.81   56.16   58.55   58.38   58.38   58.55   58.38   58.73   58.73   58.38   58.55   58.55   58.55   58.55   62.29
    40: G0VKC4       50.64   58.00   57.29   56.91   50.80   51.15   52.30   51.06   33.33   52.47   58.33   58.33   52.47   52.30   52.83   63.89   52.12   52.12   52.12   52.12   57.42   54.74   53.19   56.28   56.11   56.11   55.85   56.21   56.21   56.03   54.16   53.63   53.63   56.18   55.83   55.48   55.48   56.46   56.46  100.00   52.74   66.55   55.99   60.39   60.57   60.21   59.57   60.57   60.92   60.92   61.10   60.92   61.28   61.28   60.92   61.10   61.10   61.10   61.10   66.34
    41: A0A7H9B9H2   47.83   51.39   50.87   52.63   53.78   53.95   52.19   52.19   31.15   52.54   60.98   60.98   52.54   52.71   52.54   55.56   52.54   52.54   52.54   52.54   61.77   58.51   58.22   56.27   56.97   56.97   56.77   57.29   57.29   57.47   57.27   57.79   57.79   55.34   56.04   56.57   56.57   52.11   52.11   52.74  100.00   54.74   54.91   57.52   57.52   57.52   57.17   57.97   57.44   57.44   57.62   57.44   57.44   57.44   57.62   57.62   57.62   57.62   57.62   64.88
    42: G0W5K1       50.45   56.72   56.02   56.84   52.73   53.26   54.48   53.43   35.00   53.95   60.23   60.23   53.78   53.78   54.13   59.26   53.78   53.78   53.78   53.78   58.19   55.32   56.24   56.32   56.14   56.14   57.64   56.24   56.24   56.77   55.44   55.61   55.61   54.04   55.09   55.44   55.44   57.35   57.35   66.55   54.74  100.00   56.22   61.88   62.06   61.17   60.18   60.46   60.64   60.64   60.46   60.28   60.28   60.28   60.28   60.46   60.46   60.46   60.46   65.85
    43: H2AWM2       53.25   57.22   56.00   58.33   54.47   54.47   54.20   53.50   37.19   54.55   62.50   62.50   54.55   54.55   54.55   60.91   54.72   54.72   54.72   54.72   57.30   55.95   56.79   54.83   54.66   54.66   54.50   55.38   55.38   55.03   53.25   53.25   53.25   51.93   52.63   54.21   54.21   54.29   54.29   55.99   54.91   56.22  100.00   60.04   60.21   60.04   60.56   62.26   61.38   61.38   61.55   61.55   61.55   61.55   61.38   61.55   61.55   61.55   61.55   68.05
    44: A0A0L8RG91   50.09   58.22   57.52   56.13   55.65   56.18   55.38   55.03   33.33   56.26   62.50   62.50   56.26   56.26   56.44   66.98   56.26   56.26   56.26   56.26   59.11   58.82   58.02   53.78   53.95   53.95   56.46   57.52   57.52   56.81   53.44   53.44   53.44   52.20   53.79   54.50   54.50   57.04   57.04   60.39   57.52   61.88   60.04  100.00   99.31   86.83   89.22   89.39   89.04   89.04   88.70   88.70   88.70   88.70   88.70   88.87   88.87   88.87   88.87   92.70
    45: A0A6C1EB86   49.91   58.04   57.34   56.13   55.83   56.36   55.56   55.20   33.33   56.44   62.12   62.12   56.44   56.44   56.61   67.92   56.44   56.44   56.44   56.44   59.29   58.65   57.85   53.60   53.78   53.78   56.28   57.35   57.35   56.64   53.62   53.62   53.62   52.03   53.62   54.32   54.32   57.04   57.04   60.57   57.52   62.06   60.21   99.31  100.00   86.66   89.04   89.57   89.22   89.22   88.87   88.87   88.87   88.87   88.87   89.04   89.04   89.04   89.04   92.94
    46: J8LMB0       50.64   59.62   57.34   57.02   54.59   55.12   54.50   53.44   32.50   55.03   61.74   61.74   55.03   55.20   55.20   64.15   55.20   55.20   55.20   55.20   59.82   58.82   58.02   53.25   53.43   53.43   56.28   56.64   56.64   56.11   53.97   53.44   53.44   52.20   53.79   54.32   54.32   55.81   55.81   60.21   57.52   61.17   60.04   86.83   86.66  100.00   88.00   87.13   86.61   86.61   86.26   86.26   86.26   86.26   86.26   86.43   86.43   86.43   86.43   92.94
    47: H0GWL5       50.36   59.44   57.52   57.37   53.97   54.50   54.40   54.23   32.23   55.63   62.12   62.12   55.63   55.63   55.81   65.09   55.63   55.63   55.63   55.63   58.72   58.26   57.82   52.63   52.81   52.81   55.65   56.01   56.01   55.30   53.17   52.29   52.29   52.11   52.82   53.35   53.35   56.16   56.16   59.57   57.17   60.18   60.56   89.22   89.04   88.00  100.00   92.70   92.35   92.35   92.00   92.00   92.00   92.00   92.00   92.17   92.17   92.17   92.17   96.35
    48: A0A8B8UTS1   50.64   59.12   57.02   57.30   55.22   55.75   55.30   55.30   34.45   56.89   62.12   62.12   56.89   56.89   57.07   66.04   56.89   56.89   56.89   56.89   59.29   59.00   58.02   53.25   53.43   53.43   56.28   57.35   57.35   56.99   53.44   53.44   53.44   52.38   53.26   54.67   54.67   58.55   58.55   60.57   57.97   60.46   62.26   89.39   89.57   87.13   92.70  100.00   97.22   97.22   97.22   97.22   97.22   97.22   97.22   97.40   97.40   97.40   97.40   98.54
    49: N1P3U1       51.55   60.35   58.25   56.76   54.87   55.40   54.95   54.77   35.29   56.54   61.74   61.74   56.54   56.54   56.71   66.04   56.54   56.54   56.54   56.54   59.46   58.82   57.67   53.78   54.13   54.13   56.81   57.52   57.52   57.17   53.44   53.44   53.44   52.38   53.09   54.14   54.14   58.38   58.38   60.92   57.44   60.64   61.38   89.04   89.22   86.61   92.35   97.22  100.00  100.00   99.65   99.65   99.65   99.65   99.65   99.83   99.83   99.83   99.83  100.00
    50: G2WGK2       51.55   60.35   58.25   56.76   54.87   55.40   54.95   54.77   35.29   56.54   61.74   61.74   56.54   56.54   56.71   66.04   56.54   56.54   56.54   56.54   59.46   58.82   57.67   53.78   54.13   54.13   56.81   57.52   57.52   57.17   53.44   53.44   53.44   52.38   53.09   54.14   54.14   58.38   58.38   60.92   57.44   60.64   61.38   89.04   89.22   86.61   92.35   97.22  100.00  100.00   99.65   99.65   99.65   99.65   99.65   99.83   99.83   99.83   99.83  100.00
    51: C7GRZ9       51.73   60.18   58.07   56.94   55.04   55.58   55.12   55.12   35.29   56.71   61.74   61.74   56.71   56.71   56.89   66.04   56.71   56.71   56.71   56.71   59.64   59.00   57.85   53.60   53.95   53.95   56.64   57.70   57.70   57.35   53.62   53.62   53.62   52.56   52.91   54.32   54.32   58.55   58.55   61.10   57.62   60.46   61.55   88.70   88.87   86.26   92.00   97.22   99.65   99.65  100.00   99.65   99.65   99.65   99.65   99.83   99.83   99.83   99.83   99.76
    52: H0GII2       51.55   60.00   57.89   56.76   54.87   55.40   54.95   54.77   35.29   56.54   61.36   61.36   56.54   56.54   56.71   66.04   56.54   56.54   56.54   56.54   59.46   58.82   57.67   53.43   53.78   53.78   56.46   57.52   57.52   57.17   53.44   53.44   53.44   52.38   52.73   54.14   54.14   58.38   58.38   60.92   57.44   60.28   61.55   88.70   88.87   86.26   92.00   97.22   99.65   99.65   99.65  100.00   99.65   99.65   99.65   99.83   99.83   99.83   99.83   99.76
    53: P27614       51.91   60.18   58.25   57.12   55.04   55.58   55.12   54.95   35.29   56.71   61.74   61.74   56.71   56.71   56.89   66.04   56.71   56.71   56.71   56.71   59.82   59.18   58.02   53.60   53.95   53.95   56.81   57.88   57.88   57.52   53.62   53.62   53.62   52.73   53.09   54.50   54.50   58.73   58.73   61.28   57.44   60.28   61.55   88.70   88.87   86.26   92.00   97.22   99.65   99.65   99.65   99.65  100.00  100.00   99.65   99.83   99.83   99.83   99.83   99.76
    54: A0A8H4FAG1   51.91   60.18   58.25   57.12   55.04   55.58   55.12   54.95   35.29   56.71   61.74   61.74   56.71   56.71   56.89   66.04   56.71   56.71   56.71   56.71   59.82   59.18   58.02   53.60   53.95   53.95   56.81   57.88   57.88   57.52   53.62   53.62   53.62   52.73   53.09   54.50   54.50   58.73   58.73   61.28   57.44   60.28   61.55   88.70   88.87   86.26   92.00   97.22   99.65   99.65   99.65   99.65  100.00  100.00   99.65   99.83   99.83   99.83   99.83   99.76
    55: A6ZQG1       51.55   60.00   57.89   56.76   54.87   55.40   54.95   54.77   35.29   56.54   61.74   61.74   56.54   56.54   56.71   66.04   56.54   56.54   56.54   56.54   59.46   58.82   57.67   53.43   53.78   53.78   56.46   57.52   57.52   57.17   53.44   53.44   53.44   52.38   52.73   54.14   54.14   58.38   58.38   60.92   57.62   60.28   61.38   88.70   88.87   86.26   92.00   97.22   99.65   99.65   99.65   99.65   99.65   99.65  100.00   99.83   99.83   99.83   99.83  100.00
    56: A0A6C1DTE2   51.73   60.18   58.07   56.94   55.04   55.58   55.12   54.95   35.29   56.71   61.74   61.74   56.71   56.71   56.89   66.04   56.71   56.71   56.71   56.71   59.64   59.00   57.85   53.60   53.95   53.95   56.64   57.70   57.70   57.35   53.62   53.62   53.62   52.56   52.91   54.32   54.32   58.55   58.55   61.10   57.62   60.46   61.55   88.87   89.04   86.43   92.17   97.40   99.83   99.83   99.83   99.83   99.83   99.83   99.83  100.00  100.00  100.00  100.00  100.00
    57: B3LPV2       51.73   60.18   58.07   56.94   55.04   55.58   55.12   54.95   35.29   56.71   61.74   61.74   56.71   56.71   56.89   66.04   56.71   56.71   56.71   56.71   59.64   59.00   57.85   53.60   53.95   53.95   56.64   57.70   57.70   57.35   53.62   53.62   53.62   52.56   52.91   54.32   54.32   58.55   58.55   61.10   57.62   60.46   61.55   88.87   89.04   86.43   92.17   97.40   99.83   99.83   99.83   99.83   99.83   99.83   99.83  100.00  100.00  100.00  100.00  100.00
    58: A0A0L8VMI1   51.73   60.18   58.07   56.94   55.04   55.58   55.12   54.95   35.29   56.71   61.74   61.74   56.71   56.71   56.89   66.04   56.71   56.71   56.71   56.71   59.64   59.00   57.85   53.60   53.95   53.95   56.64   57.70   57.70   57.35   53.62   53.62   53.62   52.56   52.91   54.32   54.32   58.55   58.55   61.10   57.62   60.46   61.55   88.87   89.04   86.43   92.17   97.40   99.83   99.83   99.83   99.83   99.83   99.83   99.83  100.00  100.00  100.00  100.00  100.00
    59: C8ZB47       51.73   60.18   58.07   56.94   55.04   55.58   55.12   54.95   35.29   56.71   61.74   61.74   56.71   56.71   56.89   66.04   56.71   56.71   56.71   56.71   59.64   59.00   57.85   53.60   53.95   53.95   56.64   57.70   57.70   57.35   53.62   53.62   53.62   52.56   52.91   54.32   54.32   58.55   58.55   61.10   57.62   60.46   61.55   88.87   89.04   86.43   92.17   97.40   99.83   99.83   99.83   99.83   99.83   99.83   99.83  100.00  100.00  100.00  100.00  100.00
    60: B5VL15       54.15   66.34   63.90   62.44   60.00   60.73   60.00   59.51    -nan   61.46   61.74   61.74   61.46   61.71   61.71   66.04   61.71   61.71   61.71   61.71   64.88   63.41   63.17   57.80   58.29   58.29   60.00   61.22   61.22   60.24   60.24   60.00   60.00   59.02   58.78   59.76   59.76   62.29   62.29   66.34   64.88   65.85   68.05   92.70   92.94   92.94   96.35   98.54  100.00  100.00   99.76   99.76   99.76   99.76  100.00  100.00  100.00  100.00  100.00  100.00
