(
A0A662T616:0.00000,
A0A7J2X394:0.00000,
A0A662T3G7:0.06991);
