#
#
#  Percent Identity  Matrix - created by Clustal2.1 
#
#

     1: A0A427XM44_91.9_95.3_94.6_43.2_86.2_21.1  100.00   62.26   60.80   49.64   54.19   53.89   53.89   53.45   53.71   52.83   52.83   52.57   52.57   52.18   53.20   53.20   53.20   53.20   52.67   54.38   54.20   54.56   54.74   54.74
     2: A0A0J0XT35_96.8_98.1_95.5_62.9_84.2_21.7   62.26  100.00   63.74   53.87   53.68   52.32   52.32   52.23   52.49   51.97   51.97   54.45   54.45   53.33   55.03   55.03   54.32   54.32   55.20   53.89   53.71   56.03   55.85   55.85
     3: A0A7D8Z2Q9_91.9_96.7_95.8_56.8_92.6_25.4   60.80   63.74  100.00   53.74   55.90   54.81   54.81   54.42   54.81   54.04   54.04   55.60   55.60   56.06   57.48   57.48   56.89   57.09   56.31   55.15   54.95   57.48   58.06   58.06
     4: A0A4Q1BKI0_95.4_97.5_94.8_49.9_88.7_21.2   49.64   53.87   53.74  100.00   54.83   54.48   54.48   54.05   55.18   54.13   54.13   58.88   58.88   56.93   57.93   57.93   58.65   59.00   57.55   58.21   57.86   60.32   60.50   60.14
     5: A0A427Y8H6_91.9_96.4_94.3_55.0_87.0_22.6   54.19   53.68   55.90   54.83  100.00   59.58   59.58   59.16   59.76   58.71   58.71   65.51   65.51   60.36   62.32   62.85   62.68   62.85   63.73   61.20   61.20   64.01   64.36   64.18
     6: A0A0D0YER8_94.2_96.7_95.6_74.2_87.0_25.4   53.89   52.32   54.81   54.48   59.58  100.00  100.00   97.28   91.86   92.71   92.54   59.30   59.30   66.67   68.13   68.13   67.08   67.08   66.55   65.26   65.44   66.26   66.61   66.78
     7: E6RBE5_94.7_96.8_95.6_69.8_87.1_25.2       53.89   52.32   54.81   54.48   59.58  100.00  100.00   97.28   91.86   92.71   92.54   59.30   59.30   66.67   68.13   68.13   67.08   67.08   66.55   65.26   65.44   66.26   66.61   66.78
     8: A0A0D0VMH0_94.1_96.6_95.3_69.6_86.9_25.0   53.45   52.23   54.42   54.05   59.16   97.28   97.28  100.00   91.51   92.70   92.53   59.06   59.06   65.89   67.37   67.37   66.49   66.49   65.96   65.03   65.20   65.49   65.85   66.02
     9: J9VTX6_95.1_97.1_95.3_67.2_86.8_24.1       53.71   52.49   54.81   55.18   59.76   91.86   91.86   91.51  100.00   93.40   93.23   59.83   59.83   67.03   68.48   68.48   67.60   67.60   67.08   64.91   65.09   65.91   66.26   66.43
    10: Q55N18_94.6_97.2_95.8_78.9_87.3_26.2       52.83   51.97   54.04   54.13   58.71   92.71   92.71   92.70   93.40  100.00   99.83   59.65   59.65   65.95   67.43   67.25   66.20   66.20   65.85   64.56   64.74   65.38   65.38   65.55
    11: Q5KBE8_94.4_96.6_95.4_72.9_86.9_24.7       52.83   51.97   54.04   54.13   58.71   92.54   92.54   92.53   93.23   99.83  100.00   59.65   59.65   65.77   67.43   67.08   66.02   66.02   65.67   64.56   64.74   65.20   65.20   65.38
    12: A0A1B9HAS0_95.8_97.9_94.1_48.3_87.7_28.6   52.57   54.45   55.60   58.88   65.51   59.30   59.30   59.06   59.83   59.65   59.65  100.00  100.00   64.64   67.19   67.19   66.67   66.67   66.84   66.55   66.55   66.26   66.26   66.43
    13: A0A1B9H0Q4_95.9_97.9_95.2_65.4_88.3_25.5   52.57   54.45   55.60   58.88   65.51   59.30   59.30   59.06   59.83   59.65   59.65  100.00  100.00   64.64   67.19   67.19   66.67   66.67   66.84   66.55   66.55   66.26   66.26   66.43
    14: A0A0D0V253_93.3_96.9_93.8_55.8_86.7_27.0   52.18   53.33   56.06   56.93   60.36   66.67   66.67   65.89   67.03   65.95   65.77   64.64   64.64  100.00   94.82   94.64   87.86   87.68   88.21   69.30   69.12   70.86   71.76   71.94
    15: A0A0D0UQD6_94.0_97.2_95.2_52.2_88.3_26.3   53.20   55.03   57.48   57.93   62.32   68.13   68.13   67.37   68.48   67.43   67.43   67.19   67.19   94.82  100.00   97.03   90.58   90.40   90.58   72.11   71.93   73.29   74.34   74.52
    16: A0A0D0YWZ5_94.3_97.3_95.2_63.1_88.4_26.2   53.20   55.03   57.48   57.93   62.85   68.13   68.13   67.37   68.48   67.25   67.08   67.19   67.19   94.64   97.03  100.00   89.88   89.70   90.40   71.58   71.40   73.29   74.17   74.34
    17: Q5KPG2_94.2_97.3_95.2_57.4_88.9_28.7       53.20   54.32   56.89   58.65   62.68   67.08   67.08   66.49   67.60   66.20   66.02   66.67   66.67   87.86   90.58   89.88  100.00   99.48   91.80   71.40   71.23   72.76   73.99   73.81
    18: Q560G0_94.2_97.2_94.6_53.5_88.2_29.8       53.20   54.32   57.09   59.00   62.85   67.08   67.08   66.49   67.60   66.20   66.02   66.67   66.67   87.68   90.40   89.70   99.48  100.00   91.80   71.75   71.58   73.11   74.34   74.17
    19: A0A854QL32_94.7_97.6_95.4_57.0_86.3_21.8   52.67   55.20   56.31   57.55   63.73   66.55   66.55   65.96   67.08   65.85   65.67   66.84   66.84   88.21   90.58   90.40   91.80   91.80  100.00   70.70   70.53   72.76   73.81   73.99
    20: A0A1E3II36_96.5_98.2_95.4_60.0_89.8_27.1   54.38   53.89   55.15   58.21   61.20   65.26   65.26   65.03   64.91   64.56   64.56   66.55   66.55   69.30   72.11   71.58   71.40   71.75   70.70  100.00   99.47   74.07   74.96   74.78
    21: A0A1E3J9T3_96.4_98.1_95.5_62.1_90.2_28.4   54.20   53.71   54.95   57.86   61.20   65.44   65.44   65.20   65.09   64.74   64.74   66.55   66.55   69.12   71.93   71.40   71.23   71.58   70.53   99.47  100.00   73.90   74.78   74.60
    22: A0A5D3B0B0_96.7_98.1_95.2_57.0_89.6_25.3   54.56   56.03   57.48   60.32   64.01   66.26   66.26   65.49   65.91   65.38   65.20   66.26   66.26   70.86   73.29   73.29   72.76   73.11   72.76   74.07   73.90  100.00   97.19   96.84
    23: A0A1E3I0M0_96.6_98.1_95.2_55.4_90.0_30.5   54.74   55.85   58.06   60.50   64.36   66.61   66.61   65.85   66.26   65.38   65.20   66.26   66.26   71.76   74.34   74.17   73.99   74.34   73.81   74.96   74.78   97.19  100.00   99.47
    24: A0A1E3K9W1_96.7_98.1_95.2_55.3_89.8_30.8   54.74   55.85   58.06   60.14   64.18   66.78   66.78   66.02   66.43   65.55   65.38   66.43   66.43   71.94   74.52   74.34   73.81   74.17   73.99   74.78   74.60   96.84   99.47  100.00
