(
A0A212EM38_-1___-1___-1___-1___60.7_34.6:0.00000,
A0A212FCJ4_75.6_79.8_82.9_44.2_82.0_28.4:0.00000,
A0A7I0ZMN2_77.5_79.2_82.4_41.4_81.4_28.6:0.00000);
