#
#
#  Percent Identity  Matrix - created by Clustal2.1 
#
#

     1: A0A3E2H0P1_87.4_95.1_87.3_31.2_80.0_24.5  100.00   58.50   58.68   59.74   60.67   65.45   63.87   63.39   62.84   67.10   64.12   62.30
     2: A0A3D8QJK9_84.6_95.2_96.1_83.9_88.2_25.7   58.50  100.00   95.56   62.02   65.54   69.58   68.75   68.91   68.39   72.32   68.22   67.53
     3: A0A3D8QZB9_82.4_94.9_95.8_73.6_87.9_26.2   58.68   95.56  100.00   62.20   65.72   69.96   68.57   68.91   68.39   71.92   67.88   67.88
     4: A0A0C3HBC1_84.5_95.4_95.1_50.9_89.6_30.7   59.74   62.02   62.20  100.00   64.41   68.32   65.80   67.42   65.57   72.67   67.30   67.65
     5: K1XH97_89.4_96.5_94.3_42.0_87.6_27.4       60.67   65.54   65.72   64.41  100.00   67.70   72.32   73.14   72.13   76.24   71.43   69.31
     6: A0A2T3AZG5_81.1_94.8_95.8_74.2_94.0_26.5   65.45   69.58   69.96   68.32   67.70  100.00   70.22   71.67   71.16   73.74   71.54   70.59
     7: A0A2V1BIX5_-1___-1___-1___-1___91.2_25.2   63.87   68.75   68.57   65.80   72.32   70.22  100.00   76.10   75.37   75.56   73.16   72.43
     8: A0A1L7XRW0_86.7_94.5_95.5_56.2_88.9_29.7   63.39   68.91   68.91   67.42   73.14   71.67   76.10  100.00   87.97   79.19   75.95   75.09
     9: A0A194XA10_85.9_94.9_95.6_65.5_89.7_29.0   62.84   68.39   68.39   65.57   72.13   71.16   75.37   87.97  100.00   80.20   76.16   75.81
    10: A0A2J6PYL1_-1___-1___-1___-1___94.7_48.4   67.10   72.32   71.92   72.67   76.24   73.74   75.56   79.19   80.20  100.00   88.48   88.69
    11: A0A2J6RBP5_83.8_93.8_95.6_76.8_88.0_25.3   64.12   68.22   67.88   67.30   71.43   71.54   73.16   75.95   76.16   88.48  100.00   91.42
    12: A0A2J6TIG0_84.5_95.3_95.9_74.4_88.8_28.0   62.30   67.53   67.88   67.65   69.31   70.59   72.43   75.09   75.81   88.69   91.42  100.00
