(
A0A1I8FU69:0.40737,
A0A267E9L5:0.00942,
A0A267E435:0.00466);
