#
#
#  Percent Identity  Matrix - created by Clustal2.1 
#
#

     1: A0A815KFJ4  100.00   97.37   97.53   63.59   64.55   63.59   63.93   63.76   58.10   57.56   58.10   58.10   58.10   53.66   58.10   56.27   59.43   59.43   59.27   59.10   59.10   59.13   59.30   59.30   59.13   59.13   59.13   59.13   59.45   59.66   59.66   60.00   59.66   53.69   61.96   62.03   58.04   58.21   71.74   55.08
     2: A0A815LKS9   97.37  100.00   99.84   63.26   64.36   63.26   63.59   63.42   57.60   58.20   57.60   57.60   57.60   54.88   57.60   56.02   58.76   58.76   58.60   58.43   58.43   58.63   58.79   58.79   58.63   58.63   58.63   58.63   59.10   59.14   59.14   59.64   59.14   54.43   60.87   60.76   57.53   57.70   71.74   56.78
     3: A0A816DR40   97.53   99.84  100.00   63.26   64.36   63.26   63.59   63.42   57.60   58.20   57.60   57.60   57.60   54.88   57.60   56.02   58.76   58.76   58.60   58.43   58.43   58.63   58.79   58.79   58.63   58.63   58.63   58.63   59.10   59.14   59.14   59.64   59.14   54.43   60.87   60.76   57.53   57.70   71.74   56.78
     4: A0A814D8M4   63.59   63.26   63.26  100.00   99.83   98.11   98.58   98.58   71.79   73.31   72.11   72.11   71.95   68.94   71.95   72.97   70.36   70.52   70.84   71.00   71.00   68.94   69.11   68.94   69.92   69.92   69.92   69.92   70.18   70.25   70.25   70.54   70.25   64.10   71.28   69.14   71.50   71.66   80.43   72.17
     5: A0A814DBC8   64.55   64.36   64.36   99.83  100.00   98.10   98.45   98.45   72.65   73.31   73.00   73.00   72.82   68.94   72.82   74.52   71.95   71.95   72.13   72.30   72.30   70.41   70.59   70.41   71.30   71.30   71.30   71.30   71.64   71.59   71.59   71.95   71.59   65.92   71.28   69.14   72.13   72.31   80.43   72.17
     6: A0A813SLF9   63.59   63.26   63.26   98.11   98.10  100.00   99.21   98.90   72.42   73.95   72.74   72.74   72.58   69.57   72.58   73.68   70.84   71.00   71.32   71.47   71.47   68.94   69.11   68.94   69.92   69.92   69.92   69.92   70.18   70.25   70.25   70.54   70.25   64.34   71.28   69.14   71.50   71.82   80.43   72.17
     7: A0A814APQ4   63.93   63.59   63.59   98.58   98.45   99.21  100.00   99.69   72.27   73.63   72.58   72.58   72.42   68.94   72.42   73.44   71.00   71.16   71.47   71.63   71.63   69.11   69.27   69.11   70.08   70.08   70.08   70.08   70.35   70.42   70.42   70.71   70.42   64.34   71.28   69.14   71.66   71.98   80.43   72.17
     8: A0A818RL71   63.76   63.42   63.42   98.58   98.45   98.90   99.69  100.00   72.11   73.63   72.42   72.42   72.27   68.94   72.27   73.44   70.84   71.00   71.32   71.47   71.47   68.94   69.11   68.94   69.92   69.92   69.92   69.92   70.18   70.25   70.25   70.54   70.25   64.34   71.28   69.14   71.50   71.82   80.43   72.17
     9: A0A813TQM3   58.10   57.60   57.60   71.79   72.65   72.42   72.27   72.11  100.00  100.00   99.69   99.54   99.69  100.00   99.85   99.77   85.29   85.45   85.60   85.60   85.60   74.68   74.68   74.52   75.16   75.16   75.16   75.00   75.96   75.67   75.67   76.51   75.50   64.24   88.17   86.25   88.13   88.29   93.48   84.87
    10: A0A813T210   57.56   58.20   58.20   73.31   73.31   73.95   73.63   73.63  100.00  100.00   99.37   99.37   99.68  100.00   99.68   99.68   83.17   83.17   83.17   83.17   83.17   72.70   72.70   72.38   71.43   71.43   71.43   71.43   73.13   72.00   72.00   73.84   72.00   67.30    -nan    -nan   86.54   86.86   93.48   84.87
    11: A0A813U5R0   58.10   57.60   57.60   72.11   73.00   72.74   72.58   72.42   99.69   99.37  100.00   99.85   99.69   99.39   99.85   99.77   85.60   85.76   85.91   85.91   85.91   74.84   74.84   74.68   75.32   75.32   75.32   75.16   76.13   75.67   75.67   76.51   75.50   64.47   88.17   86.25   88.45   88.61   93.48   85.71
    12: A0A819E4M7   58.10   57.60   57.60   72.11   73.00   72.74   72.58   72.42   99.54   99.37   99.85  100.00   99.85   99.39   99.69   99.53   85.45   85.60   85.76   85.76   85.76   75.00   75.00   74.84   75.48   75.48   75.48   75.32   76.29   75.83   75.83   76.68   75.67   64.47   88.17   86.25   88.29   88.45   93.48   85.71
    13: A0A814BZH9   58.10   57.60   57.60   71.95   72.82   72.58   72.42   72.27   99.69   99.68   99.69   99.85  100.00  100.00   99.85   99.77   85.29   85.45   85.60   85.60   85.60   75.00   75.00   74.84   75.48   75.48   75.48   75.32   76.29   75.83   75.83   76.68   75.67   64.47   88.17   86.25   88.13   88.29   93.48   84.87
    14: A0A819SN00   53.66   54.88   54.88   68.94   68.94   69.57   68.94   68.94  100.00  100.00   99.39   99.39  100.00  100.00  100.00  100.00   82.42   82.42   82.42   82.42   82.42   67.27   67.27   67.27   66.67   66.67   66.67   66.67   69.44   66.67   66.67   69.44   66.67   68.48    -nan    -nan   83.33   83.33   93.48   84.87
    15: A0A813YUP3   58.10   57.60   57.60   71.95   72.82   72.58   72.42   72.27   99.85   99.68   99.85   99.69   99.85  100.00  100.00  100.00   85.45   85.60   85.76   85.76   85.76   74.84   74.84   74.68   75.32   75.32   75.32   75.16   76.13   75.67   75.67   76.51   75.50   64.47   88.17   86.25   88.29   88.45   93.48   84.87
    16: A0A819Q9N3   56.27   56.02   56.02   72.97   74.52   73.68   73.44   73.44   99.77   99.68   99.77   99.53   99.77  100.00  100.00  100.00   83.45   83.68   83.92   83.92   83.92   72.62   72.62   72.38   71.67   71.67   71.67   71.43   72.68   72.00   72.00   73.09   71.75   64.47    -nan    -nan   87.02   87.26   93.48   84.87
    17: A0A813XPM9   59.43   58.76   58.76   70.36   71.95   70.84   71.00   70.84   85.29   83.17   85.60   85.45   85.29   82.42   85.45   83.45  100.00   99.85   98.92   97.99   98.14   75.00   75.00   74.84   75.16   75.16   75.16   75.00   75.46   75.33   75.33   75.65   75.17   64.94   86.02   83.75   87.03   87.18   93.48   89.08
    18: A0A818EIV1   59.43   58.76   58.76   70.52   71.95   71.00   71.16   71.00   85.45   83.17   85.76   85.60   85.45   82.42   85.60   83.68   99.85  100.00   99.07   98.14   98.30   75.16   75.16   75.00   75.32   75.32   75.32   75.16   75.63   75.50   75.50   75.82   75.33   64.71   86.02   83.75   87.18   87.34   93.48   89.08
    19: A0A821FRI7   59.27   58.60   58.60   70.84   72.13   71.32   71.47   71.32   85.60   83.17   85.91   85.76   85.60   82.42   85.76   83.92   98.92   99.07  100.00   99.07   98.92   75.32   75.32   75.16   75.48   75.48   75.48   75.32   75.79   75.67   75.67   75.99   75.50   64.71   86.02   83.75   87.18   87.34   93.48   88.24
    20: A0A814QR34   59.10   58.43   58.43   71.00   72.30   71.47   71.63   71.47   85.60   83.17   85.91   85.76   85.60   82.42   85.76   83.92   97.99   98.14   99.07  100.00   99.85   75.16   75.16   75.00   75.32   75.32   75.32   75.16   75.63   75.50   75.50   75.82   75.33   64.47   86.02   83.75   87.03   87.18   93.48   88.24
    21: A0A818JK42   59.10   58.43   58.43   71.00   72.30   71.47   71.63   71.47   85.60   83.17   85.91   85.76   85.60   82.42   85.76   83.92   98.14   98.30   98.92   99.85  100.00   75.16   75.16   75.00   75.32   75.32   75.32   75.16   75.63   75.50   75.50   75.82   75.33   64.47   86.02   83.75   87.03   87.18   93.48   88.24
    22: A0A818TT98   59.13   58.63   58.63   68.94   70.41   68.94   69.11   68.94   74.68   72.70   74.84   75.00   75.00   67.27   74.84   72.62   75.00   75.16   75.32   75.16   75.16  100.00   99.84   99.68   95.35   95.35   95.35   95.18   95.50   95.19   95.19   95.34   95.02   62.20   79.79   77.78   75.57   75.74   80.43   68.07
    23: A0A818BUP1   59.30   58.79   58.79   69.11   70.59   69.11   69.27   69.11   74.68   72.70   74.84   75.00   75.00   67.27   74.84   72.62   75.00   75.16   75.32   75.16   75.16   99.84  100.00   99.84   95.51   95.51   95.51   95.35   95.50   95.36   95.36   95.34   95.19   62.20   79.79   77.78   75.57   75.74   80.43   68.07
    24: A0A821PL06   59.30   58.79   58.79   68.94   70.41   68.94   69.11   68.94   74.52   72.38   74.68   74.84   74.84   67.27   74.68   72.38   74.84   75.00   75.16   75.00   75.00   99.68   99.84  100.00   95.35   95.35   95.35   95.18   95.33   95.19   95.19   95.17   95.02   61.96   79.79   77.78   75.41   75.57   80.43   68.07
    25: A0A8S2JTM1   59.13   58.63   58.63   69.92   71.30   69.92   70.08   69.92   75.16   71.43   75.32   75.48   75.48   66.67   75.32   71.67   75.16   75.32   75.48   75.32   75.32   95.35   95.51   95.35  100.00   99.84   99.84   99.68   99.67   99.83   99.83   99.66   99.67   62.20   81.91   80.25   75.57   75.74   80.43   68.91
    26: A0A8S2IU34   59.13   58.63   58.63   69.92   71.30   69.92   70.08   69.92   75.16   71.43   75.32   75.48   75.48   66.67   75.32   71.67   75.16   75.32   75.48   75.32   75.32   95.35   95.51   95.35   99.84  100.00   99.84   99.68   99.67  100.00   99.83   99.66   99.67   62.20   81.91   80.25   75.57   75.74   80.43   68.91
    27: A0A8S2KVJ7   59.13   58.63   58.63   69.92   71.30   69.92   70.08   69.92   75.16   71.43   75.32   75.48   75.48   66.67   75.32   71.67   75.16   75.32   75.48   75.32   75.32   95.35   95.51   95.35   99.84   99.84  100.00   99.84   99.83   99.83  100.00   99.83   99.83   62.20   81.91   80.25   75.57   75.74   80.43   68.91
    28: A0A819SN92   59.13   58.63   58.63   69.92   71.30   69.92   70.08   69.92   75.00   71.43   75.16   75.32   75.32   66.67   75.16   71.43   75.00   75.16   75.32   75.16   75.16   95.18   95.35   95.18   99.68   99.68   99.84  100.00  100.00   99.67   99.83  100.00  100.00   62.20   81.91   80.25   75.41   75.57   80.43   68.91
    29: A0A819VKA9   59.45   59.10   59.10   70.18   71.64   70.18   70.35   70.18   75.96   73.13   76.13   76.29   76.29   69.44   76.13   72.68   75.46   75.63   75.79   75.63   75.63   95.50   95.50   95.33   99.67   99.67   99.83  100.00  100.00   99.66   99.83  100.00  100.00   64.05   81.91   80.25   76.35   76.52   80.43   73.27
    30: A0A816WB60   59.66   59.14   59.14   70.25   71.59   70.25   70.42   70.25   75.67   72.00   75.67   75.83   75.83   66.67   75.67   72.00   75.33   75.50   75.67   75.50   75.50   95.19   95.36   95.19   99.83  100.00   99.83   99.67   99.66  100.00   99.83   99.66   99.67   61.81   81.91   80.25   75.59   75.76   80.43   68.91
    31: A0A815LQZ2   59.66   59.14   59.14   70.25   71.59   70.25   70.42   70.25   75.67   72.00   75.67   75.83   75.83   66.67   75.67   72.00   75.33   75.50   75.67   75.50   75.50   95.19   95.36   95.19   99.83   99.83  100.00   99.83   99.83   99.83  100.00   99.83   99.83   61.81   81.91   80.25   75.59   75.76   80.43   68.91
    32: A0A816U2E3   60.00   59.64   59.64   70.54   71.95   70.54   70.71   70.54   76.51   73.84   76.51   76.68   76.68   69.44   76.51   73.09   75.65   75.82   75.99   75.82   75.82   95.34   95.34   95.17   99.66   99.66   99.83  100.00  100.00   99.66   99.83  100.00  100.00   63.73   81.91   80.25   76.40   76.57   80.43   73.27
    33: A0A816N991   59.66   59.14   59.14   70.25   71.59   70.25   70.42   70.25   75.50   72.00   75.50   75.67   75.67   66.67   75.50   71.75   75.17   75.33   75.50   75.33   75.33   95.02   95.19   95.02   99.67   99.67   99.83  100.00  100.00   99.67   99.83  100.00  100.00   61.81   81.91   80.25   75.42   75.59   80.43   68.91
    34: A0A819G1W8   53.69   54.43   54.43   64.10   65.92   64.34   64.34   64.34   64.24   67.30   64.47   64.47   64.47   68.48   64.47   64.47   64.94   64.71   64.71   64.47   64.47   62.20   62.20   61.96   62.20   62.20   62.20   62.20   64.05   61.81   61.81   63.73   61.81  100.00    -nan    -nan   66.82   67.06   89.13   74.79
    35: A0A817QEP1   61.96   60.87   60.87   71.28   71.28   71.28   71.28   71.28   88.17    -nan   88.17   88.17   88.17    -nan   88.17    -nan   86.02   86.02   86.02   86.02   86.02   79.79   79.79   79.79   81.91   81.91   81.91   81.91   81.91   81.91   81.91   81.91   81.91    -nan  100.00  100.00  100.00  100.00    -nan    -nan
    36: A0A818PPQ1   62.03   60.76   60.76   69.14   69.14   69.14   69.14   69.14   86.25    -nan   86.25   86.25   86.25    -nan   86.25    -nan   83.75   83.75   83.75   83.75   83.75   77.78   77.78   77.78   80.25   80.25   80.25   80.25   80.25   80.25   80.25   80.25   80.25    -nan  100.00  100.00  100.00  100.00    -nan    -nan
    37: A0A817DI36   58.04   57.53   57.53   71.50   72.13   71.50   71.66   71.50   88.13   86.54   88.45   88.29   88.13   83.33   88.29   87.02   87.03   87.18   87.18   87.03   87.03   75.57   75.57   75.41   75.57   75.57   75.57   75.41   76.35   75.59   75.59   76.40   75.42   66.82  100.00  100.00  100.00   99.53  100.00  100.00
    38: A0A817MLN8   58.21   57.70   57.70   71.66   72.31   71.82   71.98   71.82   88.29   86.86   88.61   88.45   88.29   83.33   88.45   87.26   87.18   87.34   87.34   87.18   87.18   75.74   75.74   75.57   75.74   75.74   75.74   75.57   76.52   75.76   75.76   76.57   75.59   67.06  100.00  100.00   99.53  100.00  100.00  100.00
    39: A0A821Q356   71.74   71.74   71.74   80.43   80.43   80.43   80.43   80.43   93.48   93.48   93.48   93.48   93.48   93.48   93.48   93.48   93.48   93.48   93.48   93.48   93.48   80.43   80.43   80.43   80.43   80.43   80.43   80.43   80.43   80.43   80.43   80.43   80.43   89.13    -nan    -nan  100.00  100.00  100.00  100.00
    40: A0A818I5G2   55.08   56.78   56.78   72.17   72.17   72.17   72.17   72.17   84.87   84.87   85.71   85.71   84.87   84.87   84.87   84.87   89.08   89.08   88.24   88.24   88.24   68.07   68.07   68.07   68.91   68.91   68.91   68.91   73.27   68.91   68.91   73.27   68.91   74.79    -nan    -nan  100.00  100.00  100.00  100.00
