#
#
#  Percent Identity  Matrix - created by Clustal2.1 
#
#

     1: A0A1D2AEZ4_88.9_73.1_91.6_41.6_86.8_20.1  100.00  100.00  100.00   55.27   55.87   55.24
     2: A0A087SD01_89.1_68.6_90.1_40.5_85.9_21.9  100.00  100.00  100.00   56.28   57.77   56.65
     3: A0A3M7KQI6_87.9_67.0_83.6_27.0_82.2_21.3  100.00  100.00  100.00   57.44   58.49   57.55
     4: E1ZQM8_89.8_72.4_87.5_30.0_76.7_22.8       55.27   56.28   57.44  100.00   63.69   67.22
     5: A0A2P6V0S3_87.2_72.1_89.5_23.5_85.0_23.5   55.87   57.77   58.49   63.69  100.00   67.23
     6: A0A2P6TUS1_-1___-1___-1___-1___80.1_21.0   55.24   56.65   57.55   67.22   67.23  100.00
