#
#
#  Percent Identity  Matrix - created by Clustal2.1 
#
#

     1: J4HZY2      100.00   62.25   54.77   54.07   54.59   57.85   56.42   55.30   55.98   57.27   57.09   48.96   44.98   48.52   50.45   49.65   49.13   46.41   48.60   47.72   47.72   49.39   50.87   53.48   51.50   52.74   52.66   54.07
     2: A0A4Y9YTH1   62.25  100.00   57.14   56.37   55.05   58.57   59.93   60.43   61.15   63.36   62.82   52.29   48.81   51.20   51.68   50.93   52.73   48.52   51.19   49.82   50.18   51.40   52.88   53.42   53.28   54.68   53.32   55.99
     3: A0A067Q6I7   54.77   57.14  100.00   59.11   59.93   61.47   63.36   62.97   62.63   63.23   63.40   59.32   55.37   53.45   54.45   52.94   52.54   50.69   52.77   51.99   52.16   56.48   56.97   58.77   56.10   59.76   60.31   61.10
     4: A0A4Y9ZV78   54.07   56.37   59.11  100.00   71.02   73.57   63.59   60.85   60.41   64.75   63.56   59.21   55.40   50.34   52.64   51.13   54.51   51.91   52.59   53.18   53.18   51.77   52.61   54.37   54.92   57.39   57.59   57.52
     5: A0A4Y9Z123   54.59   55.05   59.93   71.02  100.00   93.76   60.64   59.97   60.88   62.96   63.13   56.57   52.59   50.78   52.83   51.83   53.85   51.31   53.03   53.11   53.29   53.37   52.73   56.32   54.59   55.85   58.32   56.48
     6: A0A5B1QIK5   57.85   58.57   61.47   73.57   93.76  100.00   65.04   63.18   64.62   66.73   66.37   59.02   54.81   53.18   54.14   53.26   57.12   53.78   56.10   56.02   56.20   56.56   56.17   58.24   57.80   57.98   60.44   58.93
     7: S7QAQ2       56.42   59.93   63.36   63.59   60.64   65.04  100.00   64.38   63.31   66.55   64.86   59.09   54.88   54.23   56.73   55.75   54.78   52.29   54.13   54.83   55.01   57.80   57.89   60.04   58.88   61.88   61.46   61.15
     8: A0A2G8RTZ9   55.30   60.43   62.97   60.85   59.97   63.18   64.38  100.00   92.44   70.73   71.24   58.93   55.44   54.09   55.06   53.94   52.84   50.17   54.26   53.12   53.30   57.68   58.00   60.14   57.94   60.18   59.15   61.39
     9: A0A5K1JS16   55.98   61.15   62.63   60.41   60.88   64.62   63.31   92.44  100.00   71.16   72.51   59.10   55.61   54.43   55.95   54.82   54.22   51.13   54.09   53.12   53.30   57.83   57.79   59.61   57.07   59.47   59.51   60.32
    10: A0A060SGG1   57.27   63.36   63.23   64.75   62.96   66.73   66.55   70.73   71.16  100.00   88.21   59.34   55.13   55.50   55.61   54.66   55.50   51.83   55.32   54.70   54.88   56.61   57.24   57.85   57.67   59.12   59.33   61.36
    11: A0A1Y2IPP1   57.09   62.82   63.40   63.56   63.13   66.37   64.86   71.24   72.51   88.21  100.00   59.16   55.48   55.15   55.26   54.48   54.12   52.36   54.97   54.18   54.53   55.56   57.59   56.97   56.97   58.07   58.45   60.64
    12: V2X6V4       48.96   52.29   59.32   59.21   56.57   59.02   59.09   58.93   59.10   59.34   59.16  100.00   95.01   59.66   61.36   59.52   54.33   52.65   54.47   55.57   55.40   55.99   57.27   57.67   58.89   60.24   59.41   60.07
    13: A0A0W0GA04   44.98   48.81   55.37   55.40   52.59   54.81   54.88   55.44   55.61   55.13   55.48   95.01  100.00   55.74   57.49   55.93   50.08   48.38   51.54   52.48   52.31   52.11   53.23   53.99   55.08   56.06   55.21   55.81
    14: A0A8H5FPQ3   48.52   51.20   53.45   50.34   50.78   53.18   54.23   54.09   54.43   55.50   55.15   59.66   55.74  100.00   78.53   77.80   49.32   49.92   48.20   48.80   48.63   51.85   51.49   52.97   52.69   52.79   54.10   54.27
    15: A0A4S8KNZ8   50.45   51.68   54.45   52.64   52.83   54.14   56.73   55.06   55.95   55.61   55.26   61.36   57.49   78.53  100.00   98.30   48.70   50.87   51.22   51.13   50.96   53.23   52.66   54.08   54.34   54.80   54.77   54.04
    16: A0A4S8L0M9   49.65   50.93   52.94   51.13   51.83   53.26   55.75   53.94   54.82   54.66   54.48   59.52   55.93   77.80   98.30  100.00   47.88   49.83   50.77   50.86   50.69   52.38   52.01   53.31   53.23   53.50   53.30   53.11
    17: A0A5C3L115   49.13   52.73   52.54   54.51   53.85   57.12   54.78   52.84   54.22   55.50   54.12   54.33   50.08   49.32   48.70   47.88  100.00   66.06   56.66   58.67   58.50   56.72   58.03   58.69   57.09   57.75   59.08   60.49
    18: A8N9I4       46.41   48.52   50.69   51.91   51.31   53.78   52.29   50.17   51.13   51.83   52.36   52.65   48.38   49.92   50.87   49.83   66.06  100.00   56.09   58.63   58.46   55.17   55.09   56.90   55.92   55.92   56.09   59.93
    19: A0A4Q2DGW8   48.60   51.19   52.77   52.59   53.03   56.10   54.13   54.26   54.09   55.32   54.97   54.47   51.54   48.20   51.22   50.77   56.66   56.09  100.00   69.51   69.85   58.04   56.92   58.49   57.99   57.71   56.92   56.77
    20: A0A8H5FH02   47.72   49.82   51.99   53.18   53.11   56.02   54.83   53.12   53.12   54.70   54.18   55.57   52.48   48.80   51.13   50.86   58.67   58.63   69.51  100.00   98.17   58.39   56.58   57.46   59.01   58.90   59.49   58.85
    21: A0A8H6I9Q9   47.72   50.18   52.16   53.18   53.29   56.20   55.01   53.30   53.30   54.88   54.53   55.40   52.31   48.63   50.96   50.69   58.50   58.46   69.85   98.17  100.00   58.22   56.75   57.63   59.35   59.08   59.32   59.03
    22: A0A8S0WI40   49.39   51.40   56.48   51.77   53.37   56.56   57.80   57.68   57.83   56.61   55.56   55.99   52.11   51.85   53.23   52.38   56.72   55.17   58.04   58.39   58.22  100.00   60.60   64.50   66.96   66.32   68.18   67.32
    23: A0A8H5B3M5   50.87   52.88   56.97   52.61   52.73   56.17   57.89   58.00   57.79   57.24   57.59   57.27   53.23   51.49   52.66   52.01   58.03   55.09   56.92   56.58   56.75   60.60  100.00   65.93   67.63   67.35   67.40   66.78
    24: A0A409VNB1   53.48   53.42   58.77   54.37   56.32   58.24   60.04   60.14   59.61   57.85   56.97   57.67   53.99   52.97   54.08   53.31   58.69   56.90   58.49   57.46   57.63   64.50   65.93  100.00   66.50   67.18   67.62   68.50
    25: A0A8S0WPF1   51.50   53.28   56.10   54.92   54.59   57.80   58.88   57.94   57.07   57.67   56.97   58.89   55.08   52.69   54.34   53.23   57.09   55.92   57.99   59.01   59.35   66.96   67.63   66.50  100.00   72.90   70.73   70.33
    26: A0A0C3C7U8   52.74   54.68   59.76   57.39   55.85   57.98   61.88   60.18   59.47   59.12   58.07   60.24   56.06   52.79   54.80   53.50   57.75   55.92   57.71   58.90   59.08   66.32   67.35   67.18   72.90  100.00   73.77   73.84
    27: A0A8H4VIL6   52.66   53.32   60.31   57.59   58.32   60.44   61.46   59.15   59.51   59.33   58.45   59.41   55.21   54.10   54.77   53.30   59.08   56.09   56.92   59.49   59.32   68.18   67.40   67.62   70.73   73.77  100.00   74.44
    28: A0A8H7XTI0   54.07   55.99   61.10   57.52   56.48   58.93   61.15   61.39   60.32   61.36   60.64   60.07   55.81   54.27   54.04   53.11   60.49   59.93   56.77   58.85   59.03   67.32   66.78   68.50   70.33   73.84   74.44  100.00
