(
A0A8T0G0T4:0.14132,
A0A4Y2BQL6:0.03988,
A0A4Y2BS73:0.05487);
