(
B3RLL0:0.44836,
A0A369S5S3:0.00557,
B3RLK8:-0.00557);
