#
#
#  Percent Identity  Matrix - created by Clustal2.1 
#
#

     1: W9QA04_94.8_96.8_93.7_35.9_89.8_22.5      100.00   99.08   99.08   99.27   99.27   95.78   96.51   97.06   85.85   86.06
     2: A0A559LCV4_89.8_94.2_92.9_32.2_89.9_22.3   99.08  100.00   99.27   99.45   99.45   95.60   96.69   96.88   86.21   86.06
     3: A0A5C6TJ81_89.4_94.8_93.2_31.4_90.1_22.4   99.08   99.27  100.00   99.45   99.45   95.60   96.69   96.88   85.66   85.87
     4: N4TVK5_94.3_96.5_93.3_27.4_89.5_24.4       99.27   99.45   99.45  100.00   99.63   95.96   96.88   97.24   85.85   86.06
     5: W9ZVU3_94.2_96.1_91.3_26.3_89.9_23.0       99.27   99.45   99.45   99.63  100.00   95.78   96.88   97.06   85.85   86.06
     6: A0A2K0UV84_91.1_95.6_94.1_39.5_90.2_24.0   95.78   95.60   95.60   95.96   95.78  100.00   95.96   97.24   85.48   85.32
     7: A0A365N951_94.1_96.4_93.7_37.5_90.1_24.2   96.51   96.69   96.69   96.88   96.88   95.96  100.00   97.79   86.56   86.03
     8: A0A366Q7J0_94.5_96.7_93.7_33.5_90.0_23.1   97.06   96.88   96.88   97.24   97.06   97.24   97.79  100.00   86.00   85.85
     9: A0A1B8AJN3_92.5_95.4_90.9_27.2_89.4_21.9   85.85   86.21   85.66   85.85   85.85   85.48   86.56   86.00  100.00   96.39
    10: A0A2L2TE87_84.4_93.4_93.4_56.0_89.0_21.4   86.06   86.06   85.87   86.06   86.06   85.32   86.03   85.85   96.39  100.00
