#
#
#  Percent Identity  Matrix - created by Clustal2.1 
#
#

     1: C7ZC34_89.4_94.4_92.4_44.7_88.1_23.1      100.00   60.11   60.83   60.47   47.05   47.76   47.58   47.76   47.58   51.18   51.54   54.61   55.06   55.80   54.96   55.15   55.51   51.65   51.08   51.26   51.44
     2: A0A4R8QSC6_89.1_94.7_93.2_47.0_88.7_22.1   60.11  100.00   98.04   98.22   48.82   48.82   48.82   48.82   48.28   52.64   52.64   54.81   54.34   54.71   54.24   54.61   54.80   52.95   50.92   51.82   51.65
     3: A0A4R8Q0Y3_89.2_94.6_92.9_40.6_88.5_22.4   60.83   98.04  100.00   98.75   49.36   49.18   49.18   49.18   48.64   52.82   52.82   54.63   54.71   55.08   54.61   54.98   55.17   53.15   51.10   51.82   51.83
     4: A0A484FHZ0_87.6_92.3_92.2_36.2_87.8_22.7   60.47   98.22   98.75  100.00   49.55   49.36   49.36   49.36   48.82   52.46   52.46   54.63   54.53   54.90   54.43   54.80   54.98   52.95   50.55   51.46   51.28
     5: W6Q732_90.5_93.8_93.2_38.9_89.5_24.8       47.05   48.82   49.36   49.55  100.00   90.25   90.43   91.31   90.96   56.83   57.01   58.27   57.43   57.80   57.14   57.69   57.88   56.56   54.12   54.64   54.84
     6: A0A0A2I675_88.3_93.8_92.6_39.8_88.6_23.2   47.76   48.82   49.18   49.36   90.25  100.00   91.49   92.38   92.38   56.65   56.83   58.64   58.35   58.72   57.88   58.61   58.79   57.34   54.12   54.64   54.84
     7: A0A0G4PAQ1_89.2_93.9_92.8_38.0_89.0_24.2   47.58   48.82   49.18   49.36   90.43   91.49  100.00   95.74   95.39   56.83   57.01   58.64   58.17   58.90   57.88   58.79   58.79   56.95   53.58   53.93   54.12
     8: A0A1V6NKA8_85.8_92.7_92.8_40.3_88.8_23.3   47.76   48.82   49.18   49.36   91.31   92.38   95.74  100.00   95.74   56.65   56.83   59.01   58.35   59.08   58.06   58.97   59.16   57.53   54.12   54.64   54.84
     9: A0A1V6RMA9_89.5_93.8_92.2_35.3_88.3_22.2   47.58   48.28   48.64   48.82   90.96   92.38   95.39   95.74  100.00   56.47   56.65   59.19   58.53   58.90   58.06   58.79   58.97   57.34   54.30   55.00   55.20
    10: A0A4Q7K5B7_92.5_95.8_90.8_24.6_89.4_24.6   51.18   52.64   52.82   52.46   56.83   56.65   56.83   56.65   56.47  100.00   99.29   59.19   59.27   59.63   59.52   59.52   59.71   63.74   61.12   61.08   61.48
    11: A0A179FUH0_92.1_95.9_94.2_51.7_89.8_22.5   51.54   52.64   52.82   52.46   57.01   56.83   57.01   56.83   56.65   99.29  100.00   59.38   59.45   59.82   59.71   59.71   59.89   63.55   61.12   61.08   61.48
    12: C7Z6J2_94.1_97.1_93.9_38.6_90.8_23.5       54.61   54.81   54.63   54.63   58.27   58.64   58.64   59.01   59.19   59.19   59.38  100.00   92.45   92.27   92.28   91.91   92.83   63.64   59.41   59.38   59.78
    13: A0A428R382_93.8_96.7_94.2_40.4_90.6_22.0   55.06   54.34   54.71   54.53   57.43   58.35   58.17   58.35   58.53   59.27   59.45   92.45  100.00   97.62   97.25   97.25   97.80   65.61   60.22   59.27   60.41
    14: A0A428P4E8_93.3_96.4_93.9_42.0_90.4_20.8   55.80   54.71   55.08   54.90   57.80   58.72   58.90   59.08   58.90   59.63   59.82   92.27   97.62  100.00   98.35   98.17   98.72   65.22   60.41   59.45   60.59
    15: A0A428RTI4_93.5_96.7_94.2_41.3_90.7_22.6   54.96   54.24   54.61   54.43   57.14   57.88   57.88   58.06   58.06   59.52   59.71   92.28   97.25   98.35  100.00   98.35   98.54   65.42   60.11   59.16   60.29
    16: A0A428UBA8_93.5_96.8_94.1_35.8_90.4_22.8   55.15   54.61   54.98   54.80   57.69   58.61   58.79   58.97   58.79   59.52   59.71   91.91   97.25   98.17   98.35  100.00   99.09   65.22   60.11   59.16   60.29
    17: A0A3M2S2C2_92.6_96.4_94.2_39.9_90.5_21.7   55.51   54.80   55.17   54.98   57.88   58.79   58.79   59.16   58.97   59.71   59.89   92.83   97.80   98.72   98.54   99.09  100.00   65.22   60.48   59.52   60.66
    18: A0A425BV68_-1___-1___-1___-1___93.1_35.2   51.65   52.95   53.15   52.95   56.56   57.34   56.95   57.53   57.34   63.74   63.55   63.64   65.61   65.22   65.42   65.22   65.22  100.00   68.14   68.33   68.71
    19: A0A4R8QWF4_92.7_96.4_93.8_35.9_90.3_23.5   51.08   50.92   51.10   50.55   54.12   54.12   53.58   54.12   54.30   61.12   61.12   59.41   60.22   60.41   60.11   60.11   60.48   68.14  100.00   97.86   98.22
    20: A0A4R8QEV3_93.6_96.9_93.9_34.6_90.3_25.9   51.26   51.82   51.82   51.46   54.64   54.64   53.93   54.64   55.00   61.08   61.08   59.38   59.27   59.45   59.16   59.16   59.52   68.33   97.86  100.00   98.93
    21: N4VKZ5_93.4_97.1_94.2_42.7_90.8_25.1       51.44   51.65   51.83   51.28   54.84   54.84   54.12   54.84   55.20   61.48   61.48   59.78   60.41   60.59   60.29   60.29   60.66   68.71   98.22   98.93  100.00
