(
A0A7V2PU32_93.3_88.7_93.4_67.1_85.1_27.7:0.14212,
A0A3M1HS10_96.1_93.1_95.0_79.6_88.5_27.0:0.07472,
A0A3M1F0B1_95.6_92.2_95.5_78.0_84.7_25.5:0.08880);
