#
#
#  Percent Identity  Matrix - created by Clustal2.1 
#
#

     1: A0A3E2H0P1_87.4_95.1_87.3_31.2_80.0_24.5  100.00   58.68   58.87   59.67   65.73   60.86   59.52   64.07   60.73   63.87   62.59   63.14   63.62   67.31   64.05   62.59
     2: A0A3D8QJK9_84.6_95.2_96.1_83.9_88.2_25.7   58.68  100.00   95.56   61.98   69.45   65.49   66.43   67.67   63.67   68.93   68.39   68.91   70.81   72.32   68.22   67.53
     3: A0A3D8QZB9_82.4_94.9_95.8_73.6_87.9_26.2   58.87   95.56  100.00   62.15   69.83   65.66   66.09   67.48   63.15   68.75   68.39   68.91   70.81   71.92   67.88   67.88
     4: A0A0C3HBC1_84.5_95.4_95.1_50.9_89.6_30.7   59.67   61.98   62.15  100.00   68.13   64.25   64.46   67.11   61.74   65.75   65.74   67.76   67.30   72.67   67.30   67.65
     5: A0A2T3AZG5_81.1_94.8_95.8_74.2_94.0_26.5   65.73   69.45   69.83   68.13  100.00   67.70   68.64   66.03   64.14   70.36   71.16   71.54   71.16   73.74   71.54   70.59
     6: K1XH97_89.4_96.5_94.3_42.0_87.6_27.4       60.86   65.49   65.66   64.25   67.70  100.00   67.44   75.14   68.50   72.23   71.78   72.44   71.20   76.24   71.08   68.96
     7: A0A8T9C2E9_-1_-1_-1_-1_-1_-1               59.52   66.43   66.09   64.46   68.64   67.44  100.00   71.21   64.81   70.72   71.28   73.53   73.48   74.70   69.20   69.38
     8: A0A8H7WU45_-1_-1_-1_-1_-1_-1               64.07   67.67   67.48   67.11   66.03   75.14   71.21  100.00   77.26   83.53   76.88   76.69   76.50   75.56   74.25   73.68
     9: A0A8H7T144_-1_-1_-1_-1_-1_-1               60.73   63.67   63.15   61.74   64.14   68.50   64.81   77.26  100.00   87.32   68.69   69.72   68.69   71.31   67.13   67.65
    10: A0A2V1BIX5_-1_-1_-1_-1_91.2_25.2           63.87   68.93   68.75   65.75   70.36   72.23   70.72   83.53   87.32  100.00   75.37   76.10   75.18   75.56   73.16   72.43
    11: A0A194XA10_85.9_94.9_95.6_65.5_89.7_29.0   62.59   68.39   68.39   65.74   71.16   71.78   71.28   76.88   68.69   75.37  100.00   87.97   89.00   80.20   76.16   75.81
    12: A0A1L7XRW0_86.7_94.5_95.5_56.2_88.9_29.7   63.14   68.91   68.91   67.76   71.54   72.44   73.53   76.69   69.72   76.10   87.97  100.00   89.85   79.19   76.12   75.26
    13: A0A8S9BXG6_-1_-1_-1_-1_-1_-1               63.62   70.81   70.81   67.30   71.16   71.20   73.48   76.50   68.69   75.18   89.00   89.85  100.00   78.38   75.09   74.91
    14: A0A2J6PYL1_-1_-1_-1_-1_94.7_48.4           67.31   72.32   71.92   72.67   73.74   76.24   74.70   75.56   71.31   75.56   80.20   79.19   78.38  100.00   88.48   88.69
    15: A0A2J6RBP5_83.8_93.8_95.6_76.8_88.0_25.3   64.05   68.22   67.88   67.30   71.54   71.08   69.20   74.25   67.13   73.16   76.16   76.12   75.09   88.48  100.00   91.42
    16: A0A2J6TIG0_84.5_95.3_95.9_74.4_88.8_28.0   62.59   67.53   67.88   67.65   70.59   68.96   69.38   73.68   67.65   72.43   75.81   75.26   74.91   88.69   91.42  100.00
