(
A0A7V5DMN4:0.22264,
A0A933J5X3:0.19200,
A0A850A859:0.21099);
