(
A0A6J8A245:0.21468,
A0A8B6CQI4:0.03002,
A0A8B6GPP0:0.02350);
