#
#
#  Percent Identity  Matrix - created by Clustal2.1 
#
#

     1: A0A4V3EXG6  100.00   99.77   85.49   85.94   87.98   86.39
     2: A0A365D4Z8   99.77  100.00   85.26   85.71   87.76   86.17
     3: A0A0L1LK96   85.49   85.26  100.00   93.91   90.74   90.07
     4: A0A1H1ZKK2   85.94   85.71   93.91  100.00   91.65   89.62
     5: A0A9E8KLN7   87.98   87.76   90.74   91.65  100.00   92.78
     6: A0A4Q8UNM2   86.39   86.17   90.07   89.62   92.78  100.00
