#
#
#  Percent Identity  Matrix - created by Clustal2.1 
#
#

     1: A1D806      100.00   58.07   60.96   56.34   54.17   54.36   52.34   51.96   52.91   57.87   53.22   53.68   53.31   56.99   56.99   54.82   56.55   55.99   56.37   56.37   56.69   59.63   57.27   58.20   55.80   58.49   57.17   57.46   57.46   57.78   57.64   57.83   58.20   58.20   58.38   59.12   58.56   59.12   58.20   58.38   58.38   57.83   58.56   56.80   59.89   56.01   57.41   59.74   58.93   58.75   68.89   72.05   86.16   86.16   86.70   86.43   86.43   87.43   87.82   88.00   88.00   88.00   88.18   88.18   88.18   85.79   86.57   85.58   85.71   64.30   64.30   65.39   66.42   67.15   59.10   63.77   62.90   63.65   65.16   65.27   65.64   65.64   65.27   65.64   65.82   63.62   65.60   67.14   67.14   67.14   67.98   67.26   67.62   67.56   67.74   67.62   67.62   67.44   68.45   67.62   67.62   67.62   67.62   67.62   67.62   67.44   67.62   65.77   66.85   67.03   66.31   61.58   61.99   61.95   64.86   63.30   63.49   63.49   63.87   63.25   62.82   62.82   62.82   63.16   63.16   63.27   62.91   63.88   63.70   62.90   63.70   63.70   63.70   63.88   63.88   63.88   63.22   63.88   63.70   63.70   63.70   63.70   63.70
     2: A0A8H3P294   58.07  100.00   69.98   69.15   53.91   52.83   53.07   52.12   52.88   58.97   54.49   55.83   54.58   56.79   56.79   57.00   53.52   52.67   53.30   52.67   56.16   54.79   54.93   56.39   55.14   53.99   53.97   55.56   55.56   55.56   55.14   55.35   55.02   55.02   56.39   56.81   56.60   56.39   56.18   56.39   56.39   53.92   56.39   55.25   56.60   56.24   57.20   58.40   58.11   57.89   61.95   61.86   63.64   63.64   63.64   64.06   63.22   63.43   63.02   63.22   63.84   64.05   64.05   64.05   64.05   62.81   59.30   61.57   61.78   60.79   61.20   62.66   60.00   60.29   60.04   61.51   59.87   61.32   62.35   61.52   61.93   61.93   61.52   62.27   62.06   60.25   60.04   62.17   62.68   62.68   63.49   62.37   63.30   62.89   62.37   63.09   63.09   62.68   63.09   62.06   62.06   62.06   62.06   62.06   62.06   62.06   62.06   63.56   63.35   63.35   63.56   58.88   57.88   61.39   62.70   58.88   59.09   59.09   61.08   60.95   60.04   60.25   60.25   60.37   60.16   60.08   60.29   59.96   59.75   59.96   59.88   59.75   59.75   59.75   59.75   59.75   59.55   59.75   59.96   60.37   59.96   59.96   59.96
     3: A0A2I1CJG8   60.96   69.98  100.00   78.98   52.88   51.92   52.46   53.03   53.42   58.58   54.43   55.26   53.66   55.16   55.16   54.68   53.36   52.98   53.07   52.87   53.28   56.26   54.49   55.24   54.31   54.41   53.64   54.31   54.31   54.92   54.68   54.49   54.49   54.49   55.06   55.43   55.43   55.43   54.87   54.87   54.87   54.49   55.06   55.16   57.22   54.78   55.26   57.22   56.77   56.58   61.60   64.03   65.15   65.15   66.10   66.54   64.41   65.34   64.84   65.03   65.60   65.60   65.78   65.78   65.78   64.96   64.46   64.14   64.19   62.66   62.29   62.29   60.53   61.54   58.63   61.60   60.65   60.07   60.45   60.82   60.82   60.82   60.26   61.12   61.68   59.96   61.19   62.73   62.73   62.73   62.92   62.73   63.48   62.92   63.11   63.30   63.30   62.73   63.86   62.73   62.73   62.73   62.73   62.73   62.73   62.55   62.73   63.41   63.98   62.85   62.85   60.72   60.53   63.29   65.73   60.30   60.49   60.49   62.97   61.77   61.32   61.89   61.89   61.61   61.61   61.54   61.54   61.61   61.61   61.87   61.73   61.61   61.61   61.61   61.61   61.61   61.64   61.99   62.17   62.36   62.17   62.17   62.17
     4: A0A5N5WI98   56.34   69.15   78.98  100.00   53.40   53.21   51.67   52.96   53.35   57.12   53.22   53.68   52.11   53.18   53.18   52.31   53.18   53.00   53.08   52.90   53.07   54.21   52.84   53.58   52.84   53.86   52.56   53.39   53.39   54.65   53.58   53.39   53.58   53.58   54.13   54.31   54.13   54.13   53.94   54.13   54.13   53.39   53.76   53.12   55.15   53.42   53.89   54.96   55.06   55.06   60.74   60.91   62.59   62.59   63.14   62.94   61.27   61.68   61.75   61.93   61.57   61.57   61.75   61.75   61.75   61.68   61.75   61.43   61.47   60.22   60.22   60.22   59.81   61.52   57.65   60.45   60.71   58.02   58.92   59.13   58.95   58.95   58.41   59.24   59.42   57.87   58.42   61.11   61.11   61.11   62.27   61.58   62.12   61.87   62.05   61.94   61.94   61.58   62.23   61.58   61.58   61.58   61.58   61.58   61.58   61.22   61.40   62.30   63.39   62.84   62.48   58.93   57.86   61.07   62.52   58.97   59.16   59.16   60.22   59.67   58.50   58.68   58.68   59.96   59.78   59.71   59.71   59.78   59.78   59.77   59.89   59.78   59.78   59.78   59.78   59.78   59.78   59.96   60.14   60.33   60.14   60.14   60.14
     5: A0A7H8RBN5   54.17   53.91   52.88   53.40  100.00   91.84   73.39   75.41   73.70   56.56   54.17   53.52   53.23   54.26   54.26   53.15   56.05   56.05   56.30   56.30   54.17   55.37   55.92   55.92   55.54   56.81   56.00   56.26   56.26   56.98   55.90   56.44   56.26   56.26   57.53   56.81   56.62   56.99   56.62   56.99   56.99   56.44   57.43   57.38   56.28   56.40   56.22   56.88   57.58   57.58   62.45   58.63   58.29   58.29   57.91   57.60   58.75   59.03   58.92   59.11   58.36   58.55   58.55   58.55   58.55   59.22   59.44   58.77   59.18   58.91   58.72   59.85   59.07   59.33   67.11   59.51   60.15   58.88   59.63   59.44   60.00   60.00   59.81   60.00   60.75   61.64   60.52   60.22   60.22   60.22   60.41   60.22   60.59   60.97   60.78   60.78   60.78   60.78   60.41   61.34   61.34   61.34   61.34   61.34   61.34   60.97   60.97   60.71   59.78   61.08   60.34   57.28   56.16   57.55   57.84   58.54   58.54   58.54   58.50   59.36   59.47   58.91   58.91   60.75   60.75   60.67   60.30   59.44   59.25   60.19   59.25   59.25   59.25   59.44   59.44   59.44   58.86   59.25   59.07   59.25   59.07   59.07   59.07
     6: A0A0U1LK98   54.36   52.83   51.92   53.21   91.84  100.00   73.13   75.27   73.89   55.54   54.81   53.60   53.69   53.60   53.60   52.50   54.92   54.73   55.54   54.98   53.68   53.16   54.61   54.43   54.41   55.32   54.79   54.95   54.95   55.60   54.95   55.32   54.77   54.77   55.86   55.60   54.95   55.50   55.14   55.50   55.50   54.95   56.02   54.99   54.33   55.71   55.00   55.40   55.46   55.46   61.32   57.88   58.29   58.29   57.54   57.22   58.37   58.66   58.92   59.11   57.99   58.18   58.18   58.18   58.18   59.03   58.89   58.40   58.80   58.91   58.35   59.85   58.41   58.40   66.92   58.56   59.39   58.50   59.44   58.69   59.44   59.44   59.25   59.44   60.19   60.89   59.40   59.48   59.48   59.48   59.67   59.48   59.85   60.04   60.04   60.04   60.04   59.85   59.67   60.59   60.59   60.59   60.59   60.59   60.59   60.22   60.22   59.96   59.03   60.34   59.59   56.98   56.05   57.17   57.84   57.79   57.79   57.79   58.13   59.18   58.72   58.35   58.35   60.56   60.56   60.30   59.93   59.25   59.07   60.00   59.07   59.07   59.07   59.25   59.25   59.25   58.86   59.44   59.25   59.44   59.25   59.25   59.25
     7: A0A1Q5Q9V3   52.34   53.07   52.46   51.67   73.39   73.13  100.00   79.39   80.62   54.74   52.01   52.10   51.64   51.55   51.55   52.19   55.08   55.08   55.15   54.60   55.60   53.38   52.89   53.07   54.69   55.33   54.41   53.61   53.61   54.08   54.33   54.15   54.05   54.05   54.69   55.23   55.23   55.78   55.05   55.23   55.23   54.95   55.39   54.00   55.35   54.05   56.14   55.15   56.32   56.32   59.67   58.24   57.90   57.90   57.90   57.97   57.79   58.27   58.35   58.53   57.43   57.61   57.61   57.61   57.61   57.80   57.98   58.09   57.93   56.93   57.12   57.12   56.83   57.61   69.02   58.99   59.07   55.88   57.54   57.17   57.35   57.35   57.35   57.90   58.09   56.96   56.59   57.66   57.77   57.77   57.95   57.85   57.95   58.14   58.03   58.14   58.14   57.95   58.14   57.77   57.77   57.77   57.77   57.77   57.77   57.40   57.40   57.51   56.96   58.06   58.06   58.74   57.43   57.82   57.56   57.14   57.14   57.14   58.41   58.89   57.70   57.70   57.70   57.83   57.83   58.12   57.75   56.72   56.54   57.55   56.54   56.54   56.54   56.72   56.72   56.72   55.91   57.09   56.72   57.09   56.91   56.91   56.91
     8: A0A2H3IJJ5   51.96   52.12   53.03   52.96   75.41   75.27   79.39  100.00   89.31   53.56   51.93   50.73   51.55   51.28   51.28   51.55   54.90   54.71   54.78   53.86   56.27   53.11   52.26   52.80   52.98   54.35   52.89   52.62   52.62   53.04   52.80   53.35   52.80   52.80   54.25   53.71   53.16   53.89   53.53   53.35   53.35   53.53   54.30   54.28   55.45   54.33   55.15   54.53   55.15   55.33   58.47   57.25   57.46   57.46   57.09   56.95   57.14   57.46   57.35   57.54   56.43   56.62   56.62   56.62   56.62   57.35   57.90   57.83   57.86   58.23   58.04   58.60   57.56   57.17   67.16   58.80   57.76   56.62   57.35   56.99   57.17   57.17   56.99   57.35   57.72   56.23   57.14   57.04   57.04   57.04   57.22   57.04   57.59   57.40   57.40   57.40   57.40   57.22   57.59   57.77   57.77   57.77   57.77   57.77   57.77   57.22   57.40   57.69   58.42   58.42   57.88   56.32   55.02   56.39   56.93   56.03   56.03   56.03   56.93   56.11   55.66   55.66   55.66   56.72   56.72   57.01   56.64   55.99   55.80   56.79   55.80   55.80   55.80   55.99   55.99   55.99   55.35   56.54   56.35   56.72   56.35   56.35   56.35
     9: B8MMJ9       52.91   52.88   53.42   53.35   73.70   73.89   80.62   89.31  100.00   53.94   52.49   51.47   52.48   52.94   52.94   52.84   54.21   54.02   55.02   54.09   56.08   53.68   53.01   53.55   53.73   55.47   54.18   53.73   53.73   54.32   53.92   54.28   53.92   53.92   55.37   54.83   54.64   55.19   54.83   54.64   54.64   54.46   55.05   54.03   54.95   55.09   57.01   55.37   56.10   55.92   60.00   57.64   58.41   58.41   58.41   58.30   57.92   58.78   58.86   59.04   57.56   57.75   57.75   57.75   57.75   58.67   59.23   59.15   59.18   58.26   57.88   57.88   58.33   57.38   69.27   59.59   59.10   58.30   58.67   58.49   58.67   58.67   58.49   58.86   59.59   56.99   57.35   57.61   57.61   57.61   57.80   57.43   58.17   58.17   58.17   58.17   58.17   57.61   57.98   57.80   57.80   57.80   57.80   57.80   57.80   57.43   57.43   59.01   59.19   58.82   58.46   57.84   56.72   57.55   57.88   57.36   57.36   57.36   58.44   57.81   56.80   56.80   56.80   58.23   58.23   58.33   58.15   57.49   57.30   58.35   57.30   57.30   57.30   57.49   57.49   57.49   56.50   58.04   57.49   57.67   57.67   57.67   57.67
    10: A0A0U5G9D6   57.87   58.97   58.58   57.12   56.56   55.54   54.74   53.56   53.94  100.00   71.05   71.10   70.28   71.63   71.63   72.41   57.22   56.86   57.12   57.12   59.34   58.13   56.58   58.01   57.83   57.75   57.73   57.65   57.65   58.35   58.01   58.01   57.90   57.90   58.54   58.54   58.19   58.54   57.83   58.01   58.01   57.73   57.83   57.42   59.57   57.01   58.20   58.86   59.50   59.50   62.48   65.12   64.50   64.50   63.42   63.60   63.79   63.60   63.85   64.03   62.77   62.77   62.95   62.95   62.95   63.24   64.27   64.08   64.13   65.12   65.65   66.91   62.86   64.88   61.11   63.81   62.94   60.14   61.95   61.84   62.37   62.37   62.19   62.30   62.65   62.54   62.41   62.06   62.17   62.17   62.97   62.34   62.46   62.75   62.46   62.28   62.28   62.63   62.88   62.17   62.17   62.17   62.17   62.17   62.17   61.99   61.99   63.73   63.55   63.38   63.02   62.16   60.94   64.60   63.49   62.50   62.32   62.50   63.85   64.23   62.90   63.28   63.28   64.54   64.31   64.42   64.18   64.84   64.84   64.65   65.01   64.84   64.84   65.02   65.02   65.02   64.39   64.84   64.66   65.02   64.66   64.66   64.66
    11: A0A1L9TP92   53.22   54.49   54.43   53.22   54.17   54.81   52.01   51.93   52.49   71.05  100.00   89.86   91.27   74.13   74.13   73.73   54.75   54.19   55.20   54.09   56.70   56.96   54.22   55.66   56.01   56.12   55.73   55.30   55.30   55.49   56.37   56.19   55.56   55.56   56.19   56.19   56.19   56.73   56.01   56.19   56.19   55.38   56.37   57.04   56.68   55.80   57.17   57.76   57.87   57.87   58.44   58.62   59.12   59.31   59.49   60.15   59.22   59.31   59.74   59.93   58.11   58.47   58.29   58.29   58.29   59.67   59.82   59.78   59.82   59.74   59.56   60.66   59.09   61.66   58.18   58.80   57.76   56.65   58.12   58.17   58.35   58.35   58.17   58.45   58.09   60.55   59.86   59.67   59.78   59.78   59.78   59.49   59.60   59.78   59.67   59.60   59.60   59.60   59.96   59.42   59.42   59.42   59.42   59.42   59.42   59.24   59.24   60.98   61.34   60.98   60.98   57.66   56.39   61.08   59.89   60.51   60.51   60.51   61.68   63.18   61.71   61.73   61.73   61.44   61.40   61.15   61.01   61.76   61.94   62.38   62.09   61.94   61.94   62.12   62.12   62.12   61.43   61.76   61.94   62.12   61.76   61.76   61.76
    12: A0A1L9PGK1   53.68   55.83   55.26   53.68   53.52   53.60   52.10   50.73   51.47   71.10   89.86  100.00   91.46   74.13   74.13   73.86   56.03   55.10   56.22   55.10   56.67   56.58   55.02   56.45   56.27   56.37   55.99   55.38   55.38   55.39   55.91   55.73   55.28   55.28   56.81   56.81   56.45   56.99   56.27   56.45   56.45   56.17   56.99   56.76   57.19   56.06   57.97   58.20   58.30   58.12   59.52   58.23   59.74   59.74   59.56   60.04   59.29   59.20   59.64   59.82   58.00   58.36   58.18   58.18   58.18   59.02   59.35   59.12   59.34   59.17   59.35   60.25   57.97   60.72   57.78   59.70   57.91   56.45   57.55   57.42   57.60   57.60   57.42   57.71   57.71   60.33   59.46   59.46   59.57   59.57   59.39   59.10   59.21   59.39   59.28   59.21   59.21   59.21   59.75   58.84   58.84   58.84   58.84   58.84   58.84   58.84   58.84   60.04   60.40   60.04   60.22   57.27   56.00   60.11   59.68   58.66   58.66   58.66   60.55   61.15   59.96   60.18   60.18   60.14   60.11   59.68   59.53   60.11   60.11   60.30   60.25   60.11   60.11   60.29   60.29   60.29   59.74   59.93   60.11   60.29   59.93   59.93   59.93
    13: A0A7R8AKH2   53.31   54.58   53.66   52.11   53.23   53.69   51.64   51.55   52.48   70.28   91.27   91.46  100.00   73.60   73.60   73.38   54.36   53.43   55.19   53.70   57.06   56.23   54.03   55.46   55.10   55.20   54.46   54.20   54.20   54.34   55.10   54.92   54.82   54.82   55.46   55.46   55.46   56.17   55.46   55.64   55.64   54.82   55.64   56.47   56.12   55.60   57.32   57.91   57.84   57.66   58.23   58.23   59.02   59.02   59.38   59.85   59.11   59.02   59.45   59.64   57.64   58.00   57.82   57.82   57.82   59.02   59.17   58.94   59.16   58.80   58.62   59.71   57.97   60.36   58.33   59.14   57.36   56.27   57.91   57.07   57.25   57.25   57.07   57.71   57.71   59.60   58.92   59.28   59.39   59.39   59.21   58.92   59.03   59.21   59.10   59.03   59.03   59.03   59.39   58.84   58.84   58.84   58.84   58.84   58.84   58.66   58.66   60.58   61.12   60.40   60.40   57.09   55.82   59.74   58.96   59.03   59.03   59.03   60.73   62.23   60.51   60.72   60.72   61.04   61.00   60.93   60.61   60.64   60.64   61.04   60.79   60.64   60.64   60.82   60.82   60.82   59.74   60.29   60.47   60.64   60.29   60.29   60.29
    14: Q5B3S0       56.99   56.79   55.16   53.18   54.26   53.60   51.55   51.28   52.94   71.63   74.13   74.13   73.60  100.00  100.00   86.01   56.51   55.23   56.33   55.41   56.67   57.98   54.56   56.17   56.71   55.56   55.18   55.64   55.64   55.47   56.17   56.53   55.89   55.89   56.17   56.17   55.81   56.71   56.17   56.17   56.17   55.89   56.71   55.04   57.63   56.60   58.51   57.73   58.38   58.38   61.43   60.82   62.95   62.95   63.13   63.30   63.12   63.31   63.38   63.55   62.84   63.20   63.02   63.02   63.02   62.41   63.98   63.24   63.29   60.86   61.22   61.04   62.50   63.75   58.70   62.31   60.71   57.35   60.21   59.19   59.89   59.89   59.54   60.00   60.00   60.86   61.21   60.96   61.07   61.07   61.76   61.14   61.25   61.79   61.50   61.43   61.43   61.43   61.43   60.89   60.89   60.89   60.89   60.89   60.89   60.71   60.71   62.84   62.48   62.66   61.76   59.28   58.23   62.39   62.12   60.61   60.78   60.78   63.31   63.23   62.50   62.17   62.17   62.41   62.37   63.01   62.70   62.72   62.90   62.82   63.17   62.90   62.90   63.07   63.07   63.07   62.23   62.54   62.72   62.54   62.54   62.54   62.54
    15: A0A1U8QQT6   56.99   56.79   55.16   53.18   54.26   53.60   51.55   51.28   52.94   71.63   74.13   74.13   73.60  100.00  100.00   86.01   56.51   55.23   56.33   55.41   56.67   57.98   54.56   56.17   56.71   55.56   55.18   55.64   55.64   55.47   56.17   56.53   55.89   55.89   56.17   56.17   55.81   56.71   56.17   56.17   56.17   55.89   56.71   55.04   57.63   56.60   58.51   57.73   58.38   58.38   61.43   60.82   62.95   62.95   63.13   63.30   63.12   63.31   63.38   63.55   62.84   63.20   63.02   63.02   63.02   62.41   63.98   63.24   63.29   60.86   61.22   61.04   62.50   63.75   58.70   62.31   60.71   57.35   60.21   59.19   59.89   59.89   59.54   60.00   60.00   60.86   61.21   60.96   61.07   61.07   61.76   61.14   61.25   61.79   61.50   61.43   61.43   61.43   61.43   60.89   60.89   60.89   60.89   60.89   60.89   60.71   60.71   62.84   62.48   62.66   61.76   59.28   58.23   62.39   62.12   60.61   60.78   60.78   63.31   63.23   62.50   62.17   62.17   62.41   62.37   63.01   62.70   62.72   62.90   62.82   63.17   62.90   62.90   63.07   63.07   63.07   62.23   62.54   62.72   62.54   62.54   62.54   62.54
    16: A0A3D8SIS7   54.82   57.00   54.68   52.31   53.15   52.50   52.19   51.55   52.84   72.41   73.73   73.86   73.38   86.01   86.01  100.00   55.41   54.31   54.58   55.13   56.59   57.30   53.67   55.10   54.92   54.84   54.46   54.56   54.56   54.53   55.46   55.81   55.54   55.54   55.64   55.10   55.28   55.81   55.46   55.46   55.46   55.36   56.17   54.94   57.01   56.14   57.69   56.19   57.19   57.19   59.41   60.57   60.61   60.61   60.97   61.10   61.10   60.97   61.40   61.58   60.50   60.86   60.68   60.68   60.68   60.97   62.01   61.98   62.03   59.96   60.50   61.40   60.80   62.14   59.44   61.75   60.52   57.50   59.29   59.19   59.72   59.72   59.54   59.65   59.47   60.11   60.88   60.25   60.35   60.35   60.96   60.35   60.46   61.10   60.82   60.64   60.64   60.64   60.75   60.28   60.28   60.28   60.28   60.28   60.28   59.93   59.93   62.95   62.05   62.23   61.33   60.11   58.88   62.91   60.00   58.93   59.11   59.11   62.41   62.81   61.25   61.39   61.39   61.52   61.31   62.12   61.81   61.13   61.13   61.17   61.39   61.13   61.13   61.31   61.31   61.31   60.79   60.95   60.95   60.95   60.95   60.95   60.95
    17: A0A1E3BC96   56.55   53.52   53.36   53.18   56.05   54.92   55.08   54.90   54.21   57.22   54.75   56.03   54.36   56.51   56.51   55.41  100.00   98.56   93.72   93.18   59.53   58.93   59.56   59.02   57.01   58.39   57.74   57.74   57.74   58.08   57.01   57.01   57.19   57.19   57.66   57.74   57.19   57.74   57.56   57.74   57.74   58.65   58.30   58.42   59.16   57.69   58.42   59.05   59.56   59.38   61.64   60.48   62.55   62.55   62.18   62.34   61.39   61.81   62.73   62.92   61.25   61.25   61.44   61.44   61.44   61.62   61.81   61.81   62.04   59.96   61.07   60.52   60.37   61.25   60.94   63.10   61.45   60.22   61.51   60.59   60.59   60.59   60.77   61.14   60.77   62.80   61.47   63.19   63.19   63.19   63.90   63.37   62.64   63.19   63.19   63.00   63.00   62.82   63.55   62.64   62.64   62.64   62.64   62.64   62.64   62.64   62.64   62.43   62.25   63.54   62.98   61.52   60.07   60.82   62.06   61.92   61.92   61.92   60.85   61.51   62.36   61.99   61.99   60.85   61.03   61.33   61.33   61.21   61.03   60.88   61.03   61.03   61.03   61.21   61.21   61.21   61.05   61.40   61.76   61.95   61.76   61.76   61.76
    18: A0A7R7VVF0   55.99   52.67   52.98   53.00   56.05   54.73   55.08   54.71   54.02   56.86   54.19   55.10   53.43   55.23   55.23   54.31   98.56  100.00   92.82   92.46   58.95   58.38   59.02   58.65   56.47   57.85   57.38   57.01   57.01   57.31   56.83   56.65   56.83   56.83   57.30   57.38   57.01   57.01   57.19   57.38   57.38   58.11   57.75   57.51   58.42   57.14   57.88   58.32   58.83   58.65   61.27   59.74   61.81   61.81   61.44   61.58   60.83   60.89   61.99   62.18   60.52   60.52   60.70   60.70   60.70   60.89   61.07   61.07   61.30   59.04   60.15   59.59   60.00   60.52   60.57   62.33   60.69   59.48   61.33   60.22   60.04   60.04   60.41   60.77   60.41   62.43   60.73   62.27   62.27   62.27   62.98   62.45   61.72   62.27   62.27   62.09   62.09   61.90   62.82   61.90   61.90   61.90   61.90   61.90   61.90   61.90   61.90   61.69   61.51   62.80   62.25   60.78   59.51   60.07   61.33   61.18   61.18   61.18   60.48   60.77   61.99   61.44   61.44   60.29   60.48   60.77   60.77   60.48   60.29   60.50   60.29   60.29   60.29   60.48   60.48   60.48   60.30   60.66   61.03   61.21   61.03   61.03   61.03
    19: A0A1L9VK68   56.37   53.30   53.07   53.08   56.30   55.54   55.15   54.78   55.02   57.12   55.20   56.22   55.19   56.33   56.33   54.58   93.72   92.82  100.00   93.93   58.37   58.75   59.24   58.70   57.79   58.98   57.97   58.51   58.51   58.89   57.25   57.61   57.61   57.61   57.89   58.33   57.25   57.79   57.79   57.97   57.97   59.06   58.27   57.40   59.41   57.19   58.29   58.00   58.51   58.33   61.27   59.19   61.99   61.99   61.44   61.58   61.02   61.25   62.18   62.36   60.70   60.70   60.89   60.89   60.89   61.25   61.44   61.44   61.67   58.86   59.96   59.59   61.50   61.81   61.13   62.14   60.69   60.96   62.25   61.33   60.96   60.96   61.51   62.06   61.51   62.80   62.02   63.55   63.55   63.55   64.27   63.74   63.00   63.55   63.55   63.37   63.37   63.19   63.92   63.00   63.00   63.00   63.00   63.00   63.00   63.00   63.00   63.17   62.62   63.90   63.35   62.08   60.82   59.33   60.96   61.55   61.55   61.55   60.85   61.51   62.18   61.81   61.81   60.29   60.48   60.77   60.77   60.66   60.48   60.11   60.48   60.48   60.48   60.66   60.66   60.66   60.49   60.85   61.21   61.40   61.21   61.21   61.21
    20: A0A017SIK8   56.37   52.67   52.87   52.90   56.30   54.98   54.60   53.86   54.09   57.12   54.09   55.10   53.70   55.41   55.41   55.13   93.18   92.46   93.93  100.00   59.53   58.93   58.51   58.33   56.70   58.08   56.88   58.15   58.15   58.51   57.07   57.25   57.07   57.07   57.53   57.43   57.07   57.61   57.43   57.61   57.61   58.51   58.09   58.87   59.05   57.19   58.47   58.18   59.24   59.06   61.64   59.93   61.99   61.99   61.62   61.58   61.02   61.44   62.36   62.55   60.89   60.89   61.07   61.07   61.07   61.25   61.62   61.62   61.85   58.49   59.41   59.23   61.68   61.62   61.13   63.10   62.02   60.22   61.51   61.69   61.33   61.33   61.88   61.88   61.69   63.90   62.75   63.55   63.55   63.55   64.27   63.74   63.19   63.74   63.74   63.55   63.55   63.37   63.55   63.19   63.19   63.19   63.19   63.19   63.19   63.19   63.19   63.17   61.88   63.90   62.98   61.52   60.07   59.33   61.14   61.74   61.74   61.74   60.29   61.69   62.36   61.99   61.99   60.29   60.48   60.77   60.77   61.03   60.85   60.50   60.85   60.85   60.85   61.03   61.03   61.03   60.67   61.03   61.40   61.58   61.40   61.40   61.40
    21: A0A3A2Z451   56.69   56.16   53.28   53.07   54.17   53.68   55.60   56.27   56.08   59.34   56.70   56.67   57.06   56.67   56.67   56.59   59.53   58.95   58.37   59.53  100.00   58.19   57.92   60.23   58.30   59.07   58.49   59.27   59.27   60.00   59.65   60.23   59.65   59.65   59.65   59.65   60.04   60.04   59.85   60.04   60.04   59.46   60.42   60.81   60.08   57.64   59.96   62.16   61.97   61.78   61.69   60.08   62.26   62.26   62.65   63.22   62.23   62.45   62.72   62.91   61.75   61.94   61.94   61.94   61.94   62.84   63.57   62.77   63.01   60.66   60.08   61.05   58.99   59.61   58.71   60.47   59.68   58.25   58.83   59.03   59.22   59.22   59.03   59.22   59.81   58.64   58.64   59.22   59.22   59.22   59.42   59.22   59.42   59.42   59.42   59.22   59.22   59.22   59.42   59.22   59.22   59.22   59.22   59.22   59.22   58.83   59.03   61.94   60.58   60.78   59.81   60.54   59.77   60.86   61.17   61.99   61.99   61.99   62.79   63.11   63.23   63.23   63.23   63.88   63.69   63.69   63.69   64.27   64.08   64.04   64.08   64.08   64.08   64.27   64.27   64.27   64.36   64.47   64.47   64.47   64.47   64.47   64.47
    22: A0A1L9SGV5   59.63   54.79   56.26   54.21   55.37   53.16   53.38   53.11   53.68   58.13   56.96   56.58   56.23   57.98   57.98   57.30   58.93   58.38   58.75   58.93   58.19  100.00   74.96   74.78   72.41   74.65   74.78   73.99   73.99   73.70   75.22   76.10   76.49   76.49   74.17   75.18   75.40   75.57   75.04   75.57   75.40   74.74   74.87   75.27   76.36   69.37   70.37   73.94   73.81   73.99   64.65   62.41   64.86   64.86   65.58   65.43   65.25   65.22   65.64   65.82   64.92   65.10   65.10   65.10   65.10   65.22   65.52   65.52   65.57   62.39   63.65   64.01   61.98   63.85   60.00   64.67   63.43   60.68   60.86   60.32   60.32   60.32   60.32   60.43   61.15   60.94   62.12   63.13   63.24   63.24   63.60   63.31   63.78   63.60   63.49   63.42   63.42   63.42   63.24   63.60   63.60   63.60   63.60   63.60   63.60   63.60   63.60   63.72   63.90   64.08   64.08   60.90   59.46   59.33   60.79   61.23   61.41   61.41   61.16   61.73   61.82   61.84   61.84   61.87   61.76   61.87   61.33   61.22   61.04   60.71   61.15   61.04   61.04   61.22   61.22   61.22   61.06   61.22   61.22   61.58   61.22   61.22   61.22
    23: A0A1V6Q226   57.27   54.93   54.49   52.84   55.92   54.61   52.89   52.26   53.01   56.58   54.22   55.02   54.03   54.56   54.56   53.67   59.56   59.02   59.24   58.51   57.92   74.96  100.00   94.11   81.28   83.16   84.03   81.80   81.80   81.75   84.06   84.58   83.88   83.88   83.85   84.72   83.88   83.19   84.06   84.06   83.88   85.96   85.24   76.81   76.84   71.35   71.83   76.45   75.79   75.79   64.39   60.51   63.14   63.14   62.96   62.76   63.31   62.96   63.75   63.93   63.39   63.57   63.57   63.57   63.57   63.14   62.73   62.71   62.75   61.23   61.96   61.78   61.41   62.64   60.11   62.92   62.24   59.57   61.37   61.01   60.47   60.47   60.65   60.58   60.94   61.23   61.08   61.91   61.91   61.91   62.09   62.09   61.73   62.45   62.45   62.27   62.27   62.27   62.09   62.45   62.45   62.45   62.45   62.45   62.45   62.27   62.27   61.12   62.21   62.21   61.66   61.38   60.29   58.70   59.78   60.66   60.84   60.84   61.45   60.98   61.68   62.00   62.00   61.01   61.01   60.76   60.76   61.73   61.55   61.05   61.55   61.55   61.55   61.73   61.73   61.73   61.40   61.55   61.55   61.91   61.55   61.55   61.55
    24: A0A1F5LM75   58.20   56.39   55.24   53.58   55.92   54.43   53.07   52.80   53.55   58.01   55.66   56.45   55.46   56.17   56.17   55.10   59.02   58.65   58.70   58.33   60.23   74.78   94.11  100.00   81.98   83.16   83.33   83.19   83.19   83.03   85.27   85.44   84.92   84.92   85.42   85.76   85.10   84.58   85.27   85.27   85.10   86.31   85.94   76.81   76.49   70.83   71.83   76.98   75.61   75.61   65.87   62.32   64.60   64.60   64.05   64.06   64.80   64.42   65.03   65.21   64.48   64.66   64.66   64.66   64.66   64.60   64.55   64.53   64.59   62.86   63.04   63.22   62.68   63.54   61.22   63.86   63.18   60.29   61.91   61.55   61.01   61.01   61.19   61.12   61.48   61.41   61.62   62.64   62.64   62.64   62.82   62.82   62.82   63.18   63.18   63.00   63.00   63.00   62.64   62.82   62.82   62.82   62.82   62.82   62.82   62.64   62.64   62.21   63.11   63.11   62.57   62.48   61.38   58.70   60.87   61.93   62.11   62.11   62.36   62.43   62.96   63.27   63.27   62.45   62.45   62.39   62.39   63.00   62.82   62.55   62.82   62.82   62.82   63.00   63.00   63.00   62.32   62.45   62.45   62.82   62.45   62.45   62.45
    25: A0A1V6S5Q4   55.80   55.14   54.31   52.84   55.54   54.41   54.69   52.98   53.73   57.83   56.01   56.27   55.10   56.71   56.71   54.92   57.01   56.47   57.79   56.70   58.30   72.41   81.28   81.98  100.00   85.29   86.14   85.15   85.15   84.73   85.84   86.36   85.84   85.84   85.29   86.68   86.01   85.84   85.66   86.18   86.18   86.70   86.34   74.07   76.40   69.53   70.70   74.96   75.17   75.17   63.10   61.41   62.04   62.04   61.68   61.82   62.38   62.23   62.48   62.66   62.11   62.30   62.30   62.30   62.30   62.59   62.91   62.34   62.39   60.51   61.05   61.41   61.96   61.73   59.00   62.36   62.62   58.30   59.57   59.57   59.21   59.21   59.39   58.95   59.13   59.24   60.54   59.93   59.93   59.93   60.11   60.11   60.47   60.47   60.29   60.47   60.47   60.47   59.93   60.11   60.11   60.11   60.11   60.11   60.11   60.11   60.11   61.30   61.30   61.12   60.40   61.20   59.93   57.59   59.42   60.47   60.47   60.47   61.82   61.71   61.68   62.18   62.18   60.83   60.83   60.22   60.40   60.65   60.47   60.30   60.47   60.47   60.47   60.65   60.65   60.65   59.93   60.29   60.29   60.65   60.29   60.29   60.29
    26: A0A135LAW9   58.49   53.99   54.41   53.86   56.81   55.32   55.33   54.35   55.47   57.75   56.12   56.37   55.20   55.56   55.56   54.84   58.39   57.85   58.98   58.08   59.07   74.65   83.16   83.16   85.29  100.00   90.97   86.85   86.85   86.52   89.97   89.97   90.14   90.14   87.69   89.25   88.93   89.62   89.79   89.97   89.97   89.10   88.95   76.33   78.11   70.88   71.88   77.02   76.71   76.88   66.17   63.88   63.62   63.62   64.17   64.18   64.18   64.17   64.23   64.42   63.87   64.05   64.05   64.05   64.05   64.72   65.21   64.65   64.71   62.25   62.43   63.34   62.61   63.47   60.67   63.60   64.04   60.04   60.58   61.12   60.94   60.94   61.12   60.87   61.05   60.98   61.55   61.84   61.84   61.84   62.03   62.03   62.39   62.21   62.21   62.39   62.39   62.21   62.03   62.21   62.21   62.21   62.21   62.21   62.21   62.21   62.21   61.96   62.68   62.32   61.96   63.50   62.04   58.63   62.14   61.93   61.93   61.93   62.84   62.00   62.34   62.66   62.66   62.03   62.03   61.96   61.78   62.57   62.39   61.73   62.39   62.39   62.39   62.57   62.57   62.57   61.88   62.57   62.57   62.93   62.57   62.57   62.57
    27: A0A1V6UJS3   57.17   53.97   53.64   52.56   56.00   54.79   54.41   52.89   54.18   57.73   55.73   55.99   54.46   55.18   55.18   54.46   57.74   57.38   57.97   56.88   58.49   74.78   84.03   83.33   86.14   90.97  100.00   86.14   86.14   85.58   89.95   90.12   89.60   89.60   88.54   90.64   90.29   90.29   90.64   91.16   90.99   90.29   89.63   76.33   78.07   71.35   71.30   76.10   75.44   75.61   63.72   62.57   62.84   62.84   63.02   63.38   63.20   63.39   63.64   63.82   63.09   63.27   63.27   63.27   63.27   64.12   64.07   63.69   63.74   61.84   62.57   62.75   62.68   62.52   59.26   62.80   62.69   59.10   60.18   60.36   60.18   60.18   60.36   60.11   60.29   60.04   60.43   60.90   60.90   60.90   61.08   61.08   61.62   61.44   61.44   61.62   61.62   61.44   61.08   61.26   61.26   61.26   61.26   61.26   61.26   61.26   61.26   61.55   62.09   61.19   61.01   62.66   61.20   59.44   60.94   61.82   61.82   61.82   62.61   61.96   62.11   62.61   62.61   61.26   61.26   60.83   61.01   61.80   61.62   61.12   61.62   61.62   61.62   61.80   61.80   61.80   61.28   61.98   61.98   62.34   61.98   61.98   61.98
    28: K9GAL6       57.46   55.56   54.31   53.39   56.26   54.95   53.61   52.62   53.73   57.65   55.30   55.38   54.20   55.64   55.64   54.56   57.74   57.01   58.51   58.15   59.27   73.99   81.80   83.19   85.15   86.85   86.14  100.00  100.00  100.00   88.26   89.12   88.08   88.08   88.58   89.27   88.77   88.60   89.29   89.98   89.81   91.36   91.07   77.07   76.75   69.88   71.75   76.71   76.05   76.05   65.31   62.32   64.05   64.05   64.60   64.80   64.06   64.05   63.93   64.12   63.75   63.93   63.93   63.93   63.93   64.42   64.55   63.99   64.04   61.41   61.96   62.50   62.32   62.64   59.93   63.11   63.18   59.93   61.01   60.83   60.83   60.83   60.65   60.94   61.66   60.69   61.98   62.82   62.82   62.82   63.00   62.82   63.00   63.18   63.18   63.36   63.36   63.18   62.82   63.00   63.00   63.00   63.00   63.00   63.00   63.00   63.00   63.29   63.11   63.47   62.93   62.11   60.66   58.70   61.05   61.75   61.75   61.75   62.91   62.25   62.04   62.55   62.55   61.91   61.91   61.48   61.66   62.27   62.09   62.17   62.09   62.09   62.09   62.27   62.27   62.27   61.58   62.09   62.09   62.45   62.09   62.09   62.09
    29: K9H2N2       57.46   55.56   54.31   53.39   56.26   54.95   53.61   52.62   53.73   57.65   55.30   55.38   54.20   55.64   55.64   54.56   57.74   57.01   58.51   58.15   59.27   73.99   81.80   83.19   85.15   86.85   86.14  100.00  100.00  100.00   88.26   89.12   88.08   88.08   88.58   89.27   88.77   88.60   89.29   89.98   89.81   91.36   91.07   77.07   76.75   69.88   71.75   76.71   76.05   76.05   65.31   62.32   64.05   64.05   64.60   64.80   64.06   64.05   63.93   64.12   63.75   63.93   63.93   63.93   63.93   64.42   64.55   63.99   64.04   61.41   61.96   62.50   62.32   62.64   59.93   63.11   63.18   59.93   61.01   60.83   60.83   60.83   60.65   60.94   61.66   60.69   61.98   62.82   62.82   62.82   63.00   62.82   63.00   63.18   63.18   63.36   63.36   63.18   62.82   63.00   63.00   63.00   63.00   63.00   63.00   63.00   63.00   63.29   63.11   63.47   62.93   62.11   60.66   58.70   61.05   61.75   61.75   61.75   62.91   62.25   62.04   62.55   62.55   61.91   61.91   61.48   61.66   62.27   62.09   62.17   62.09   62.09   62.09   62.27   62.27   62.27   61.58   62.09   62.09   62.45   62.09   62.09   62.09
    30: A0A7T6XVR3   57.78   55.56   54.92   54.65   56.98   55.60   54.08   53.04   54.32   58.35   55.49   55.39   54.34   55.47   55.47   54.53   58.08   57.31   58.89   58.51   60.00   73.70   81.75   83.03   84.73   86.52   85.58  100.00  100.00  100.00   88.00   88.73   87.82   87.82   88.52   88.89   88.55   88.18   88.91   89.64   89.45   91.09   90.77   77.32   76.43   69.56   70.98   76.38   75.87   75.87   66.09   63.10   64.93   64.93   65.51   65.75   64.76   64.74   64.62   64.81   64.62   64.81   64.81   64.81   64.81   64.93   65.26   64.67   64.48   62.33   62.91   63.48   62.72   63.43   60.59   63.96   63.83   60.76   61.71   61.52   61.52   61.52   61.33   61.64   62.40   61.38   62.55   63.43   63.43   63.43   63.62   63.43   63.81   63.81   63.81   64.00   64.00   63.81   63.43   63.62   63.62   63.62   63.62   63.62   63.62   63.62   63.62   64.12   63.93   64.50   63.93   62.76   61.23   59.30   61.76   62.50   62.50   62.50   63.72   63.03   63.01   63.34   63.34   62.67   62.67   62.21   62.60   63.24   63.05   63.17   63.05   63.05   63.05   63.24   63.24   63.24   63.24   63.05   63.05   63.43   63.05   63.05   63.05
    31: A0A1V6YTK9   57.64   55.14   54.68   53.58   55.90   54.95   54.33   52.80   53.92   58.01   56.37   55.91   55.10   56.17   56.17   55.46   57.01   56.83   57.25   57.07   59.65   75.22   84.06   85.27   85.84   89.97   89.95   88.26   88.26   88.00  100.00   95.51   94.65   94.65   90.83   91.35   91.19   90.85   90.50   91.19   91.02   91.36   92.12   77.25   78.32   71.10   71.93   77.76   77.10   77.27   64.94   62.50   63.14   63.14   63.50   63.50   63.31   63.14   63.39   63.57   63.39   63.57   63.57   63.57   63.57   63.50   63.64   63.25   63.30   62.32   62.68   63.22   62.32   62.45   59.55   63.30   63.55   59.93   60.65   60.29   60.29   60.29   60.47   60.40   60.76   60.69   61.62   61.91   61.91   61.91   62.09   62.09   62.45   62.27   62.27   62.45   62.45   62.27   61.91   62.09   62.09   62.09   62.09   62.09   62.09   62.09   62.09   63.11   62.75   62.39   61.84   62.84   61.20   60.00   60.87   62.11   62.11   62.11   62.73   62.79   62.59   63.27   63.27   62.45   62.45   62.03   62.21   62.82   62.64   62.17   62.64   62.64   62.64   62.82   62.82   62.82   62.13   62.64   62.64   63.00   62.64   62.64   62.64
    32: A0A1V6TDF4   57.83   55.35   54.49   53.39   56.44   55.32   54.15   53.35   54.28   58.01   56.19   55.73   54.92   56.53   56.53   55.81   57.01   56.65   57.61   57.25   60.23   76.10   84.58   85.44   86.36   89.97   90.12   89.12   89.12   88.73   95.51  100.00   96.55   96.55   90.83   91.35   91.02   91.02   91.02   91.54   91.36   92.06   92.47   77.43   78.50   71.10   72.28   77.58   76.92   77.10   65.87   62.32   63.50   63.50   63.87   63.87   63.69   63.69   63.75   63.93   63.75   63.93   63.93   63.93   63.93   63.87   64.18   63.62   63.67   61.78   62.14   62.50   62.86   62.82   59.18   62.92   63.18   59.93   60.29   60.47   60.47   60.47   60.65   60.40   60.76   60.69   61.62   61.73   61.73   61.73   61.91   61.91   62.27   62.09   62.09   62.27   62.27   62.09   61.73   61.91   61.91   61.91   61.91   61.91   61.91   61.91   61.91   63.29   62.93   62.39   61.84   62.66   61.02   59.81   60.87   62.11   62.11   62.11   62.91   62.61   62.77   63.45   63.45   62.09   62.09   61.66   61.84   62.82   62.64   62.17   62.64   62.64   62.64   62.82   62.82   62.82   62.50   63.00   63.00   63.36   63.00   63.00   63.00
    33: A0A167SM38   58.20   55.02   54.49   53.58   56.26   54.77   54.05   52.80   53.92   57.90   55.56   55.28   54.82   55.89   55.89   55.54   57.19   56.83   57.61   57.07   59.65   76.49   83.88   84.92   85.84   90.14   89.60   88.08   88.08   87.82   94.65   96.55  100.00  100.00   89.79   90.66   90.33   89.98   89.98   90.33   90.16   90.86   91.94   77.43   78.32   70.93   71.93   78.28   78.15   78.32   65.38   63.11   63.75   63.75   64.12   64.13   64.13   64.12   64.18   64.36   64.18   64.36   64.36   64.36   64.36   64.30   64.43   64.05   64.10   62.14   62.50   63.04   62.50   62.70   59.18   62.92   63.36   60.29   60.29   60.47   60.47   60.47   60.65   60.40   60.58   60.69   61.26   61.44   61.55   61.55   61.73   61.62   62.45   61.91   61.80   62.09   62.09   61.91   61.73   61.73   61.73   61.73   61.73   61.73   61.73   61.73   61.73   62.75   62.57   62.75   62.21   63.09   61.45   59.81   60.94   62.48   62.48   62.48   63.09   62.98   62.96   63.64   63.64   62.64   62.64   62.39   62.39   63.00   62.82   62.17   62.82   62.82   62.82   63.00   63.00   63.00   62.32   62.82   62.82   63.18   62.82   62.82   62.82
    34: B6HEH9       58.20   55.02   54.49   53.58   56.26   54.77   54.05   52.80   53.92   57.90   55.56   55.28   54.82   55.89   55.89   55.54   57.19   56.83   57.61   57.07   59.65   76.49   83.88   84.92   85.84   90.14   89.60   88.08   88.08   87.82   94.65   96.55  100.00  100.00   89.79   90.66   90.33   89.98   89.98   90.33   90.16   90.86   91.94   77.43   78.32   70.93   71.93   78.28   78.15   78.32   65.38   63.11   63.75   63.75   64.12   64.13   64.13   64.12   64.18   64.36   64.18   64.36   64.36   64.36   64.36   64.30   64.43   64.05   64.10   62.14   62.50   63.04   62.50   62.70   59.18   62.92   63.36   60.29   60.29   60.47   60.47   60.47   60.65   60.40   60.58   60.69   61.26   61.44   61.55   61.55   61.73   61.62   62.45   61.91   61.80   62.09   62.09   61.91   61.73   61.73   61.73   61.73   61.73   61.73   61.73   61.73   61.73   62.75   62.57   62.75   62.21   63.09   61.45   59.81   60.94   62.48   62.48   62.48   63.09   62.98   62.96   63.64   63.64   62.64   62.64   62.39   62.39   63.00   62.82   62.17   62.82   62.82   62.82   63.00   63.00   63.00   62.32   62.82   62.82   63.18   62.82   62.82   62.82
