#
#
#  Percent Identity  Matrix - created by Clustal2.1 
#
#

     1: J4UH50_91.9_95.0_93.6_52.5_81.3_20.9      100.00   99.01   56.72   56.96   55.13   54.96   55.17   54.46   55.60   54.00   54.61   53.15   53.50   52.38   52.97   55.01   54.58   53.70   54.51   55.73   54.75   54.75   54.93   54.23   55.28
     2: K1VDC5_92.8_96.1_95.6_71.8_83.0_22.5       99.01  100.00   56.47   57.07   54.34   54.59   54.79   54.10   55.38   54.17   54.92   52.82   53.16   52.07   52.65   54.98   54.56   53.70   54.50   55.34   54.56   54.56   54.73   54.04   55.08
     3: A0A0J0XPY3_94.1_95.8_94.9_63.8_88.5_24.0   56.72   56.47  100.00   58.80   58.69   57.19   57.27   54.77   57.66   56.99   57.93   54.03   54.03   53.43   54.03   54.74   53.57   55.46   56.19   55.71   57.50   57.50   57.86   57.32   57.68
     4: A0A7D8ZY97_93.6_96.5_94.3_52.0_87.0_28.5   56.96   57.07   58.80  100.00   61.64   61.96   59.79   60.54   61.74   62.77   60.87   59.02   58.67   58.30   58.67   58.00   59.68   61.44   62.37   60.32   59.30   59.30   58.25   58.77   58.95
     5: A0A1Y2BCF2_94.4_96.2_93.9_39.6_91.2_23.4   55.13   54.34   58.69   61.64  100.00   68.12   66.79   61.44   65.15   65.04   64.73   63.91   63.53   62.62   63.72   63.72   63.14   64.08   64.46   66.54   65.79   65.79   64.85   64.85   65.23
     6: A0A1Y2B786_94.1_96.8_94.0_50.4_86.2_23.1   54.96   54.59   57.19   61.96   68.12  100.00   70.45   63.00   69.07   65.33   67.47   64.29   64.11   63.44   64.29   64.92   67.08   66.78   66.84   69.93   65.68   65.68   65.33   65.33   66.03
     7: A0A8J1YSG4_-1_-1_-1_-1_-1_-1               55.17   54.79   57.27   59.79   66.79   70.45  100.00   63.39   68.75   65.34   64.97   61.17   61.51   60.49   61.34   63.79   64.52   65.80   66.55   67.88   65.23   65.23   65.23   65.06   65.58
     8: A0A4Q1BSS3_91.6_94.4_93.7_57.3_86.9_25.7   54.46   54.10   54.77   60.54   61.44   63.00   63.39  100.00   63.46   61.54   63.49   60.17   61.04   60.00   60.70   62.02   62.39   64.21   64.44   64.85   66.72   66.72   65.85   66.03   66.38
     9: A0A427YS50_90.3_93.9_92.7_40.4_85.3_25.9   55.60   55.38   57.66   61.74   65.15   69.07   68.75   63.46  100.00   67.25   66.03   63.84   63.49   63.00   63.67   65.28   66.02   67.48   67.89   69.28   68.28   68.28   67.59   67.76   68.46
    10: A0A1Y1U8C2_94.9_96.8_93.9_50.2_86.5_24.6   54.00   54.17   56.99   62.77   65.04   65.33   65.34   61.54   67.25  100.00   66.27   65.16   64.82   65.21   65.16   65.34   65.57   67.36   67.77   65.28   68.46   68.46   68.28   68.28   68.80
    11: A0A1B9HQ35_93.3_95.8_93.6_61.7_84.1_22.4   54.61   54.92   57.93   60.87   64.73   67.47   64.97   63.49   66.03   66.27  100.00   67.51   67.17   66.38   67.17   70.75   72.06   70.53   71.23   71.33   69.28   69.28   69.11   68.94   69.28
    12: A0A1E3JBX1_93.6_96.2_94.7_71.1_86.4_24.1   53.15   52.82   54.03   59.02   63.91   64.29   61.17   60.17   63.84   65.16   67.51  100.00   97.13   95.91   96.96   65.31   65.35   66.10   67.30   70.60   71.33   71.33   72.01   71.67   72.35
    13: A0A5D3AL22_93.8_96.8_94.4_69.4_85.8_24.5   53.50   53.16   54.03   58.67   63.53   64.11   61.51   61.04   63.49   64.82   67.17   97.13  100.00   96.42   97.47   64.63   64.84   65.58   66.78   69.91   72.01   72.01   72.18   72.18   72.87
    14: A0A1E3KE79_93.6_96.5_93.7_62.6_85.2_26.4   52.38   52.07   53.43   58.30   62.62   63.44   60.49   60.00   63.00   65.21   66.38   95.91   96.42  100.00   98.64   63.64   64.19   65.11   66.32   69.31   71.60   71.60   71.43   71.26   71.94
    15: A0A1E3I4P0_91.2_95.3_94.5_66.5_85.5_22.6   52.97   52.65   54.03   58.67   63.72   64.29   61.34   60.70   63.67   65.16   67.17   96.96   97.47   98.64  100.00   64.63   64.84   65.75   66.95   70.09   72.18   72.18   72.18   72.01   72.70
    16: A0A1B9IAU4_95.5_97.6_94.8_64.4_86.9_23.7   55.01   54.98   54.74   58.00   63.72   64.92   63.79   62.02   65.28   65.34   70.75   65.31   64.63   63.64   64.63  100.00   85.45   78.63   78.18   71.06   67.58   67.58   68.77   68.09   68.60
    17: A0A1A6A6T5_95.0_96.8_94.2_64.9_87.0_26.1   54.58   54.56   53.57   59.68   63.14   67.08   64.52   62.39   66.02   65.57   72.06   65.35   64.84   64.19   64.84   85.45  100.00   82.11   84.42   72.43   67.47   67.47   68.16   67.81   68.50
    18: A0A1B9FRJ4_93.0_93.5_93.4_60.9_86.5_25.1   53.70   53.70   55.46   61.44   64.08   66.78   65.80   64.21   67.48   67.36   70.53   66.10   65.58   65.11   65.75   78.63   82.11  100.00   90.09   72.14   68.04   68.04   68.90   68.56   69.07
    19: A0A1B9IKH6_95.5_97.3_94.3_63.9_88.4_30.4   54.51   54.50   56.19   62.37   64.46   66.84   66.55   64.44   67.89   67.77   71.23   67.30   66.78   66.32   66.95   78.18   84.42   90.09  100.00   72.85   69.14   69.14   69.48   69.48   70.00
    20: A0A5M6C2W9_92.2_95.1_94.1_49.9_85.8_23.3   55.73   55.34   55.71   60.32   66.54   69.93   67.88   64.85   69.28   65.28   71.33   70.60   69.91   69.31   70.09   71.06   72.43   72.14   72.85  100.00   73.54   73.54   73.71   74.05   74.40
    21: Q5KLQ1_94.9_96.4_94.5_60.4_87.1_24.4       54.75   54.56   57.50   59.30   65.79   65.68   65.23   66.72   68.28   68.46   69.28   71.33   72.01   71.60   72.18   67.58   67.47   68.04   69.14   73.54  100.00  100.00   90.29   89.95   91.65
    22: F5HCX7_93.8_95.5_94.7_68.4_86.8_23.5       54.75   54.56   57.50   59.30   65.79   65.68   65.23   66.72   68.28   68.46   69.28   71.33   72.01   71.60   72.18   67.58   67.47   68.04   69.14   73.54  100.00  100.00   90.29   89.95   91.65
    23: A0A0D0VNK9_93.3_96.1_94.9_68.3_86.6_23.1   54.93   54.73   57.86   58.25   64.85   65.33   65.23   65.85   67.59   68.28   69.11   72.01   72.18   71.43   72.18   68.77   68.16   68.90   69.48   73.71   90.29   90.29  100.00   95.91   97.27
    24: A0A0D0YS47_95.7_97.7_94.6_70.2_87.2_25.1   54.23   54.04   57.32   58.77   64.85   65.33   65.06   66.03   67.76   68.28   68.94   71.67   72.18   71.26   72.01   68.09   67.81   68.56   69.48   74.05   89.95   89.95   95.91  100.00   97.61
    25: A0A0D0X2T3_93.4_96.2_94.9_70.5_86.8_24.2   55.28   55.08   57.68   58.95   65.23   66.03   65.58   66.38   68.46   68.80   69.28   72.35   72.87   71.94   72.70   68.60   68.50   69.07   70.00   74.40   91.65   91.65   97.27   97.61  100.00
