#
#
#  Percent Identity  Matrix - created by Clustal2.1 
#
#

     1: A0A4P6LTJ0  100.00  100.00   99.82   50.72   50.72   50.91   50.91   50.63   50.63   50.63   50.63   50.63   50.63   49.55   48.29   47.45   51.62   53.07   52.71   48.11   48.52
     2: A0A374ADV6  100.00  100.00   99.82   50.72   50.72   50.91   50.91   50.63   50.63   50.63   50.63   50.63   50.63   49.55   48.29   47.45   51.62   53.07   52.71   48.11   48.52
     3: A0A6N7SKP0   99.82   99.82  100.00   50.54   50.54   50.72   50.72   50.45   50.45   50.45   50.45   50.45   50.45   49.36   48.11   47.22   51.81   52.89   52.53   47.93   48.34
     4: A0A6N2T1E0   50.72   50.72   50.54  100.00  100.00   99.82   99.82   71.84   71.84   71.84   71.84   71.84   71.84   52.91   52.26   50.93   50.91   52.62   53.53   53.79   53.69
     5: R0AJG6       50.72   50.72   50.54  100.00  100.00   99.82   99.82   71.84   71.84   71.84   71.84   71.84   71.84   52.91   52.26   50.93   50.91   52.62   53.53   53.79   53.69
     6: A0A8B2XBT9   50.91   50.91   50.72   99.82   99.82  100.00  100.00   72.02   72.02   72.02   72.02   72.02   72.02   52.91   52.26   50.93   50.91   52.62   53.53   53.97   53.87
     7: R5FE68       50.91   50.91   50.72   99.82   99.82  100.00  100.00   72.02   72.02   72.02   72.02   72.02   72.02   52.91   52.26   50.93   50.91   52.62   53.53   53.97   53.87
     8: A0A6N3A248   50.63   50.63   50.45   71.84   71.84   72.02   72.02  100.00  100.00   99.11   99.11   99.11   99.29   51.09   52.08   51.16   51.45   51.90   55.15   53.43   52.95
     9: U2DGK0       50.63   50.63   50.45   71.84   71.84   72.02   72.02  100.00  100.00   99.11   99.11   99.11   99.29   51.09   52.08   51.16   51.45   51.90   55.15   53.43   52.95
    10: A0A174KI53   50.63   50.63   50.45   71.84   71.84   72.02   72.02   99.11   99.11  100.00  100.00  100.00   99.82   50.91   51.90   50.93   51.27   51.90   55.15   53.43   52.95
    11: A0A1C6JSG2   50.63   50.63   50.45   71.84   71.84   72.02   72.02   99.11   99.11  100.00  100.00  100.00   99.82   50.91   51.90   50.93   51.27   51.90   55.15   53.43   52.95
    12: E7GQU7       50.63   50.63   50.45   71.84   71.84   72.02   72.02   99.11   99.11  100.00  100.00  100.00   99.82   50.91   51.90   50.93   51.27   51.90   55.15   53.43   52.95
    13: A0A413JR97   50.63   50.63   50.45   71.84   71.84   72.02   72.02   99.29   99.29   99.82   99.82   99.82  100.00   50.91   51.90   50.93   51.45   51.72   55.15   53.43   52.95
    14: A0A0U5NK20   49.55   49.55   49.36   52.91   52.91   52.91   52.91   51.09   51.09   50.91   50.91   50.91   50.91  100.00   83.15   82.52   56.44   55.72   55.17   50.91   50.28
    15: A0A4V6NYY7   48.29   48.29   48.11   52.26   52.26   52.26   52.26   52.08   52.08   51.90   51.90   51.90   51.90   83.15  100.00  100.00   55.68   54.59   54.77   53.24   52.12
    16: A0A350VG48   47.45   47.45   47.22   50.93   50.93   50.93   50.93   51.16   51.16   50.93   50.93   50.93   50.93   82.52  100.00  100.00   55.66   53.12   52.08   52.19   50.71
    17: A0A7M2RJK1   51.62   51.62   51.81   50.91   50.91   50.91   50.91   51.45   51.45   51.27   51.27   51.27   51.45   56.44   55.68   55.66  100.00   66.37   53.61   50.27   49.63
    18: A0A7M2RH01   53.07   53.07   52.89   52.62   52.62   52.62   52.62   51.90   51.90   51.90   51.90   51.90   51.72   55.72   54.59   53.12   66.37  100.00   55.32   50.36   49.72
    19: A0A419SUP9   52.71   52.71   52.53   53.53   53.53   53.53   53.53   55.15   55.15   55.15   55.15   55.15   55.15   55.17   54.77   52.08   53.61   55.32  100.00   55.40   54.88
    20: A0A2S6HM91   48.11   48.11   47.93   53.79   53.79   53.97   53.97   53.43   53.43   53.43   53.43   53.43   53.43   50.91   53.24   52.19   50.27   50.36   55.40  100.00   94.12
    21: A0A844J857   48.52   48.52   48.34   53.69   53.69   53.87   53.87   52.95   52.95   52.95   52.95   52.95   52.95   50.28   52.12   50.71   49.63   49.72   54.88   94.12  100.00
