(
A0A1I8GAU4:0.00801,
A0A267DVI7:0.00000,
A0A1I8J6C6:0.01587);
