(
A0A6J8A245_-1_-1_-1_-1_66.2_26.6:0.21468,
A0A8B6CQI4_81.4_76.5_82.7_29.4_81.0_26.2:0.03002,
A0A8B6GPP0_83.0_76.1_83.6_35.8_81.0_26.3:0.02350);
