#
#
#  Percent Identity  Matrix - created by Clustal2.1 
#
#

     1: A4AF42_-1___-1___-1___-1___91.1_23.9      100.00   73.28   72.84   53.35   51.43   51.43   49.23   49.23   50.23   53.36   53.36   53.36   53.59   53.81   54.71   53.71   53.41   51.23
     2: A0A1H1SQW1_-1___-1___-1___-1___90.2_28.6   73.28  100.00   98.50   53.12   53.39   53.39   51.64   51.64   49.78   55.46   55.46   55.46   55.68   55.68   53.45   54.02   53.29   50.89
     3: A0A1H5PYJ1_-1___-1___-1___-1___90.2_29.3   72.84   98.50  100.00   53.12   53.17   53.17   51.20   51.20   49.33   55.01   55.01   55.01   55.23   55.23   53.45   53.79   53.06   50.89
     4: A0A7K2AJP0_97.7_97.9_94.7_65.6_88.5_29.8   53.35   53.12   53.12  100.00   65.51   65.51   63.99   63.99   59.12   55.24   55.24   55.24   55.02   55.24   55.51   56.51   56.98   59.13
     5: A0A6J7CE41_95.9_97.3_94.7_67.2_90.1_29.0   51.43   53.39   53.17   65.51  100.00  100.00   91.97   91.97   59.51   60.09   60.09   60.09   59.87   59.87   58.52   59.42   59.95   57.94
     6: A0A6I2YPD7_97.2_98.2_95.2_69.2_90.5_28.3   51.43   53.39   53.17   65.51  100.00  100.00   91.97   91.97   59.51   60.09   60.09   60.09   59.87   59.87   58.52   59.42   59.95   57.94
     7: A0A6J7A8S8_96.6_97.9_93.8_50.8_89.6_28.9   49.23   51.64   51.20   63.99   91.97   91.97  100.00  100.00   58.17   59.19   59.19   59.19   58.97   58.97   56.73   58.52   57.89   56.38
     8: A0A7K0TST4_98.5_98.7_95.4_66.0_90.7_29.3   49.23   51.64   51.20   63.99   91.97   91.97  100.00  100.00   58.17   59.19   59.19   59.19   58.97   58.97   56.73   58.52   57.89   56.38
     9: A0A2E9UED7_98.4_98.8_95.7_73.7_91.3_27.9   50.23   49.78   49.33   59.12   59.51   59.51   58.17   58.17  100.00   62.03   62.03   61.81   61.81   61.81   59.20   60.98   61.87   64.02
    10: A0A0Q8KX25_98.4_98.7_94.5_70.4_90.6_28.7   53.36   55.46   55.01   55.24   60.09   60.09   59.19   59.19   62.03  100.00  100.00   99.78   98.48   98.70   89.72   90.57   72.52   67.17
    11: A0A6M7U3N5_98.2_98.6_94.8_71.2_90.8_28.3   53.36   55.46   55.01   55.24   60.09   60.09   59.19   59.19   62.03  100.00  100.00   99.78   98.48   98.70   89.72   90.57   72.52   67.17
    12: A0A6M7VPC2_98.2_98.6_94.5_70.2_90.5_28.9   53.36   55.46   55.01   55.24   60.09   60.09   59.19   59.19   61.81   99.78   99.78  100.00   98.70   98.92   89.72   90.57   72.52   67.17
    13: A0A6M7WCE2_98.0_98.6_93.9_67.8_90.3_28.7   53.59   55.68   55.23   55.02   59.87   59.87   58.97   58.97   61.81   98.48   98.48   98.70  100.00   99.57   89.50   90.13   72.30   66.96
    14: A0A504BWY3_98.3_98.6_94.5_69.1_90.5_30.1   53.81   55.68   55.23   55.24   59.87   59.87   58.97   58.97   61.81   98.70   98.70   98.92   99.57  100.00   89.72   90.13   72.30   66.96
    15: A0A2N5AWS5_98.1_98.6_94.6_55.7_91.0_32.6   54.71   53.45   53.45   55.51   58.52   58.52   56.73   56.73   59.20   89.72   89.72   89.72   89.50   89.72  100.00   93.64   71.33   66.89
    16: A0A1Q4AIK6_96.2_97.4_93.9_49.5_90.7_25.0   53.71   54.02   53.79   56.51   59.42   59.42   58.52   58.52   60.98   90.57   90.57   90.57   90.13   90.13   93.64  100.00   72.40   67.91
    17: A0A6G6WRF5_97.6_97.9_95.1_64.6_92.5_25.8   53.41   53.29   53.06   56.98   59.95   59.95   57.89   57.89   61.87   72.52   72.52   72.52   72.30   72.30   71.33   72.40  100.00   74.05
    18: A0A1G6BWC1_97.6_97.8_94.7_66.8_89.7_27.1   51.23   50.89   50.89   59.13   57.94   57.94   56.38   56.38   64.02   67.17   67.17   67.17   66.96   66.96   66.89   67.91   74.05  100.00
