#
#
#  Percent Identity  Matrix - created by Clustal2.1 
#
#

     1: A0A0N5D1L0_-1___-1___-1___-1___78.4_24.0  100.00   57.77   58.82   60.69   57.99   58.86   61.60   61.60   61.08   60.86   62.24
     2: A0A183GZU2_-1___-1___-1___-1___75.6_24.7   57.77  100.00   98.88   72.10   67.72   68.98   72.18   72.18   70.91   72.59   75.11
     3: A0A238BTF3_88.1_87.8_79.1_23.6_78.3_23.6   58.82   98.88  100.00   71.39   68.69   69.84   72.67   72.67   71.53   72.73   75.36
     4: A0A0N4TQL8_-1___-1___-1___-1___68.9_22.3   60.69   72.10   71.39  100.00   94.36   95.28   95.84   95.84   95.68   77.91   81.13
     5: A0A1I9G1Z3_-1___-1___-1___-1___62.5_20.6   57.99   67.72   68.69   94.36  100.00   99.14   95.84   95.84   96.67   75.45   77.78
     6: A0A1I9G248_86.9_83.9_71.6_26.1_71.3_25.8   58.86   68.98   69.84   95.28   99.14  100.00   96.83   96.83   97.54   76.66   79.36
     7: A0A5S6PLW2_91.1_90.2_81.8_24.5_79.6_24.5   61.60   72.18   72.67   95.84   95.84   96.83  100.00  100.00  100.00   78.47   81.99
     8: A0A4E9EYF7_89.4_86.4_79.5_23.9_77.3_23.9   61.60   72.18   72.67   95.84   95.84   96.83  100.00  100.00  100.00   78.47   81.99
     9: A0A1I9G225_-1___-1___-1___-1___64.9_24.1   61.08   70.91   71.53   95.68   96.67   97.54  100.00  100.00  100.00   77.58   81.27
    10: A0A0R3RJ03_85.4_82.0_72.5_25.2_73.2_25.2   60.86   72.59   72.73   77.91   75.45   76.66   78.47   78.47   77.58  100.00   84.06
    11: A0A498SPB4_89.8_88.1_80.2_22.0_77.7_22.0   62.24   75.11   75.36   81.13   77.78   79.36   81.99   81.99   81.27   84.06  100.00
