(
A0A135VMG0_87.3_95.3_93.4_52.0_93.3_52.0:0.37323,
A0A524E7Z8_84.0_93.9_94.6_51.2_94.5_51.2:0.13169,
A0A524CR26_-1___-1___-1___-1___92.3_32.2:0.11925);
