#
#
#  Percent Identity  Matrix - created by Clustal2.1 
#
#

     1: A0A351JN69_97.6_96.4_95.0_69.9_93.1_27.9  100.00   64.83   47.00   53.33   50.23   54.50   53.47   51.36
     2: A0A3B9QNL3_97.5_95.8_94.8_72.5_91.6_34.8   64.83  100.00   57.62   59.76   57.74   63.74   60.77   60.20
     3: A0A532VH55_-1_-1_-1_-1_92.0_36.2           47.00   57.62  100.00   57.07   58.10   58.45   55.81   57.04
     4: A0A7V5LUN6_98.1_98.0_91.8_39.6_89.2_36.9   53.33   59.76   57.07  100.00   64.93   66.36   65.54   66.19
     5: A0A496QRL4_93.1_80.4_94.8_49.3_89.8_30.6   50.23   57.74   58.10   64.93  100.00   68.51   66.96   69.03
     6: A0A3C1A0F1_97.9_96.6_95.7_73.4_89.7_31.0   54.50   63.74   58.45   66.36   68.51  100.00   78.46   82.81
     7: A0A524A3V6_96.7_91.2_94.5_76.8_88.7_30.1   53.47   60.77   55.81   65.54   66.96   78.46  100.00   80.92
     8: A0A9E5NMG9_-1_-1_-1_-1_-1_-1               51.36   60.20   57.04   66.19   69.03   82.81   80.92  100.00
