#
#
#  Percent Identity  Matrix - created by Clustal2.1 
#
#

     1: A0A5E3WPX1  100.00   49.82   51.92   44.19   54.04   54.14   55.68   51.48   52.79   53.47   48.81   49.65   53.46   53.64   54.18   49.21   50.44   49.54   49.74   56.71   56.71   53.53   53.53   53.71   53.71   51.79   49.91   51.99
     2: A0A067MIA7   49.82  100.00   51.77   43.94   53.38   50.75   53.30   49.48   50.52   50.34   53.57   49.83   53.57   53.75   53.89   46.89   49.56   49.91   50.26   54.51   54.51   51.95   51.95   51.06   51.06   51.16   49.91   52.70
     3: A0A8I2YZC6   51.92   51.77  100.00   70.61   62.68   60.33   63.43   61.13   61.49   62.44   59.52   50.43   53.15   53.50   52.48   56.75   60.23   61.01   60.69   62.43   62.43   57.32   57.32   56.45   56.79   51.93   54.80   53.82
     4: A0A8I2YL36   44.19   43.94   70.61  100.00   54.89   53.04   54.91   52.46   54.42   52.11   55.95   43.82   46.94   47.30   44.93   47.96   53.09   52.87   53.09   53.56   53.56   48.66   48.66   48.48   48.66   42.78   46.52   46.62
     5: A0A0C2Z308   54.04   53.38   62.68   54.89  100.00   72.56   76.30   62.59   66.09   65.68   61.90   51.85   55.30   55.48   54.95   53.42   59.89   61.41   61.77   63.21   63.21   60.11   60.11   59.21   59.39   52.93   53.31   53.02
     6: A0A0C3A367   54.14   50.75   60.33   53.04   72.56  100.00   83.94   59.57   62.84   61.89   57.14   51.20   54.24   54.43   52.22   51.01   58.58   59.45   60.48   59.89   59.89   57.01   57.01   56.07   56.07   50.93   52.35   50.00
     7: A0A0C3DT43   55.68   53.30   63.43   54.91   76.30   83.94  100.00   60.28   65.51   63.89   63.10   52.03   56.36   56.54   54.43   52.10   61.43   62.01   63.06   63.21   63.21   59.57   59.57   58.50   58.86   53.20   54.94   52.49
     8: A0A0C3JXE7   51.48   49.48   61.13   52.46   62.59   59.57   60.28  100.00   70.07   73.79   70.24   50.34   52.42   52.77   51.54   50.93   58.03   58.23   58.03   59.65   59.65   54.96   54.96   54.96   55.13   50.09   51.05   52.71
     9: A0A0C3KDD0   52.79   50.52   61.49   54.42   66.09   62.84   65.51   70.07  100.00   68.95   78.57   50.17   54.01   54.36   51.72   51.95   57.27   58.33   58.48   62.09   62.09   57.04   57.04   55.65   55.65   51.22   52.64   51.32
    10: A0A0C9Z1L8   53.47   50.34   62.44   52.11   65.68   61.89   63.89   73.79   68.95  100.00  100.00   50.94   54.97   55.32   52.32   51.70   59.00   59.42   59.86   61.74   61.74   56.79   56.79   57.32   57.49   53.05   52.55   53.68
    11: A0A0C9Z4A9   48.81   53.57   59.52   55.95   61.90   57.14   63.10   70.24   78.57  100.00  100.00   42.86   57.14   57.14   48.81   38.55   47.56   40.32   49.40   57.14   57.14   44.05   44.05   52.38   52.38   40.48   47.62   47.62
    12: A0A2H3JPX9   49.65   49.83   50.43   43.82   51.85   51.20   52.03   50.34   50.17   50.94   42.86  100.00   69.66   69.48   55.50   47.44   52.24   53.61   53.62   55.88   55.88   49.91   49.91   49.91   49.91   50.87   48.14   49.74
    13: A0A8H7P9V6   53.46   53.57   53.15   46.94   55.30   54.24   56.36   52.42   54.01   54.97   57.14   69.66  100.00   99.49   58.39   52.15   54.01   56.23   56.99   58.29   58.29   53.14   53.14   51.92   51.74   52.11   51.52   52.47
    14: A0A1X6N732   53.64   53.75   53.50   47.30   55.48   54.43   56.54   52.77   54.36   55.32   57.14   69.48   99.49  100.00   58.39   52.32   54.18   56.41   57.17   58.46   58.46   53.31   53.31   52.09   51.92   52.46   51.69   52.83
    15: A0A4S4LYH2   54.18   53.89   52.48   44.93   54.95   52.22   54.43   51.54   51.72   52.32   48.81   55.50   58.39   58.39  100.00   49.91   53.34   54.94   54.72   58.06   58.06   52.08   52.08   51.21   51.38   52.64   50.00   56.33
    16: A0A5M3ML02   49.21   46.89   56.75   47.96   53.42   51.01   52.10   50.93   51.95   51.70   38.55   47.44   52.15   52.32   49.91  100.00   54.68   53.32   54.55   59.66   59.66   55.73   55.73   53.16   52.99   49.91   47.36   49.91
    17: A0A0D0AIC1   50.44   49.56   60.23   53.09   59.89   58.58   61.43   58.03   57.27   59.00   47.56   52.24   54.01   54.18   53.34   54.68  100.00   82.35   82.96   63.23   63.23   58.76   58.76   57.90   57.90   51.93   50.98   53.64
    18: A0A1J8PNG1   49.54   49.91   61.01   52.87   61.41   59.45   62.01   58.23   58.33   59.42   40.32   53.61   56.23   56.41   54.94   53.32   82.35  100.00   93.45   64.56   64.56   60.22   60.22   58.59   58.77   50.64   51.96   53.17
    19: A0A1B7NG97   49.74   50.26   60.69   53.09   61.77   60.48   63.06   58.03   58.48   59.86   49.40   53.62   56.99   57.17   54.72   54.55   82.96   93.45  100.00   64.59   64.59   59.76   59.76   58.55   58.72   52.20   52.76   53.02
    20: F8P3S2       56.71   54.51   62.43   53.56   63.21   59.89   63.21   59.65   62.09   61.74   57.14   55.88   58.29   58.46   58.06   59.66   63.23   64.56   64.59  100.00  100.00   71.79   71.79   70.09   70.43   55.81   55.71   54.63
    21: F8Q4X4       56.71   54.51   62.43   53.56   63.21   59.89   63.21   59.65   62.09   61.74   57.14   55.88   58.29   58.46   58.06   59.66   63.23   64.56   64.59  100.00  100.00   71.79   71.79   70.09   70.43   55.81   55.71   54.63
    22: F8NGH9       53.53   51.95   57.32   48.66   60.11   57.01   59.57   54.96   57.04   56.79   44.05   49.91   53.14   53.31   52.08   55.73   58.76   60.22   59.76   71.79   71.79  100.00  100.00   85.28   86.18   52.73   52.24   52.05
    23: F8PKA3       53.53   51.95   57.32   48.66   60.11   57.01   59.57   54.96   57.04   56.79   44.05   49.91   53.14   53.31   52.08   55.73   58.76   60.22   59.76   71.79   71.79  100.00  100.00   85.28   86.18   52.73   52.24   52.05
    24: F8NGI4       53.71   51.06   56.45   48.48   59.21   56.07   58.50   54.96   55.65   57.32   52.38   49.91   51.92   52.09   51.21   53.16   57.90   58.59   58.55   70.09   70.09   85.28   85.28  100.00   98.98   51.50   50.63   51.69
    25: F8QJ08       53.71   51.06   56.79   48.66   59.39   56.07   58.86   55.13   55.65   57.49   52.38   49.91   51.74   51.92   51.38   52.99   57.90   58.77   58.72   70.43   70.43   86.18   86.18   98.98  100.00   51.50   50.98   51.87
    26: A0A8H6S8N1   51.79   51.16   51.93   42.78   52.93   50.93   53.20   50.09   51.22   53.05   40.48   50.87   52.11   52.46   52.64   49.91   51.93   50.64   52.20   55.81   55.81   52.73   52.73   51.50   51.50  100.00   52.98   54.28
    27: A0A0C2WU41   49.91   49.91   54.80   46.52   53.31   52.35   54.94   51.05   52.64   52.55   47.62   48.14   51.52   51.69   50.00   47.36   50.98   51.96   52.76   55.71   55.71   52.24   52.24   50.63   50.98   52.98  100.00   56.69
    28: V2X0V6       51.99   52.70   53.82   46.62   53.02   50.00   52.49   52.71   51.32   53.68   47.62   49.74   52.47   52.83   56.33   49.91   53.64   53.17   53.02   54.63   54.63   52.05   52.05   51.69   51.87   54.28   56.69  100.00
