#
#
#  Percent Identity  Matrix - created by Clustal2.1 
#
#

     1: Q5B3S0_88.4_95.2_92.0_38.9_87.5_25.9      100.00   73.95   73.95   57.83   56.01   55.91   56.43   56.99   56.89   61.95   62.72   62.70   63.36   59.93   61.00   60.47   60.86   60.64   60.50   61.91   63.38
     2: A0A1L9PGK1_89.2_94.6_92.9_40.8_88.7_26.4   73.95  100.00   89.35   57.07   56.58   55.76   56.63   57.37   57.09   60.07   60.64   60.43   61.47   58.56   59.67   58.77   59.31   59.13   59.17   58.30   60.51
     3: A0A1L9TP92_89.8_95.1_92.3_37.6_88.3_26.3   73.95   89.35  100.00   57.53   56.68   55.86   55.83   56.94   56.50   59.89   62.19   62.34   63.38   57.20   59.60   59.42   59.60   59.42   59.82   58.95   61.71
     4: A0A1L9SGV5_90.7_96.3_92.4_41.8_88.5_26.6   57.83   57.07   57.53  100.00   74.47   73.99   74.56   75.40   58.03   59.71   61.39   60.89   60.96   64.10   63.83   64.01   64.20   64.01   62.57   62.16   63.65
     5: A0A135LAW9_90.1_95.6_93.3_42.6_88.2_23.6   56.01   56.58   56.68   74.47  100.00   86.85   89.10   89.62   59.53   61.29   62.21   61.58   61.11   64.90   61.62   61.80   61.62   61.98   62.50   62.61   63.41
     6: K9GAL6_91.0_95.7_93.2_43.2_88.3_26.7       55.91   55.76   55.86   73.99   86.85  100.00   91.36   88.60   59.34   60.29   61.74   61.29   61.54   63.87   62.41   62.59   62.59   62.95   61.48   61.59   62.57
     7: A0A0A2I7J1_89.5_95.6_93.6_44.3_85.1_22.5   56.43   56.63   55.83   74.56   89.10   91.36  100.00   93.09   59.53   59.65   62.06   61.61   62.03   63.93   62.25   61.72   61.54   61.90   62.39   62.03   62.48
     8: A0A0M8P0C4_89.4_95.4_92.9_41.1_87.8_20.8   56.99   57.37   56.94   75.40   89.62   88.60   93.09  100.00   60.12   61.54   63.52   62.72   62.97   65.33   63.31   63.31   63.31   63.67   63.29   63.04   63.83
     9: A0A3A2Z451_89.9_95.3_94.8_44.5_94.1_34.4   56.89   57.09   56.50   58.03   59.53   59.34   59.53   60.12  100.00   61.52   64.84   63.80   63.48   61.69   59.77   59.57   59.77   59.57   61.21   59.27   59.96
    10: A0A5N5WKK5_89.1_95.4_94.0_29.8_88.5_26.2   61.95   60.07   59.89   59.71   61.29   60.29   59.65   61.54   61.52  100.00   77.60   75.96   77.27   67.57   71.96   70.07   71.15   70.95   69.46   68.48   68.03
    11: A0A5N6X5Q0_88.7_93.9_93.3_31.3_88.4_26.2   62.72   60.64   62.19   61.39   62.21   61.74   62.06   63.52   64.84   77.60  100.00   89.18   89.74   66.67   70.92   70.04   70.41   70.21   69.27   67.03   69.86
    12: A0A0L1JE65_89.8_95.2_94.0_36.1_89.3_27.1   62.70   60.43   62.34   60.89   61.58   61.29   61.61   62.72   63.80   75.96   89.18  100.00   92.50   66.79   69.77   68.52   68.94   68.87   66.85   67.15   69.23
    13: A0A1F8A808_89.4_95.2_93.6_34.4_88.9_28.9   63.36   61.47   63.38   60.96   61.11   61.54   62.03   62.97   63.48   77.27   89.74   92.50  100.00   66.49   70.71   69.29   70.25   70.18   67.98   68.30   69.29
    14: A0A1L9RH09_86.1_95.9_95.6_65.4_90.8_28.7   59.93   58.56   57.20   64.10   64.90   63.87   63.93   65.33   61.69   67.57   66.67   66.79   66.49  100.00   72.25   72.07   72.51   72.25   68.72   69.96   70.94
    15: A0A1L9UV00_87.4_95.1_94.7_61.8_88.6_28.6   61.00   59.67   59.60   63.83   61.62   62.41   62.25   63.31   59.77   71.96   70.92   69.77   70.71   72.25  100.00   96.01   94.77   94.28   70.94   73.60   72.82
    16: A2QF94_87.3_95.8_95.0_63.8_88.6_26.7       60.47   58.77   59.42   64.01   61.80   62.59   61.72   63.31   59.57   70.07   70.04   68.52   69.29   72.07   96.01  100.00   96.00   95.67   70.77   72.69   72.29
    17: A0A1M3TQC2_87.9_95.8_95.1_63.6_89.1_26.8   60.86   59.31   59.60   64.20   61.62   62.59   61.54   63.31   59.77   71.15   70.41   68.94   70.25   72.51   94.77   96.00  100.00   98.43   71.86   72.51   73.26
    18: A0A318YMM3_85.8_95.0_95.0_66.4_88.8_27.4   60.64   59.13   59.42   64.01   61.98   62.95   61.90   63.67   59.57   70.95   70.21   68.87   70.18   72.25   94.28   95.67   98.43  100.00   71.30   72.51   72.65
    19: A0A2I1DD95_87.5_94.1_94.2_39.6_89.7_26.4   60.50   59.17   59.82   62.57   62.50   61.48   62.39   63.29   61.21   69.46   69.27   66.85   67.98   68.72   70.94   70.77   71.86   71.30  100.00   70.40   72.91
    20: A0A2I2GHT3_89.6_96.5_93.8_34.6_89.9_30.1   61.91   58.30   58.95   62.16   62.61   61.59   62.03   63.04   59.27   68.48   67.03   67.15   68.30   69.96   73.60   72.69   72.51   72.51   70.40  100.00   77.66
    21: A0A4V3UQL9_88.2_95.7_94.6_49.2_89.6_28.2   63.38   60.51   61.71   63.65   63.41   62.57   62.48   63.83   59.96   68.03   69.86   69.23   69.29   70.94   72.82   72.29   73.26   72.65   72.91   77.66  100.00
