#
#
#  Percent Identity  Matrix - created by Clustal2.1 
#
#

     1: A0A4Y7Q9K5_89.4_93.0_94.6_54.0_89.9_29.7  100.00   56.03   57.79   57.51   57.69   59.55   58.55   62.10   58.72
     2: A0A0C3FTA5_92.6_96.6_95.3_64.1_88.9_26.3   56.03  100.00   56.72   57.66   57.83   60.62   58.76   62.55   58.76
     3: A0A067TNI5_88.0_94.8_94.9_50.8_88.1_25.7   57.79   56.72  100.00   58.97   59.31   58.18   58.76   62.55   58.93
     4: A0A5C3PWF2_89.5_95.8_94.8_47.1_87.7_25.1   57.51   57.66   58.97  100.00   99.15   75.56   78.02   80.37   78.19
     5: A0A371DNY5_86.5_95.3_94.7_40.4_87.4_26.4   57.69   57.83   59.31   99.15  100.00   75.90   78.36   80.75   78.53
     6: A0A1M2V2U5_87.8_95.4_95.2_47.8_87.3_23.4   59.55   60.62   58.18   75.56   75.90  100.00   75.59   80.49   75.42
     7: A0A4Q9NVB9_93.8_97.0_95.3_47.5_87.9_24.1   58.55   58.76   58.76   78.02   78.36   75.59  100.00   99.81   99.83
     8: A0A4Q9MTJ7_93.9_97.3_95.5_53.2_94.6_33.0   62.10   62.55   62.55   80.37   80.75   80.49   99.81  100.00  100.00
     9: A0A4Q9Q1M3_93.4_96.9_95.3_45.7_88.2_25.0   58.72   58.76   58.93   78.19   78.53   75.42   99.83  100.00  100.00
