#
#
#  Percent Identity  Matrix - created by Clustal2.1 
#
#

     1: A0A6J6NRG3  100.00   99.79   99.79   99.58   65.96   66.81   66.60   50.34   51.37   51.37   53.51   51.48   51.48   51.71   51.71
     2: A0A7K1AGK2   99.79  100.00  100.00   99.79   65.75   66.60   66.38   50.34   51.37   51.37   53.51   51.48   51.48   51.71   51.71
     3: A0A6J6FIZ3   99.79  100.00  100.00   99.79   65.75   66.60   66.38   50.34   51.37   51.37   53.51   51.48   51.48   51.71   51.71
     4: A0A6J6R7R8   99.58   99.79   99.79  100.00   65.54   66.38   66.17   50.34   51.37   51.37   53.51   51.48   51.48   51.71   51.71
     5: A0A964MP44   65.96   65.75   65.75   65.54  100.00   86.58   86.37   58.37   60.50   60.50   62.11   57.88   57.88   57.66   57.66
     6: A0A6L6EGN4   66.81   66.60   66.60   66.38   86.58  100.00   99.79   59.28   62.08   62.08   65.70   61.04   61.04   61.26   61.26
     7: A0A6J7U8C3   66.60   66.38   66.38   66.17   86.37   99.79  100.00   59.05   61.85   61.85   62.74   60.81   60.81   61.04   61.04
     8: A0A094PZD2   50.34   50.34   50.34   50.34   58.37   59.28   59.05  100.00   78.83   78.83   58.82   63.49   63.49   63.72   63.72
     9: A0A6J6EQH6   51.37   51.37   51.37   51.37   60.50   62.08   61.85   78.83  100.00  100.00   61.99   65.76   65.76   65.53   65.53
    10: A0A7K1CNW9   51.37   51.37   51.37   51.37   60.50   62.08   61.85   78.83  100.00  100.00   61.99   65.76   65.76   65.53   65.53
    11: A0A923X817   53.51   53.51   53.51   53.51   62.11   65.70   62.74   58.82   61.99   61.99  100.00   64.43   64.43   64.65   64.65
    12: A0A6J7JA23   51.48   51.48   51.48   51.48   57.88   61.04   60.81   63.49   65.76   65.76   64.43  100.00  100.00   99.78   99.78
    13: A0A6I2WWS0   51.48   51.48   51.48   51.48   57.88   61.04   60.81   63.49   65.76   65.76   64.43  100.00  100.00   99.78   99.78
    14: A0A6J7PM98   51.71   51.71   51.71   51.71   57.66   61.26   61.04   63.72   65.53   65.53   64.65   99.78   99.78  100.00  100.00
    15: A0A7K0KWR5   51.71   51.71   51.71   51.71   57.66   61.26   61.04   63.72   65.53   65.53   64.65   99.78   99.78  100.00  100.00
