#
#
#  Percent Identity  Matrix - created by Clustal2.1 
#
#

     1: A0A1X6MU70_90.6_95.2_94.1_69.4_89.4_25.3  100.00   65.74   69.49   60.23   56.34   57.36   58.98   59.20   56.93   56.93   58.80   58.80   57.25   57.33   57.41   52.78   54.58   54.39   55.04   54.63   48.59   52.04   52.62
     2: A0A4Y9Z4C1_88.0_95.7_95.3_66.9_87.6_25.5   65.74  100.00   70.71   61.54   57.24   58.57   58.74   61.62   58.35   58.18   58.06   58.06   58.30   57.04   56.24   55.90   53.77   53.47   57.17   56.57   51.02   50.42   50.76
     3: J4H1E4_88.6_95.2_95.4_72.1_88.5_26.6       69.49   70.71  100.00   61.75   56.53   58.46   59.16   61.08   58.01   58.01   58.63   58.63   59.21   58.27   56.63   56.64   54.66   55.96   56.90   54.29   49.23   51.86   50.51
     4: M2RKN3_91.4_97.1_96.0_69.9_89.2_24.1       60.23   61.54   61.75  100.00   60.64   63.44   64.19   66.19   63.31   63.31   63.11   63.11   64.08   63.45   55.63   57.25   55.92   54.58   57.57   55.26   54.28   53.74   53.57
     5: A0A2G8RUP5_85.1_92.8_90.1_44.0_78.9_20.4   56.34   57.24   56.53   60.64  100.00   70.43   72.99   76.12   76.33   76.33   75.09   75.09   75.86   73.14   54.26   56.81   55.02   55.02   58.11   53.35   50.68   50.25   48.98
     6: A0A1M2VY12_89.9_95.4_95.9_77.4_85.7_23.3   57.36   58.57   58.46   63.44   70.43  100.00   76.40   79.96   71.55   71.22   72.74   72.74   73.08   71.12   55.31   57.06   55.03   54.64   58.60   54.10   52.26   51.16   50.25
     7: A0A060SHZ8_83.1_91.1_91.2_40.9_84.0_21.5   58.98   58.74   59.16   64.19   72.99   76.40  100.00   85.36   74.02   73.85   73.83   73.83   75.22   75.47   57.32   60.26   59.19   57.39   58.63   56.11   54.37   55.04   53.17
     8: A0A1Y2IZ75_88.0_94.8_94.3_46.6_90.0_25.7   59.20   61.62   61.08   66.19   76.12   79.96   85.36  100.00   77.64   77.46   76.52   76.52   77.96   78.82   58.51   59.41   60.18   60.00   59.96   58.68   56.07   57.58   55.10
     9: A0A4Q9P005_82.1_90.4_92.7_51.1_83.8_21.7   56.93   58.35   58.01   63.31   76.33   71.55   74.02   77.64  100.00   99.68   77.24   77.24   76.78   74.96   53.68   57.91   57.87   54.86   59.07   53.95   52.09   53.15   52.32
    10: A0A4Q9MW64_83.1_91.4_91.8_50.0_82.4_21.3   56.93   58.18   58.01   63.31   76.33   71.22   73.85   77.46   99.68  100.00   77.24   77.24   76.78   74.96   53.68   57.91   58.04   54.86   59.07   53.95   52.09   53.15   52.32
    11: A0A5C2SJM9_87.7_93.6_95.0_66.0_89.1_24.5   58.80   58.06   58.63   63.11   75.09   72.74   73.83   76.52   77.24   77.24  100.00  100.00   87.80   89.29   56.89   57.65   56.83   56.96   58.50   55.48   52.72   54.55   53.40
    12: A0A5C2TH24_86.6_94.2_95.1_61.9_89.0_24.0   58.80   58.06   58.63   63.11   75.09   72.74   73.83   76.52   77.24   77.24  100.00  100.00   87.80   89.29   56.89   57.65   56.83   56.96   58.50   55.48   52.72   54.55   53.40
    13: A0A5C3PV74_85.5_93.2_93.4_45.5_88.1_26.0   57.25   58.30   59.21   64.08   75.86   73.08   75.22   77.96   76.78   76.78   87.80   87.80  100.00   97.22   56.53   57.09   57.73   55.99   58.50   55.40   53.81   55.63   54.13
    14: A0A371DE74_87.9_95.3_95.2_46.2_87.3_26.9   57.33   57.04   58.27   63.45   73.14   71.12   75.47   78.82   74.96   74.96   89.29   89.29   97.22  100.00   54.83   57.38   56.97   55.69   59.36   54.43   52.92   54.07   52.71
    15: A0A2R6NE66_87.6_95.2_95.4_54.1_84.3_23.5   57.41   56.24   56.63   55.63   54.26   55.31   57.32   58.51   53.68   53.68   56.89   56.89   56.53   54.83  100.00   61.55   58.80   54.39   59.96   55.76   54.44   53.75   54.23
    16: A0A4R0RKS2_88.6_93.0_93.1_43.7_91.3_23.6   52.78   55.90   56.64   57.25   56.81   57.06   60.26   59.41   57.91   57.91   57.65   57.65   57.09   57.38   61.55  100.00   79.01   57.73   58.19   58.88   57.93   57.25   56.41
    17: A0A4S4N837_89.3_94.1_94.5_54.5_88.0_25.4   54.58   53.77   54.66   55.92   55.02   55.03   59.19   60.18   57.87   58.04   56.83   56.83   57.73   56.97   58.80   79.01  100.00   53.68   58.29   55.73   54.92   54.47   53.95
    18: A0A067PB54_91.7_96.1_95.5_63.0_88.3_25.8   54.39   53.47   55.96   54.58   55.02   54.64   57.39   60.00   54.86   54.86   56.96   56.96   55.99   55.69   54.39   57.73   53.68  100.00   65.93   62.67   56.19   56.46   54.79
    19: S7RPY4_88.9_94.6_94.7_58.8_91.4_22.3       55.04   57.17   56.90   57.57   58.11   58.60   58.63   59.96   59.07   59.07   58.50   58.50   58.50   59.36   59.96   58.19   58.29   65.93  100.00   82.39   58.82   61.21   58.86
    20: A0A165SIH4_-1___-1___-1___-1___87.9_24.8   54.63   56.57   54.29   55.26   53.35   54.10   56.11   58.68   53.95   53.95   55.48   55.48   55.40   54.43   55.76   58.88   55.73   62.67   82.39  100.00   55.44   56.73   56.80
    21: A0A4Y9YXJ6_91.8_95.6_95.9_71.5_85.4_25.5   48.59   51.02   49.23   54.28   50.68   52.26   54.37   56.07   52.09   52.09   52.72   52.72   53.81   52.92   54.44   57.93   54.92   56.19   58.82   55.44  100.00   67.15   65.57
    22: A0A4S4M4M9_92.8_96.8_95.3_47.5_85.2_22.4   52.04   50.42   51.86   53.74   50.25   51.16   55.04   57.58   53.15   53.15   54.55   54.55   55.63   54.07   53.75   57.25   54.47   56.46   61.21   56.73   67.15  100.00   74.47
    23: W4K1E2_90.1_95.1_95.2_55.3_86.7_24.8       52.62   50.76   50.51   53.57   48.98   50.25   53.17   55.10   52.32   52.32   53.40   53.40   54.13   52.71   54.23   56.41   53.95   54.79   58.86   56.80   65.57   74.47  100.00
