(
A0A0C3RZU6_-1___-1___-1___-1___91.7_28.1:0.25791,
A0A1M2VPZ2_93.8_96.4_96.1_67.9_88.6_25.3:0.23826,
A0A5C3N312_86.3_92.4_90.9_29.4_83.9_25.5:0.22301);
