#
#
#  Percent Identity  Matrix - created by Clustal2.1 
#
#

     1: A0A815KFJ4_74.3_75.7_82.3_30.2_80.8_26.2  100.00   97.37   97.53   63.32   63.32   63.65   63.48   58.87   59.18   58.87   59.04   59.04   59.00   59.00   58.83   58.67   58.67   57.83   57.83   57.83   57.83   57.83   56.13   58.01   57.84
     2: A0A815LKS9_75.8_76.2_82.3_30.6_81.2_25.2   97.37  100.00   99.84   63.15   63.15   63.48   63.32   58.37   58.83   58.37   58.54   58.54   58.17   58.17   58.00   57.83   57.83   57.17   57.17   57.17   57.17   57.17   55.64   57.34   57.17
     3: A0A816DR40_72.9_75.6_82.5_30.7_81.4_25.9   97.53   99.84  100.00   63.15   63.15   63.48   63.32   58.37   58.83   58.37   58.54   58.54   58.17   58.17   58.00   57.83   57.83   57.17   57.17   57.17   57.17   57.17   55.64   57.34   57.17
     4: A0A814D8M4_71.9_75.3_79.2_30.6_78.6_26.6   63.32   63.15   63.15  100.00   98.11   98.58   98.58   70.36   70.64   69.38   69.54   69.38   70.09   70.25   70.57   70.73   70.73   71.52   71.84   71.84   71.68   71.68   72.79   71.20   71.04
     5: A0A813SLF9_73.1_78.1_79.6_26.3_78.8_26.3   63.32   63.15   63.15   98.11  100.00   99.21   98.90   70.36   70.64   69.38   69.54   69.38   70.57   70.73   71.04   71.20   71.20   72.15   72.47   72.47   72.31   72.31   73.51   71.36   71.04
     6: A0A814APQ4_70.3_75.8_78.6_25.9_78.3_25.9   63.65   63.48   63.48   98.58   99.21  100.00   99.69   70.52   70.81   69.54   69.71   69.54   70.73   70.89   71.20   71.36   71.36   71.99   72.31   72.31   72.15   72.15   73.27   71.52   71.20
     7: A0A818RL71_72.1_78.0_79.1_25.0_78.3_25.0   63.48   63.32   63.32   98.58   98.90   99.69  100.00   70.36   70.64   69.38   69.54   69.38   70.57   70.73   71.04   71.20   71.20   71.84   72.15   72.15   71.99   71.99   73.27   71.36   71.04
     8: A0A819SN92_75.6_73.1_79.6_28.6_79.3_28.6   58.87   58.37   58.37   70.36   70.36   70.52   70.36  100.00  100.00   95.18   95.35   95.18   74.92   75.08   75.24   75.08   75.08   74.92   75.08   75.24   75.24   75.08   72.01   75.78   75.61
     9: A0A819VKA9_76.8_74.0_80.1_27.4_79.9_27.4   59.18   58.83   58.83   70.64   70.64   70.81   70.64  100.00  100.00   95.50   95.50   95.33   75.38   75.54   75.71   75.54   75.54   75.88   76.05   76.21   76.21   76.05   73.30   76.73   76.56
    10: A0A818TT98_75.1_73.5_80.4_25.3_80.2_25.3   58.87   58.37   58.37   69.38   69.38   69.54   69.38   95.18   95.50  100.00   99.84   99.68   75.40   75.57   75.73   75.57   75.57   75.08   75.24   75.40   75.40   75.24   73.21   75.94   75.78
    11: A0A818BUP1_76.4_73.8_80.0_24.4_79.9_24.4   59.04   58.54   58.54   69.54   69.54   69.71   69.54   95.35   95.50   99.84  100.00   99.84   75.40   75.57   75.73   75.57   75.57   75.08   75.24   75.40   75.40   75.24   73.21   75.94   75.78
    12: A0A821PL06_76.6_73.6_80.6_24.0_80.4_24.0   59.04   58.54   58.54   69.38   69.38   69.54   69.38   95.18   95.33   99.68   99.84  100.00   75.24   75.40   75.57   75.40   75.40   74.92   75.08   75.24   75.24   75.08   72.97   75.78   75.61
    13: A0A813XPM9_78.2_79.5_78.2_21.5_77.4_21.5   59.00   58.17   58.17   70.09   70.57   70.73   70.57   74.92   75.38   75.40   75.40   75.24  100.00   99.85   98.92   97.99   98.14   85.29   85.60   85.45   85.29   85.45   83.45   86.99   86.83
    14: A0A818EIV1_78.8_80.0_78.4_20.8_77.7_20.8   59.00   58.17   58.17   70.25   70.73   70.89   70.73   75.08   75.54   75.57   75.57   75.40   99.85  100.00   99.07   98.14   98.30   85.45   85.76   85.60   85.45   85.60   83.68   87.15   86.99
    15: A0A821FRI7_78.4_78.6_78.5_21.5_77.7_21.5   58.83   58.00   58.00   70.57   71.04   71.20   71.04   75.24   75.71   75.73   75.73   75.57   98.92   99.07  100.00   99.07   98.92   85.60   85.91   85.76   85.60   85.76   83.92   87.15   86.99
    16: A0A814QR34_75.7_79.1_77.5_26.2_76.8_23.3   58.67   57.83   57.83   70.73   71.20   71.36   71.20   75.08   75.54   75.57   75.57   75.40   97.99   98.14   99.07  100.00   99.85   85.60   85.91   85.76   85.60   85.76   83.92   86.99   86.83
    17: A0A818JK42_77.6_78.9_77.9_23.5_77.2_23.5   58.67   57.83   57.83   70.73   71.20   71.36   71.20   75.08   75.54   75.57   75.57   75.40   98.14   98.30   98.92   99.85  100.00   85.60   85.91   85.76   85.60   85.76   83.92   86.99   86.83
    18: A0A813TQM3_79.2_79.1_78.0_24.6_77.4_24.6   57.83   57.17   57.17   71.52   72.15   71.99   71.84   74.92   75.88   75.08   75.08   74.92   85.29   85.45   85.60   85.60   85.60  100.00   99.69   99.54   99.69   99.85   99.77   88.24   88.09
    19: A0A813U5R0_77.7_79.6_77.9_24.4_77.5_24.4   57.83   57.17   57.17   71.84   72.47   72.31   72.15   75.08   76.05   75.24   75.24   75.08   85.60   85.76   85.91   85.91   85.91   99.69  100.00   99.85   99.69   99.85   99.77   88.56   88.40
    20: A0A819E4M7_77.8_79.0_77.7_23.6_77.0_23.6   57.83   57.17   57.17   71.84   72.47   72.31   72.15   75.24   76.21   75.40   75.40   75.24   85.45   85.60   85.76   85.76   85.76   99.54   99.85  100.00   99.85   99.69   99.53   88.40   88.24
    21: A0A814BZH9_78.1_79.3_77.6_23.9_77.1_23.9   57.83   57.17   57.17   71.68   72.31   72.15   71.99   75.24   76.21   75.40   75.40   75.24   85.29   85.45   85.60   85.60   85.60   99.69   99.69   99.85  100.00   99.85   99.77   88.24   88.09
    22: A0A813YUP3_76.8_79.1_77.4_24.3_76.9_24.3   57.83   57.17   57.17   71.68   72.31   72.15   71.99   75.08   76.05   75.24   75.24   75.08   85.45   85.60   85.76   85.76   85.76   99.85   99.85   99.69   99.85  100.00  100.00   88.40   88.24
    23: A0A819Q9N3_-1_-1_-1_-1_82.7_31.2           56.13   55.64   55.64   72.79   73.51   73.27   73.27   72.01   73.30   73.21   73.21   72.97   83.45   83.68   83.92   83.92   83.92   99.77   99.77   99.53   99.77  100.00  100.00   86.49   86.26
    24: A0A817MLN8_74.9_79.3_77.0_23.0_76.6_23.0   58.01   57.34   57.34   71.20   71.36   71.52   71.36   75.78   76.73   75.94   75.94   75.78   86.99   87.15   87.15   86.99   86.99   88.24   88.56   88.40   88.24   88.40   86.49  100.00   99.53
    25: A0A817DI36_73.2_78.7_77.0_24.8_76.6_24.8   57.84   57.17   57.17   71.04   71.04   71.20   71.04   75.61   76.56   75.78   75.78   75.61   86.83   86.99   86.99   86.83   86.83   88.09   88.40   88.24   88.09   88.24   86.26   99.53  100.00
