#
#
#  Percent Identity  Matrix - created by Clustal2.1 
#
#

     1: A0A0D9XP57_98.1_97.9_87.6_41.2_81.8_29.1  100.00   84.42   85.66   67.53   70.22   67.29   69.78   69.78   63.10   62.73   61.40
     2: G2XMB3_98.3_98.4_92.7_47.1_85.5_33.7       84.42  100.00   99.64   65.47   71.19   66.30   66.55   66.55   60.07   59.71   59.86
     3: J3N638_98.3_98.4_93.3_57.7_86.3_33.9       85.66   99.64  100.00   66.30   71.19   67.28   67.03   67.03   61.17   60.81   60.95
     4: A0A5J9WRY5_98.1_98.1_93.0_49.9_86.2_29.3   67.53   65.47   66.30  100.00   66.85   64.62   68.36   68.36   60.07   59.71   59.14
     5: A0A6G1BNX7_-1___-1___-1___-1___84.5_31.5   70.22   71.19   71.19   66.85  100.00  100.00   71.35   71.35   62.71   62.71   62.92
     6: A0A6G1BNW8_97.5_97.4_91.9_46.1_84.9_29.1   67.29   66.30   67.28   64.62  100.00  100.00   70.55   70.55   62.68   62.32   62.82
     7: K3ZN43_97.8_97.7_93.0_57.7_86.5_30.8       69.78   66.55   67.03   68.36   71.35   70.55  100.00  100.00   69.09   68.73   70.65
     8: A0A4U6TF55_97.9_97.8_92.5_60.0_86.1_31.8   69.78   66.55   67.03   68.36   71.35   70.55  100.00  100.00   69.09   68.73   70.65
     9: A0A2T7CKF3_97.9_97.9_86.9_47.4_81.2_32.5   63.10   60.07   61.17   60.07   62.71   62.68   69.09   69.09  100.00   98.93   85.00
    10: A0A2S3ICL5_85.7_82.6_89.7_52.6_84.8_33.1   62.73   59.71   60.81   59.71   62.71   62.32   68.73   68.73   98.93  100.00   85.00
    11: A0A3L6PCL4_90.6_86.9_92.9_50.7_89.2_41.0   61.40   59.86   60.95   59.14   62.92   62.82   70.65   70.65   85.00   85.00  100.00
