#
#
#  Percent Identity  Matrix - created by Clustal2.1 
#
#

     1: A0A2K3QJU2_92.6_96.9_94.1_46.4_85.3_22.3  100.00   56.85   52.46   56.45   56.94   56.16   57.27   60.24
     2: A0A086THD1_84.5_93.0_88.5_32.9_81.8_26.0   56.85  100.00   55.26   59.54   58.93   57.94   57.19   60.71
     3: A0A4Q4V2V9_93.4_96.7_92.5_40.5_74.8_22.1   52.46   55.26  100.00   61.45   61.61   60.89   59.82   62.50
     4: A0A135V3B1_-1___-1___-1___-1___90.4_25.8   56.45   59.54   61.45  100.00   93.72   94.48   80.63   84.52
     5: A0A010R3C1_89.4_95.6_93.6_43.5_89.6_22.4   56.94   58.93   61.61   93.72  100.00   96.19   80.35   84.51
     6: A0A135TN97_93.4_96.8_94.5_48.6_88.6_23.1   56.16   57.94   60.89   94.48   96.19  100.00   79.83   83.82
     7: A0A4U6X620_95.1_97.1_90.1_29.2_86.0_23.6   57.27   57.19   59.82   80.63   80.35   79.83  100.00   91.85
     8: A0A5Q4BMZ5_66.2_63.7_81.7_31.1_81.0_27.1   60.24   60.71   62.50   84.52   84.51   83.82   91.85  100.00
