#
#
#  Percent Identity  Matrix - created by Clustal2.1 
#
#

     1: A0A427XDG5_82.4_93.8_91.0_32.8_84.6_23.2  100.00   52.23   58.22   60.44   59.80   57.00   59.12   58.95   58.12   58.12   58.12   57.96   57.96   57.45   57.72   57.55   57.50   57.34   57.34   57.76   61.64   61.64   58.72   58.46   59.40
     2: A0A1B9I4J2_88.4_94.8_92.5_46.1_86.2_27.1   52.23  100.00   54.73   53.95   58.22   56.10   57.72   57.72   58.67   59.00   59.17   59.00   59.00   59.17   59.97   59.93   60.23   60.40   60.40   57.57   60.63   60.96   60.96   60.99   61.86
     3: A0A1Y1UK18_82.0_94.8_93.9_55.0_87.2_23.4   58.22   54.73  100.00   60.03   62.17   60.44   62.33   62.33   59.37   58.87   58.87   60.03   60.03   59.20   59.87   59.87   59.33   59.33   59.33   61.61   63.14   63.31   61.32   61.16   63.14
     4: A0A1Y2BLY6_89.3_94.7_92.1_40.8_86.3_27.0   60.44   53.95   60.03  100.00   65.06   63.03   64.73   64.73   64.46   64.63   64.63   64.63   64.63   64.30   64.74   64.74   65.56   65.22   65.39   61.80   67.43   67.43   64.40   65.07   67.16
     5: A0A5D3AKU1_81.0_94.5_92.1_35.8_85.8_24.8   59.80   58.22   62.17   65.06  100.00   93.09   96.09   96.25   71.57   71.57   71.73   71.41   71.41   71.57   73.32   73.00   72.53   72.86   72.70   67.54   69.24   69.24   66.39   67.71   68.20
     6: A0A1E3I5M5_80.9_93.6_90.1_33.6_83.2_24.0   57.00   56.10   60.44   63.03   93.09  100.00   97.04   96.88   68.81   68.65   68.81   68.81   68.81   69.31   70.41   70.08   69.77   69.93   69.77   65.73   66.78   66.78   63.55   64.89   65.22
     7: A0A1E3I4S3_81.6_93.9_92.3_31.2_86.1_25.0   59.12   57.72   62.33   64.73   96.09   97.04  100.00   99.84   71.41   71.41   71.57   71.41   71.41   71.57   73.00   72.67   72.20   72.37   72.20   67.70   69.08   69.08   65.73   67.55   67.55
     8: A0A1E3KDF5_74.6_87.9_83.0_32.3_77.7_25.4   58.95   57.72   62.33   64.73   96.25   96.88   99.84  100.00   71.57   71.57   71.73   71.57   71.57   71.73   73.16   72.83   72.37   72.53   72.37   67.70   69.08   69.08   65.73   67.55   67.55
     9: A0A0D0XT73_83.5_95.6_92.5_33.0_85.4_23.7   58.12   58.67   59.37   64.46   71.57   68.81   71.41   71.57  100.00   96.45   96.45   96.29   96.29   96.45   91.11   91.11   91.40   91.07   91.23   65.91   68.89   69.06   67.38   69.98   69.98
    10: A0A095D528_82.9_94.8_92.9_33.8_86.0_25.2   58.12   59.00   58.87   64.63   71.57   68.65   71.41   71.57   96.45  100.00   99.68   96.29   96.29   96.61   90.95   91.28   91.23   90.91   91.07   66.07   68.73   68.89   67.38   69.66   69.98
    11: A0A0D0U0W4_82.5_95.1_92.3_33.0_85.9_25.2   58.12   59.17   58.87   64.63   71.73   68.81   71.57   71.73   96.45   99.68  100.00   96.29   96.29   96.61   90.95   91.28   91.23   90.91   91.07   66.07   68.73   68.89   67.38   69.98   69.98
    12: A0A0D0Y380_84.0_95.5_92.8_40.7_86.5_28.4   57.96   59.00   60.03   64.63   71.41   68.81   71.41   71.57   96.29   96.29   96.29  100.00  100.00   96.77   90.79   90.79   91.23   90.91   91.07   66.56   70.20   70.36   68.03   70.64   70.96
    13: E6R9P3_83.9_95.5_92.9_36.8_86.6_25.7       57.96   59.00   60.03   64.63   71.41   68.81   71.41   71.57   96.29   96.29   96.29  100.00  100.00   96.77   90.79   90.79   91.23   90.91   91.07   66.56   70.20   70.36   68.03   70.64   70.96
    14: A0A0D0VQ93_83.2_95.3_92.7_30.8_85.9_25.6   57.45   59.17   59.20   64.30   71.57   69.31   71.57   71.73   96.45   96.61   96.61   96.77   96.77  100.00   91.11   91.11   91.56   91.56   91.72   65.91   69.22   69.38   68.03   70.31   70.47
    15: Q5KE59_85.3_95.4_92.6_35.4_84.0_25.4       57.72   59.97   59.87   64.74   73.32   70.41   73.00   73.16   91.11   90.95   90.95   90.79   90.79   91.11  100.00   99.35   95.29   94.97   94.97   66.88   69.71   69.87   68.47   70.75   71.73
    16: Q55P98_85.8_95.4_92.8_34.7_85.8_25.7       57.55   59.93   59.87   64.74   73.00   70.08   72.67   72.83   91.11   91.28   91.28   90.79   90.79   91.11   99.35  100.00   94.97   94.64   94.81   66.99   69.49   69.66   68.31   70.42   71.41
    17: A0A225Y890_82.9_94.6_92.4_29.9_86.2_26.1   57.50   60.23   59.33   65.56   72.53   69.77   72.20   72.37   91.40   91.23   91.23   91.23   91.23   91.56   95.29   94.97  100.00   98.70   98.70   66.99   70.16   70.33   68.48   70.44   71.10
    18: J9VVK0_81.6_94.7_92.5_29.2_86.0_25.2       57.34   60.40   59.33   65.22   72.86   69.93   72.37   72.53   91.07   90.91   90.91   90.91   90.91   91.56   94.97   94.64   98.70  100.00   99.68   66.83   70.33   70.49   68.48   70.28   71.26
    19: A0A854Q9I1_83.4_95.2_93.0_37.6_86.7_25.2   57.34   60.40   59.33   65.39   72.70   69.77   72.20   72.37   91.23   91.07   91.07   91.07   91.07   91.72   94.97   94.81   98.70   99.68  100.00   66.67   70.33   70.49   68.65   70.44   71.43
    20: A0A5M6CB76_91.7_96.8_94.1_54.5_86.5_24.6   57.76   57.57   61.61   61.80   67.54   65.73   67.70   67.70   65.91   66.07   66.07   66.56   66.56   65.91   66.88   66.99   66.99   66.83   66.67  100.00   67.95   68.28   68.99   67.85   68.56
    21: A0A1B9H5Y3_92.6_96.4_93.5_41.0_86.6_27.2   61.64   60.63   63.14   67.43   69.24   66.78   69.08   69.08   68.89   68.73   68.73   70.20   70.20   69.22   69.71   69.49   70.16   70.33   70.33   67.95  100.00   99.52   73.58   77.10   77.02
    22: A0A1B9GNV1_93.2_96.9_93.9_47.2_87.5_27.9   61.64   60.96   63.31   67.43   69.24   66.78   69.08   69.08   69.06   68.89   68.89   70.36   70.36   69.38   69.87   69.66   70.33   70.49   70.49   68.28   99.52  100.00   73.58   77.26   77.51
    23: A0A1B9FYH6_91.1_96.3_94.3_49.6_89.6_31.4   58.72   60.96   61.32   64.40   66.39   63.55   65.73   65.73   67.38   67.38   67.38   68.03   68.03   68.03   68.47   68.31   68.48   68.48   68.65   68.99   73.58   73.58  100.00   78.12   81.79
    24: A0A1A6A1C1_92.6_97.1_94.1_43.9_87.6_28.0   58.46   60.99   61.16   65.07   67.71   64.89   67.55   67.55   69.98   69.66   69.98   70.64   70.64   70.31   70.75   70.42   70.44   70.28   70.44   67.85   77.10   77.26   78.12  100.00   86.25
    25: A0A1B9I4L9_92.2_97.1_93.9_45.0_88.2_29.1   59.40   61.86   63.14   67.16   68.20   65.22   67.55   67.55   69.98   69.98   69.98   70.96   70.96   70.47   71.73   71.41   71.10   71.26   71.43   68.56   77.02   77.51   81.79   86.25  100.00
