#
#
#  Percent Identity  Matrix - created by Clustal2.1 
#
#

     1: A0A0N5D1L0  100.00   56.99   57.80   58.77   60.86   58.16   59.02   61.76   61.76   61.25   60.90   62.40
     2: A0A8R1TRU5   56.99  100.00   86.54   87.34   69.66   66.76   67.69   70.36   70.36   69.25   70.89   72.57
     3: A0A183GZU2   57.80   86.54  100.00   98.88   71.97   67.56   68.84   72.06   72.06   70.78   72.79   75.25
     4: A0A238BTF3   58.77   87.34   98.88  100.00   71.41   68.55   69.71   72.56   72.56   71.41   72.91   75.50
     5: A0A0N4TQL8   60.86   69.66   71.97   71.41  100.00   94.36   95.28   95.84   95.84   95.68   77.91   81.13
     6: A0A1I9G1Z3   58.16   66.76   67.56   68.55   94.36  100.00   99.14   95.84   95.84   96.67   75.45   77.78
     7: A0A1I9G248   59.02   67.69   68.84   69.71   95.28   99.14  100.00   96.83   96.83   97.54   76.66   79.36
     8: A0A5S6PLW2   61.76   70.36   72.06   72.56   95.84   95.84   96.83  100.00  100.00  100.00   78.47   81.99
     9: A0A4E9EYF7   61.76   70.36   72.06   72.56   95.84   95.84   96.83  100.00  100.00  100.00   78.47   81.99
    10: A0A1I9G225   61.25   69.25   70.78   71.41   95.68   96.67   97.54  100.00  100.00  100.00   77.58   81.27
    11: A0A0R3RJ03   60.90   70.89   72.79   72.91   77.91   75.45   76.66   78.47   78.47   77.58  100.00   84.06
    12: A0A498SPB4   62.40   72.57   75.25   75.50   81.13   77.78   79.36   81.99   81.99   81.27   84.06  100.00
