#
#
#  Percent Identity  Matrix - created by Clustal2.1 
#
#

     1: A0A1Y1UGI1  100.00   56.64   57.24   56.61   56.01   54.42
     2: A0A5M6C984   56.64  100.00   65.03   65.27   64.11   64.16
     3: A0A1A6A4F0   57.24   65.03  100.00   91.03   80.97   80.73
     4: A0A1B9I2L2   56.61   65.27   91.03  100.00   81.31   80.90
     5: A0A1B9G2N4   56.01   64.11   80.97   81.31  100.00   88.83
     6: A0A1B9IYN6   54.42   64.16   80.73   80.90   88.83  100.00
