(
E4XGC5_68.0_70.8_76.4_29.8_76.7_29.8:0.04245,
E4YK88_68.4_73.9_79.2_29.0_80.1_29.0:-0.00406,
E4YNW7_-1___-1___-1___-1___79.0_32.2:0.00406);
