(
A0A7M7STT1:0.02257,
A0A7M7HE08:0.00385,
A0A7M7N3C3:-0.00216);
