#
#
#  Percent Identity  Matrix - created by Clustal2.1 
#
#

     1: A0A427XM44  100.00   62.26   60.80   49.73   53.83   51.71   52.43   53.23   53.23   53.50   53.15   53.50   53.15   52.71   52.71   53.23   53.23   53.23   52.75   52.75   52.55   52.55   53.39   53.57   53.75   53.75   53.75   53.75   53.39   53.04   53.21   54.76   54.58   54.74   55.10   54.92   54.92
     2: A0A0J0XT35   62.26  100.00   63.74   53.64   52.74   53.23   52.32   52.17   52.17   52.26   52.43   52.26   52.08   51.82   51.82   51.99   51.99   52.34   55.03   55.03   54.08   54.08   55.77   55.77   55.42   55.42   54.88   54.88   56.13   55.77   55.95   54.09   53.91   56.41   56.58   56.05   56.05
     3: A0A7D8Z2Q9   60.80   63.74  100.00   54.26   56.03   56.29   56.03   55.02   55.02   55.41   54.63   54.83   54.83   54.25   54.25   55.21   55.21   55.21   55.92   55.92   56.40   56.40   57.81   57.81   58.20   58.20   57.23   57.42   57.03   56.64   56.84   55.47   55.27   57.81   58.59   58.40   58.40
     4: A0A4Q1BKI0   49.73   53.64   54.26  100.00   54.50   60.86   59.75   54.21   54.21   54.66   53.43   53.78   53.60   53.16   53.16   54.21   54.21   54.56   58.60   58.60   56.55   56.55   57.73   57.55   57.55   57.55   58.61   58.97   57.70   57.35   57.73   57.93   57.58   59.21   59.93   59.75   59.39
     5: A0A427Y8H6   53.83   52.74   56.03   54.50  100.00   62.03   63.43   59.83   59.83   59.23   59.58   59.76   59.76   59.13   59.13   59.65   59.48   59.48   65.33   65.33   60.00   60.00   62.50   62.15   62.68   62.68   62.50   62.68   63.73   63.38   63.56   60.95   60.95   63.65   64.18   64.18   64.01
     6: A0A8J1YTD4   51.71   53.23   56.29   60.86   62.03  100.00   63.33   58.87   58.87   59.33   58.79   58.79   58.79   58.87   58.87   58.69   58.69   58.87   64.83   64.83   61.61   61.61   64.40   64.58   64.04   63.86   64.94   65.12   65.12   64.58   64.76   63.20   63.20   63.85   64.03   64.03   64.03
     7: A0A1Y2BHH3   52.43   52.32   56.03   59.75   63.43   63.33  100.00   56.79   56.79   57.24   57.07   57.07   56.89   56.79   56.79   57.32   57.32   57.50   66.37   66.37   60.51   60.51   62.30   62.48   62.48   62.30   63.19   63.36   61.59   61.59   61.42   62.52   62.52   63.28   63.10   63.99   63.99
     8: A0A0D0YER8   53.23   52.17   55.02   54.21   59.83   58.87   56.79  100.00  100.00   98.30   97.28   97.11   96.43   92.71   92.54   91.86   91.86   92.03   58.85   58.85   66.73   66.73   68.18   68.18   67.83   67.83   67.13   67.13   66.96   66.61   66.78   65.09   65.26   65.73   65.55   66.08   66.26
     9: E6RBE5       53.23   52.17   55.02   54.21   59.83   58.87   56.79  100.00  100.00   98.30   97.28   97.11   96.43   92.71   92.54   91.86   91.86   92.03   58.85   58.85   66.73   66.73   68.18   68.18   67.83   67.83   67.13   67.13   66.96   66.61   66.78   65.09   65.26   65.73   65.55   66.08   66.26
    10: A0A0D0XS59   53.50   52.26   55.41   54.66   59.23   59.33   57.24   98.30   98.30  100.00   97.45   97.11   96.43   92.70   92.53   91.51   91.51   91.85   59.30   59.30   66.67   66.67   68.13   68.13   67.78   67.78   67.60   67.60   67.08   66.73   66.90   66.08   66.26   66.20   66.02   66.55   66.73
    11: A0A0D0VMH0   53.15   52.43   54.63   53.43   59.58   58.79   57.07   97.28   97.28   97.45  100.00   97.28   96.60   92.70   92.53   91.51   91.51   91.85   59.13   59.13   66.31   66.31   67.78   67.78   67.43   67.43   66.90   66.90   66.55   66.37   66.55   65.20   65.38   65.32   65.32   65.67   65.85
    12: A0A095C9C5   53.50   52.26   54.83   53.78   59.76   58.79   57.07   97.11   97.11   97.11   97.28  100.00   98.30   92.70   92.53   92.02   92.02   92.36   58.78   58.78   66.67   66.67   68.13   68.13   67.78   67.78   67.08   67.08   66.90   66.73   66.73   65.03   65.20   65.67   65.49   66.02   66.20
    13: A0A0D0T6Z1   53.15   52.08   54.83   53.60   59.76   58.79   56.89   96.43   96.43   96.43   96.60   98.30  100.00   92.53   92.36   91.34   91.34   91.68   58.61   58.61   66.67   66.67   68.13   68.13   67.78   67.78   67.08   67.08   66.90   66.55   66.73   64.85   65.03   65.32   65.14   65.67   65.85
    14: Q55N18       52.71   51.82   54.25   53.16   59.13   58.87   56.79   92.71   92.71   92.70   92.70   92.70   92.53  100.00   99.83   93.40   93.40   93.74   59.20   59.20   66.19   66.19   67.48   67.66   67.31   67.31   66.43   66.43   66.61   66.08   66.26   64.56   64.74   65.20   65.03   65.20   65.38
    15: Q5KBE8       52.71   51.82   54.25   53.16   59.13   58.87   56.79   92.54   92.54   92.53   92.53   92.53   92.36   99.83  100.00   93.23   93.23   93.57   59.20   59.20   66.01   66.01   67.31   67.66   67.13   67.13   66.26   66.26   66.43   65.91   66.08   64.56   64.74   65.03   64.85   65.03   65.20
    16: J9VTX6       53.23   51.99   55.21   54.21   59.65   58.69   57.32   91.86   91.86   91.51   91.51   92.02   91.34   93.40   93.23  100.00   99.66   99.32   59.55   59.55   66.91   66.91   68.36   68.36   68.01   68.01   67.48   67.48   67.31   66.96   67.13   64.39   64.56   65.38   65.38   65.73   65.91
    17: A0A854Q5F4   53.23   51.99   55.21   54.21   59.48   58.69   57.32   91.86   91.86   91.51   91.51   92.02   91.34   93.40   93.23   99.66  100.00   99.32   59.38   59.38   66.91   66.91   68.36   68.36   68.01   68.01   67.48   67.48   67.31   66.96   67.13   64.39   64.56   65.38   65.38   65.73   65.91
    18: A0A225Y254   53.23   52.34   55.21   54.56   59.48   58.87   57.50   92.03   92.03   91.85   91.85   92.36   91.68   93.74   93.57   99.32   99.32  100.00   59.72   59.72   66.91   66.91   68.36   68.36   68.01   68.01   67.48   67.48   67.31   66.96   67.13   64.74   64.91   65.38   65.38   65.73   65.91
    19: A0A1B9HAS0   52.75   55.03   55.92   58.60   65.33   64.83   66.37   58.85   58.85   59.30   59.13   58.78   58.61   59.20   59.20   59.55   59.38   59.72  100.00  100.00   64.64   64.64   67.19   67.19   66.84   66.84   66.67   66.67   67.36   66.84   67.36   66.55   66.55   66.26   66.08   66.26   66.43
    20: A0A1B9H0Q4   52.75   55.03   55.92   58.60   65.33   64.83   66.37   58.85   58.85   59.30   59.13   58.78   58.61   59.20   59.20   59.55   59.38   59.72  100.00  100.00   64.64   64.64   67.19   67.19   66.84   66.84   66.67   66.67   67.36   66.84   67.36   66.55   66.55   66.26   66.08   66.26   66.43
    21: A0A0D0V253   52.55   54.08   56.40   56.55   60.00   61.61   60.51   66.73   66.73   66.67   66.31   66.67   66.67   66.19   66.01   66.91   66.91   66.91   64.64   64.64  100.00  100.00   94.64   94.82   95.36   95.36   87.86   87.68   88.21   88.21   88.21   69.30   69.12   70.86   71.22   71.76   71.94
    22: A0A0L6DJA3   52.55   54.08   56.40   56.55   60.00   61.61   60.51   66.73   66.73   66.67   66.31   66.67   66.67   66.19   66.01   66.91   66.91   66.91   64.64   64.64  100.00  100.00   94.64   94.82   95.36   95.36   87.86   87.68   88.21   88.21   88.21   69.30   69.12   70.86   71.22   71.76   71.94
    23: A0A0D0YWZ5   53.39   55.77   57.81   57.73   62.50   64.40   62.30   68.18   68.18   68.13   67.78   68.13   68.13   67.48   67.31   68.36   68.36   68.36   67.19   67.19   94.64   94.64  100.00   97.03   97.38   97.21   89.88   89.70   90.40   90.40   90.40   71.58   71.40   73.29   73.64   74.17   74.34
    24: A0A0D0UQD6   53.57   55.77   57.81   57.55   62.15   64.58   62.48   68.18   68.18   68.13   67.78   68.13   68.13   67.66   67.66   68.36   68.36   68.36   67.19   67.19   94.82   94.82   97.03  100.00   97.91   97.73   90.58   90.40   90.58   90.58   90.58   72.11   71.93   73.29   73.64   74.34   74.52
    25: E6R0I1       53.75   55.42   58.20   57.55   62.68   64.04   62.48   67.83   67.83   67.78   67.43   67.78   67.78   67.31   67.13   68.01   68.01   68.01   66.84   66.84   95.36   95.36   97.38   97.91  100.00   99.83   90.23   90.05   90.40   90.40   90.40   71.23   71.05   72.76   73.11   73.81   73.99
    26: A0A0D0Y740   53.75   55.42   58.20   57.55   62.68   63.86   62.30   67.83   67.83   67.78   67.43   67.78   67.78   67.31   67.13   68.01   68.01   68.01   66.84   66.84   95.36   95.36   97.21   97.73   99.83  100.00   90.05   89.88   90.40   90.40   90.40   71.23   71.05   72.76   73.11   73.81   73.99
    27: Q5KPG2       53.75   54.88   57.23   58.61   62.50   64.94   63.19   67.13   67.13   67.60   66.90   67.08   67.08   66.43   66.26   67.48   67.48   67.48   66.67   66.67   87.86   87.86   89.88   90.58   90.23   90.05  100.00   99.48   91.97   91.80   91.80   71.40   71.23   72.76   73.29   73.99   73.81
    28: Q560G0       53.75   54.88   57.42   58.97   62.68   65.12   63.36   67.13   67.13   67.60   66.90   67.08   67.08   66.43   66.26   67.48   67.48   67.48   66.67   66.67   87.68   87.68   89.70   90.40   90.05   89.88   99.48  100.00   91.80   91.80   91.80   71.75   71.58   73.11   73.64   74.34   74.17
    29: A0A226A0Y3   53.39   56.13   57.03   57.70   63.73   65.12   61.59   66.96   66.96   67.08   66.55   66.90   66.90   66.61   66.43   67.31   67.31   67.31   67.36   67.36   88.21   88.21   90.40   90.58   90.40   90.40   91.97   91.80  100.00   98.82   98.78   70.88   70.70   73.11   73.29   74.17   74.34
    30: A0A854QL32   53.04   55.77   56.64   57.35   63.38   64.58   61.59   66.61   66.61   66.73   66.37   66.73   66.55   66.08   65.91   66.96   66.96   66.96   66.84   66.84   88.21   88.21   90.40   90.58   90.40   90.40   91.80   91.80   98.82  100.00   99.65   70.70   70.53   72.76   72.93   73.81   73.99
    31: J9VDT7       53.21   55.95   56.84   57.73   63.56   64.76   61.42   66.78   66.78   66.90   66.55   66.73   66.73   66.26   66.08   67.13   67.13   67.13   67.36   67.36   88.21   88.21   90.40   90.58   90.40   90.40   91.80   91.80   98.78   99.65  100.00   70.88   70.70   73.11   73.29   74.17   74.34
    32: A0A1E3II36   54.76   54.09   55.47   57.93   60.95   63.20   62.52   65.09   65.09   66.08   65.20   65.03   64.85   64.56   64.56   64.39   64.39   64.74   66.55   66.55   69.30   69.30   71.58   72.11   71.23   71.23   71.40   71.75   70.88   70.70   70.88  100.00   99.47   74.07   74.60   74.96   74.78
    33: A0A1E3J9T3   54.58   53.91   55.27   57.58   60.95   63.20   62.52   65.26   65.26   66.26   65.38   65.20   65.03   64.74   64.74   64.56   64.56   64.91   66.55   66.55   69.12   69.12   71.40   71.93   71.05   71.05   71.23   71.58   70.70   70.53   70.70   99.47  100.00   73.90   74.43   74.78   74.60
    34: A0A5D3B0B0   54.74   56.41   57.81   59.21   63.65   63.85   63.28   65.73   65.73   66.20   65.32   65.67   65.32   65.20   65.03   65.38   65.38   65.38   66.26   66.26   70.86   70.86   73.29   73.29   72.76   72.76   72.76   73.11   73.11   72.76   73.11   74.07   73.90  100.00   97.37   97.19   96.84
    35: A0A1E3J0E4   55.10   56.58   58.59   59.93   64.18   64.03   63.10   65.55   65.55   66.02   65.32   65.49   65.14   65.03   64.85   65.38   65.38   65.38   66.08   66.08   71.22   71.22   73.64   73.64   73.11   73.11   73.29   73.64   73.29   72.93   73.29   74.60   74.43   97.37  100.00   97.54   97.02
    36: A0A1E3I0M0   54.92   56.05   58.40   59.75   64.18   64.03   63.99   66.08   66.08   66.55   65.67   66.02   65.67   65.20   65.03   65.73   65.73   65.73   66.26   66.26   71.76   71.76   74.17   74.34   73.81   73.81   73.99   74.34   74.17   73.81   74.17   74.96   74.78   97.19   97.54  100.00   99.47
    37: A0A1E3K9W1   54.92   56.05   58.40   59.39   64.01   64.03   63.99   66.26   66.26   66.73   65.85   66.20   65.85   65.38   65.20   65.91   65.91   65.91   66.43   66.43   71.94   71.94   74.34   74.52   73.99   73.99   73.81   74.17   74.34   73.99   74.34   74.78   74.60   96.84   97.02   99.47  100.00
