(
A0A6P4Z0U5:0.06047,
A0A8J9W342:0.04586,
C3YNL6:0.04117);
