#
#
#  Percent Identity  Matrix - created by Clustal2.1 
#
#

     1: A0A4V6TEQ9_86.2_94.8_93.5_48.0_90.2_25.5  100.00   95.15   94.96   94.78   95.52   95.34   95.34   95.52   95.52   95.34   96.27   95.90   94.96   94.96   96.46   95.67   94.96   95.34   95.34   95.34   95.52   95.52   95.90   79.25   74.95
     2: A0A4S9Z185_86.7_95.6_95.1_65.3_89.5_30.4   95.15  100.00   98.23   98.06   97.57   97.39   95.16   97.36   97.01   98.07   97.20   97.20   97.00   96.84   97.39   97.70   97.01   97.36   97.53   97.72   97.54   97.89   97.89   79.25   75.33
     3: A0A4S9R6F2_91.2_96.3_94.8_62.3_88.2_23.3   94.96   98.23  100.00   99.82   99.44   99.25   95.15   97.35   96.83   97.88   97.20   97.20   97.00   97.00   97.20   97.86   97.17   97.53   97.53   97.88   97.70   98.23   98.06   79.07   74.95
     4: A0A4S9W4I3_91.5_96.6_95.0_67.0_88.4_26.0   94.78   98.06   99.82  100.00   99.25   99.07   94.97   97.17   96.64   97.70   97.01   97.01   96.82   96.82   97.01   97.68   97.00   97.35   97.35   97.70   97.53   98.06   97.88   78.88   74.77
     5: A0A4S8SB74_92.1_96.6_95.0_67.9_91.8_26.9   95.52   97.57   99.44   99.25  100.00   99.81   97.20   97.01   97.39   97.20   97.76   97.76   96.46   96.46   97.76   97.55   96.46   96.83   96.83   97.20   97.01   97.57   97.57   79.25   75.14
     6: A0A4S9LPX3_92.7_96.7_94.7_60.8_91.5_27.1   95.34   97.39   99.25   99.07   99.81  100.00   97.01   96.83   97.20   97.01   97.57   97.57   96.27   96.27   97.57   97.36   96.27   96.64   96.64   97.01   96.83   97.39   97.39   79.07   74.95
     7: A0A074YT37_93.9_97.1_95.3_75.0_89.6_25.4   95.34   95.16   95.15   94.97   97.20   97.01  100.00   94.27   96.64   94.98   97.57   97.20   94.25   94.09   97.57   94.94   94.27   94.62   94.79   95.34   95.16   95.16   95.16   79.25   75.33
     8: A0A4S9AVV1_92.4_96.5_95.0_62.8_88.5_24.9   95.52   97.36   97.35   97.17   97.01   96.83   94.27  100.00   97.57   97.19   97.20   96.83   97.00   97.01   97.20   97.87   96.84   97.19   97.17   97.19   97.36   97.72   97.72   79.81   75.51
     9: A0A4S8U5N1_92.9_96.7_95.3_74.9_92.0_25.7   95.52   97.01   96.83   96.64   97.39   97.20   96.64   97.57  100.00   96.83   97.76   97.39   96.27   96.27   97.57   97.36   96.83   97.20   97.20   96.64   97.20   97.20   97.39   79.25   75.70
    10: A0A4S9SPN6_92.7_96.9_95.6_74.1_89.1_25.0   95.34   98.07   97.88   97.70   97.20   97.01   94.98   97.19   96.83  100.00   98.69   99.07   97.00   97.01   97.20   97.87   97.89   98.24   98.23   97.89   97.72   98.42   98.07   79.07   75.51
    11: A0A4S8UTH2_93.0_96.6_95.5_77.2_92.3_25.8   96.27   97.20   97.20   97.01   97.76   97.57   97.57   97.20   97.76   98.69  100.00   99.25   96.83   96.83   98.13   97.93   97.57   97.95   97.95   97.20   97.39   97.76   97.95   79.81   75.89
    12: A0A4S9KQ35_92.3_96.8_95.3_71.2_92.1_24.2   95.90   97.20   97.20   97.01   97.76   97.57   97.20   96.83   97.39   99.07   99.25  100.00   96.46   96.46   97.76   97.55   97.20   97.57   97.57   97.20   97.01   97.76   97.57   79.63   75.89
    13: A0A4T0BD04_92.4_96.4_95.4_71.6_89.6_25.8   94.96   97.00   97.00   96.82   96.46   96.27   94.25   97.00   96.27   97.00   96.83   96.46  100.00  100.00   96.83   97.68   97.00   97.35   97.35   97.70   97.53   97.53   98.23   78.88   74.95
    14: A0A4S9HN28_90.6_96.1_95.4_73.3_89.1_24.2   94.96   96.84   97.00   96.82   96.46   96.27   94.09   97.01   96.27   97.01   96.83   96.46  100.00  100.00   96.83   97.70   97.01   97.36   97.35   97.72   97.54   97.54   98.24   78.88   74.95
    15: A0A4S8Z1H9_91.0_96.1_95.0_69.3_91.7_24.3   96.46   97.39   97.20   97.01   97.76   97.57   97.57   97.20   97.57   97.20   98.13   97.76   96.83   96.83  100.00   97.93   96.83   97.20   97.20   97.57   97.76   97.39   98.32   80.00   75.70
    16: A0A4S9F8Y1_92.4_96.6_94.5_68.8_88.5_27.1   95.67   97.70   97.86   97.68   97.55   97.36   94.94   97.87   97.36   97.87   97.93   97.55   97.68   97.70   97.93  100.00   97.87   98.23   98.22   98.23   98.40   98.40   98.76   79.81   75.47
    17: A0A4S9HYQ8_91.9_96.1_95.2_74.0_88.5_24.8   94.96   97.01   97.17   97.00   96.46   96.27   94.27   96.84   96.83   97.89   97.57   97.20   97.00   97.01   96.83   97.87  100.00   99.65   99.65   97.54   97.89   98.07   98.24   79.25   75.51
    18: A0A4S9G4J6_92.2_96.6_95.0_72.2_88.2_24.6   95.34   97.36   97.53   97.35   96.83   96.64   94.62   97.19   97.20   98.24   97.95   97.57   97.35   97.36   97.20   98.23   99.65  100.00  100.00   97.89   98.07   98.42   98.59   79.63   75.89
    19: A0A4T0AGM0_91.6_96.2_95.0_64.8_88.5_24.7   95.34   97.53   97.53   97.35   96.83   96.64   94.79   97.17   97.20   98.23   97.95   97.57   97.35   97.35   97.20   98.22   99.65  100.00  100.00   97.88   98.06   98.41   98.59   79.63   75.89
    20: A0A4S8S5I3_89.4_95.6_95.2_72.5_88.7_25.1   95.34   97.72   97.88   97.70   97.20   97.01   95.34   97.19   96.64   97.89   97.20   97.20   97.70   97.72   97.57   98.23   97.54   97.89   97.88  100.00   98.42   98.42   98.42   79.63   75.70
    21: A0A4S9XRY8_91.8_96.8_95.5_72.9_89.3_25.1   95.52   97.54   97.70   97.53   97.01   96.83   95.16   97.36   97.20   97.72   97.39   97.01   97.53   97.54   97.76   98.40   97.89   98.07   98.06   98.42  100.00   98.24   98.59   79.63   75.33
    22: A0A4S8VMW6_92.9_96.6_95.1_60.7_88.7_25.8   95.52   97.89   98.23   98.06   97.57   97.39   95.16   97.72   97.20   98.42   97.76   97.76   97.53   97.54   97.39   98.40   98.07   98.42   98.41   98.42   98.24  100.00   98.59   80.00   76.07
    23: A0A4S8XUU9_92.1_96.5_95.5_67.7_89.0_22.7   95.90   97.89   98.06   97.88   97.57   97.39   95.16   97.72   97.39   98.07   97.95   97.57   98.23   98.24   98.32   98.76   98.24   98.59   98.59   98.42   98.59   98.59  100.00   80.37   75.89
    24: A0A074VMM3_89.2_95.1_93.9_60.0_90.3_26.5   79.25   79.25   79.07   78.88   79.25   79.07   79.25   79.81   79.25   79.07   79.81   79.63   78.88   78.88   80.00   79.81   79.25   79.63   79.63   79.63   79.63   80.00   80.37  100.00   80.04
    25: A0A074XAK8_91.4_95.8_94.9_66.9_91.6_25.0   74.95   75.33   74.95   74.77   75.14   74.95   75.33   75.51   75.70   75.51   75.89   75.89   74.95   74.95   75.70   75.47   75.51   75.89   75.89   75.70   75.33   76.07   75.89   80.04  100.00
