(
A0A267H7M1:0.00421,
A0A1I8H2M8:0.00000,
A0A267E7H4:0.00281);
