(
A0A1B2JH42:0.05772,
C4R8M0:0.00000,
F2QYH7:0.00000);
