#
#
#  Percent Identity  Matrix - created by Clustal2.1 
#
#

     1: A0A1E1X747_75.2_80.1_78.7_24.5_79.1_24.5  100.00   90.73   58.09   64.21   62.03   62.03   58.66   57.39   57.58   58.22   60.76
     2: A0A1E1XPA6_81.1_82.6_78.4_23.8_78.2_23.8   90.73  100.00   56.56   63.49   61.69   61.69   57.48   56.17   57.22   57.72   60.24
     3: A0A293N3P5_59.4_75.2_80.9_26.7_79.7_26.7   58.09   56.56  100.00   64.30   63.64   61.95   61.50   59.05   60.00   60.54   62.58
     4: B7Q7G0_80.2_82.8_78.7_27.8_78.0_26.7       64.21   63.49   64.30  100.00   97.00   97.00   68.40   67.60   66.48   68.40   69.00
     5: V5GF11_78.1_79.5_79.1_28.2_79.0_28.2       62.03   61.69   63.64   97.00  100.00  100.00   67.34   66.37   64.93   66.16   69.28
     6: V5H8F9_75.7_80.3_78.3_27.7_78.4_27.7       62.03   61.69   61.95   97.00  100.00  100.00   67.34   66.37   64.93   66.16   67.92
     7: A0A1E1X569_78.4_81.1_80.3_27.9_77.6_27.8   58.66   57.48   61.50   68.40   67.34   67.34  100.00   78.52   75.53   74.42   77.13
     8: A0A023GLI3_-1___-1___-1___-1___74.8_25.1   57.39   56.17   59.05   67.60   66.37   66.37   78.52  100.00   83.27   81.24   82.83
     9: A0A1E1X9B8_-1___-1___-1___-1___77.4_24.9   57.58   57.22   60.00   66.48   64.93   64.93   75.53   83.27  100.00   86.09   87.68
    10: A0A1E1XVA7_77.3_78.8_79.7_30.0_76.3_24.1   58.22   57.72   60.54   68.40   66.16   66.16   74.42   81.24   86.09  100.00   94.89
    11: A0A0E9Y372_78.7_81.1_79.7_26.4_77.8_26.4   60.76   60.24   62.58   69.00   69.28   67.92   77.13   82.83   87.68   94.89  100.00
