#
#
#  Percent Identity  Matrix - created by Clustal2.1 
#
#

     1: A0A1J1LDN2_70.6_74.4_88.9_48.8_79.9_23.4  100.00   54.46   51.72   53.78   52.59   52.87   53.89   54.05   52.59   51.73   52.02   52.02   52.02   27.59   54.12   58.33   55.42
     2: Q10XQ8_64.4_70.5_89.6_46.0_78.8_22.3       54.46  100.00   69.83   72.06   69.92   69.92   71.43   72.19   71.31   71.35   71.91   71.91   71.91   44.79   78.77   81.21   77.58
     3: A0A846AT49_74.2_79.4_89.2_54.4_77.4_23.4   51.72   69.83  100.00   87.96   88.53   87.73   86.63   87.94   88.53   89.54   89.54   89.54   89.54   84.82   72.70   81.53   78.53
     4: A0A846G032_-1_-1_-1_-1_79.0_20.6           53.78   72.06   87.96  100.00   90.20   88.24   89.33   87.32   89.92   88.45   88.73   88.73   88.73   78.72   75.37   81.21   79.50
     5: A0A916VYE5_-1_-1_-1_-1_-1_-1               52.59   69.92   88.53   90.20  100.00   89.39   89.57   89.28   88.06   90.62   90.08   90.08   90.08   85.71   73.89   80.06   79.41
     6: A0A6L9ZM45_64.4_70.8_88.3_38.1_75.9_22.5   52.87   69.92   87.73   88.24   89.39  100.00   89.84   89.28   89.12   89.81   90.62   90.62   90.62   88.39   74.17   81.01   80.59
     7: A0A6M0FH42_68.9_74.4_88.2_47.3_76.5_22.7   53.89   71.43   86.63   89.33   89.57   89.84  100.00   93.57   91.98   90.62   91.96   91.96   91.96   87.50   74.02   82.75   80.00
     8: A0A6P0I1A1_63.4_68.8_89.3_44.1_76.6_20.6   54.05   72.19   87.94   87.32   89.28   89.28   93.57  100.00   93.03   90.62   91.15   91.15   91.15   84.82   74.79   82.69   79.41
     9: A0A6P0TZB4_66.4_72.6_88.5_39.8_75.8_22.4   52.59   71.31   88.53   89.92   88.06   89.12   91.98   93.03  100.00   92.23   93.57   93.57   93.57   86.61   75.00   82.28   79.71
    10: A0A6P0P3Z0_65.2_70.7_88.9_44.6_76.9_21.2   51.73   71.35   89.54   88.45   90.62   89.81   90.62   90.62   92.23  100.00   97.59   97.59   97.59   96.43   75.91   82.69   79.41
    11: A0A6B3PDB5_69.6_74.9_88.3_48.7_76.3_22.0   52.02   71.91   89.54   88.73   90.08   90.62   91.96   91.15   93.57   97.59  100.00  100.00  100.00  100.00   77.31   83.97   80.88
    12: A0A846EYE3_67.3_73.2_88.5_51.7_76.4_21.1   52.02   71.91   89.54   88.73   90.08   90.62   91.96   91.15   93.57   97.59  100.00  100.00  100.00  100.00   77.31   83.97   80.88
    13: A0A3N6PYH7_69.2_74.9_89.2_52.5_77.2_20.9   52.02   71.91   89.54   88.73   90.08   90.62   91.96   91.15   93.57   97.59  100.00  100.00  100.00  100.00   77.31   83.97   80.88
    14: A0A6P0YE15_-1_-1_-1_-1_53.0_32.7           27.59   44.79   84.82   78.72   85.71   88.39   87.50   84.82   86.61   96.43  100.00  100.00  100.00  100.00   45.83   74.51   63.75
    15: A0A6P0RBY6_68.8_73.2_89.5_45.9_78.6_21.4   54.12   78.77   72.70   75.37   73.89   74.17   74.02   74.79   75.00   75.91   77.31   77.31   77.31   45.83  100.00   83.81   82.35
    16: A0A261KL28_68.8_73.4_89.7_42.3_86.2_21.2   58.33   81.21   81.53   81.21   80.06   81.01   82.75   82.69   82.28   82.69   83.97   83.97   83.97   74.51   83.81  100.00   90.35
    17: A0A846C8V2_64.4_68.1_88.1_37.5_80.0_21.4   55.42   77.58   78.53   79.50   79.41   80.59   80.00   79.41   79.71   79.41   80.88   80.88   80.88   63.75   82.35   90.35  100.00
