#
#
#  Percent Identity  Matrix - created by Clustal2.1 
#
#

     1: A0A7Y2XCM1  100.00   78.84   54.70   54.70   51.69   53.22   51.70
     2: A0A2A5EDI8   78.84  100.00   50.99   50.99   51.45   49.84   51.95
     3: A0A7Y3HQ12   54.70   50.99  100.00   99.67   52.82   53.33   52.17
     4: A0A7Y1UD77   54.70   50.99   99.67  100.00   52.82   53.33   52.17
     5: A0A848SWN1   51.69   51.45   52.82   52.82  100.00   51.27   52.88
     6: A0A2P7TJ64   53.22   49.84   53.33   53.33   51.27  100.00   79.30
     7: A0A5C7V161   51.70   51.95   52.17   52.17   52.88   79.30  100.00
