(
A0A7J7J4E7_67.2_80.9_85.8_30.8_84.4_28.8:0.32901,
A0A7J7KS76_72.4_81.4_85.8_42.3_79.6_22.5:0.17885,
A0A7J7J344_-1___-1___-1___-1___64.7_20.5:0.22537);
