#
#
#  Percent Identity  Matrix - created by Clustal2.1 
#
#

     1: A0A2D0JUX4  100.00   88.37   73.95   70.54   70.41   70.60
     2: A0A2D0IRQ1   88.37  100.00   74.16   70.73   71.11   71.29
     3: W1J3W5       73.95   74.16  100.00   74.79   74.16   73.95
     4: D3V3F0       70.54   70.73   74.79  100.00   95.50   94.37
     5: A0A077QG46   70.41   71.11   74.16   95.50  100.00   97.57
     6: A0A0B6X6U3   70.60   71.29   73.95   94.37   97.57  100.00
