#
#
#  Percent Identity  Matrix - created by Clustal2.1 
#
#

     1: A0A7C8QNP8  100.00   99.67   99.67   89.70   89.87   90.03   90.37   90.91
     2: A0A7C8Q2C7   99.67  100.00   99.67   89.53   89.70   89.87   90.37   90.91
     3: A0A6G1M5W6   99.67   99.67  100.00   89.37   89.53   89.70   90.37   90.91
     4: A0A7C8NQA0   89.70   89.53   89.37  100.00   99.17   99.34   92.52   93.68
     5: A0A7C8PCR9   89.87   89.70   89.53   99.17  100.00   99.83   93.02   94.27
     6: A0A8H2DS10   90.03   89.87   89.70   99.34   99.83  100.00   93.19   94.27
     7: G1XM95       90.37   90.37   90.37   92.52   93.02   93.19  100.00   99.80
     8: A0A7C8V823   90.91   90.91   90.91   93.68   94.27   94.27   99.80  100.00
