#
#
#  Percent Identity  Matrix - created by Clustal2.1 
#
#

     1: J4UH50      100.00   99.01   56.33   57.68   55.23   55.40   55.34   53.74   55.58   54.00   54.78   54.78   52.80   53.15   52.38   52.97   55.09   54.66   53.60   54.42   55.26   54.93   54.93   54.75   54.05   55.11   54.93   54.93   54.93   54.40   54.58   54.58
     2: K1VDC5       99.01  100.00   56.09   57.77   54.44   55.02   54.97   53.39   55.36   54.17   55.09   54.59   52.48   52.82   52.07   52.65   55.06   54.64   53.61   54.40   54.89   54.73   54.73   54.56   53.87   54.91   54.73   54.73   54.73   54.04   54.22   54.22
     3: A0A0J0XPY3   56.33   56.09  100.00   59.02   58.65   57.27   56.99   54.68   57.94   56.91   57.75   58.29   53.94   53.94   53.35   53.94   54.66   53.41   55.38   55.94   55.91   57.71   57.71   57.89   57.53   57.71   57.53   57.53   57.53   57.89   58.06   58.42
     4: A0A7D8ZY97   57.68   57.77   59.02  100.00   61.49   61.92   59.51   60.71   61.72   62.75   60.59   60.42   59.44   58.91   58.54   58.91   58.41   59.51   61.44   62.37   60.82   59.19   59.19   58.83   59.19   59.54   59.36   59.54   59.54   58.66   59.01   58.66
     5: A0A1Y2BCF2   55.23   54.44   58.65   61.49  100.00   68.12   66.79   61.67   65.46   65.17   64.35   64.73   64.10   63.72   62.81   63.91   63.91   62.90   63.84   64.22   66.42   65.41   65.41   65.04   65.04   65.41   65.41   65.60   65.60   65.98   65.98   65.98
     6: A0A1Y2B786   55.40   55.02   57.27   61.92   68.12  100.00   70.45   63.00   69.18   65.45   67.35   67.70   64.11   63.94   63.27   64.11   64.92   67.02   66.90   67.08   70.05   65.62   65.62   65.45   65.45   66.14   65.97   65.79   65.79   65.62   65.79   66.14
     7: A0A8J1YSG4   55.34   54.97   56.99   59.51   66.79   70.45  100.00   63.67   68.92   65.40   64.69   64.86   61.17   61.34   60.49   61.34   63.79   64.41   65.51   66.55   68.06   64.89   64.89   65.40   65.23   65.75   65.58   65.23   65.23   65.40   65.58   65.75
     8: A0A4Q1BSS3   53.74   53.39   54.68   60.71   61.67   63.00   63.67  100.00   63.81   61.65   63.49   63.67   60.49   61.36   60.32   61.01   62.06   62.79   64.44   64.96   64.56   66.02   66.02   66.02   66.37   66.55   66.37   67.08   67.08   66.55   66.90   66.55
     9: A0A427YS50   55.58   55.36   57.94   61.72   65.46   69.18   68.92   63.81  100.00   67.25   66.21   66.38   64.11   63.76   63.44   64.11   65.79   66.20   67.49   67.90   69.35   68.13   68.13   68.30   68.48   69.18   69.00   68.83   68.83   68.13   68.30   68.48
    10: A0A1Y1U8C2   54.00   54.17   56.91   62.75   65.17   65.45   65.40   61.65   67.25  100.00   66.27   66.27   65.28   64.94   65.33   65.28   65.11   65.34   67.13   67.48   65.79   68.11   68.11   68.11   68.11   68.63   68.63   68.46   68.46   68.63   68.80   68.63
    11: A0A1B9HQ35   54.78   55.09   57.75   60.59   64.35   67.35   64.69   63.49   66.21   66.27  100.00   99.01   67.51   67.17   66.38   67.17   71.09   72.06   70.53   71.23   71.16   69.11   69.11   69.28   68.94   69.45   69.28   69.45   69.45   68.26   68.43   68.77
    12: A0A1B9H030   54.78   54.59   58.29   60.42   64.73   67.70   64.86   63.67   66.38   66.27   99.01  100.00   67.68   67.34   66.55   67.34   70.75   71.72   70.19   70.89   71.33   69.28   69.28   69.45   69.11   69.62   69.45   69.62   69.62   68.43   68.60   68.94
    13: A0A1E3JBX1   52.80   52.48   53.94   59.44   64.10   64.11   61.17   60.49   64.11   65.28   67.51   67.68  100.00   97.13   95.91   96.96   65.42   65.52   66.10   67.47   71.28   72.01   72.01   72.01   71.50   72.35   72.18   71.50   71.50   71.16   71.33   71.50
    14: A0A5D3AL22   53.15   52.82   53.94   58.91   63.72   63.94   61.34   61.36   63.76   64.94   67.17   67.34   97.13  100.00   96.42   97.47   64.74   65.01   65.58   66.95   70.43   72.18   72.18   72.18   72.01   72.87   72.70   72.18   72.18   71.84   72.01   72.18
    15: A0A1E3KE79   52.38   52.07   53.35   58.54   62.81   63.27   60.49   60.32   63.44   65.33   66.38   66.55   95.91   96.42  100.00   98.64   63.75   64.36   65.11   66.49   69.83   71.26   71.26   71.43   71.08   71.94   71.77   71.77   71.77   71.08   71.26   71.26
    16: A0A1E3I4P0   52.97   52.65   53.94   58.91   63.91   64.11   61.34   61.01   64.11   65.28   67.17   67.34   96.96   97.47   98.64  100.00   64.74   65.01   65.75   67.13   70.60   72.01   72.01   72.18   71.84   72.70   72.53   72.35   72.35   71.84   72.01   72.18
    17: A0A1B9IAU4   55.09   55.06   54.66   58.41   63.91   64.92   63.79   62.06   65.79   65.11   71.09   70.75   65.42   64.74   63.75   64.74  100.00   85.45   78.63   78.18   71.31   68.44   68.44   68.95   68.44   68.78   68.61   67.58   67.58   68.27   68.27   68.44
    18: A0A1A6A6T5   54.66   54.64   53.41   59.51   62.90   67.02   64.41   62.79   66.20   65.34   72.06   71.72   65.52   65.01   64.36   65.01   85.45  100.00   82.11   84.42   73.28   67.59   67.59   68.45   67.93   68.79   68.62   67.76   67.76   67.93   67.93   68.10
    19: A0A1B9FRJ4   53.60   53.61   55.38   61.44   63.84   66.90   65.51   64.44   67.49   67.13   70.53   70.19   66.10   65.58   65.11   65.75   78.63   82.11  100.00   90.09   72.81   68.33   68.33   69.02   68.50   69.19   69.02   68.16   68.16   67.99   68.16   67.99
    20: A0A1B9IKH6   54.42   54.40   55.94   62.37   64.22   67.08   66.55   64.96   67.90   67.48   71.23   70.89   67.47   66.95   66.49   67.13   78.18   84.42   90.09  100.00   73.70   69.03   69.03   69.55   69.38   70.07   69.90   69.38   69.38   68.86   69.03   68.86
    21: A0A5M6C2W9   55.26   54.89   55.91   60.82   66.42   70.05   68.06   64.56   69.35   65.79   71.16   71.33   71.28   70.43   69.83   70.60   71.31   73.28   72.81   73.70  100.00   73.54   73.54   73.71   73.71   74.40   74.23   73.71   73.71   74.40   74.57   74.91
    22: A0A095CH37   54.93   54.73   57.71   59.19   65.41   65.62   64.89   66.02   68.13   68.11   69.11   69.28   72.01   72.18   71.26   72.01   68.44   67.59   68.33   69.03   73.54  100.00  100.00   96.08   96.08   97.10   97.10   90.63   90.63   90.80   90.80   90.63
    23: A0A0D0UYG1   54.93   54.73   57.71   59.19   65.41   65.62   64.89   66.02   68.13   68.11   69.11   69.28   72.01   72.18   71.26   72.01   68.44   67.59   68.33   69.03   73.54  100.00  100.00   96.08   96.08   97.10   97.10   90.63   90.63   90.80   90.80   90.63
    24: A0A0D0VNK9   54.75   54.56   57.89   58.83   65.04   65.45   65.40   66.02   68.30   68.11   69.28   69.45   72.01   72.18   71.43   72.18   68.95   68.45   69.02   69.55   73.71   96.08   96.08  100.00   95.91   97.27   97.10   90.29   90.29   90.63   90.63   90.46
    25: A0A0D0YS47   54.05   53.87   57.53   59.19   65.04   65.45   65.23   66.37   68.48   68.11   68.94   69.11   71.50   72.01   71.08   71.84   68.44   67.93   68.50   69.38   73.71   96.08   96.08   95.91  100.00   97.61   97.44   89.95   89.95   89.61   89.61   89.44
    26: A0A0D0X2T3   55.11   54.91   57.71   59.54   65.41   66.14   65.75   66.55   69.18   68.63   69.45   69.62   72.35   72.87   71.94   72.70   68.78   68.79   69.19   70.07   74.40   97.10   97.10   97.27   97.61  100.00   99.83   91.65   91.65   91.48   91.48   91.31
    27: E6QZ82       54.93   54.73   57.53   59.36   65.41   65.97   65.58   66.37   69.00   68.63   69.28   69.45   72.18   72.70   71.77   72.53   68.61   68.62   69.02   69.90   74.23   97.10   97.10   97.10   97.44   99.83  100.00   91.48   91.48   91.31   91.31   91.14
    28: Q5KLQ1       54.93   54.73   57.53   59.54   65.60   65.79   65.23   67.08   68.83   68.46   69.45   69.62   71.50   72.18   71.77   72.35   67.58   67.76   68.16   69.38   73.71   90.63   90.63   90.29   89.95   91.65   91.48  100.00  100.00   93.87   94.04   93.36
    29: F5HCX7       54.93   54.73   57.53   59.54   65.60   65.79   65.23   67.08   68.83   68.46   69.45   69.62   71.50   72.18   71.77   72.35   67.58   67.76   68.16   69.38   73.71   90.63   90.63   90.29   89.95   91.65   91.48  100.00  100.00   93.87   94.04   93.36
    30: A0A854QJV9   54.40   54.04   57.89   58.66   65.98   65.62   65.40   66.55   68.13   68.63   68.26   68.43   71.16   71.84   71.08   71.84   68.27   67.93   67.99   68.86   74.40   90.80   90.80   90.63   89.61   91.48   91.31   93.87   93.87  100.00   99.66   99.15
    31: J9VP57       54.58   54.22   58.06   59.01   65.98   65.79   65.58   66.90   68.30   68.80   68.43   68.60   71.33   72.01   71.26   72.01   68.27   67.93   68.16   69.03   74.57   90.80   90.80   90.63   89.61   91.48   91.31   94.04   94.04   99.66  100.00   99.15
    32: A0A225ZSW9   54.58   54.22   58.42   58.66   65.98   66.14   65.75   66.55   68.48   68.63   68.77   68.94   71.50   72.18   71.26   72.18   68.44   68.10   67.99   68.86   74.91   90.63   90.63   90.46   89.44   91.31   91.14   93.36   93.36   99.15   99.15  100.00
