#
#
#  Percent Identity  Matrix - created by Clustal2.1 
#
#

     1: A0A0G2FCA1_79.7_81.9_89.2_48.1_86.3_22.9  100.00   51.45   51.36   50.45   53.89   56.31
     2: A0A423XBE3_78.9_75.2_88.0_38.7_83.5_20.1   51.45  100.00   56.99   55.94   60.80   61.68
     3: A0A194VD08_81.5_85.2_90.9_60.0_86.1_23.5   51.36   56.99  100.00   90.10   62.34   61.95
     4: A0A194VWE9_85.7_88.2_91.2_50.0_86.3_21.9   50.45   55.94   90.10  100.00   63.39   62.75
     5: A0A423X1V0_-1_-1_-1_-1_89.9_33.6           53.89   60.80   62.34   63.39  100.00   73.46
     6: A0A423WPI3_-1_-1_-1_-1_89.3_42.7           56.31   61.68   61.95   62.75   73.46  100.00
