#
#
#  Percent Identity  Matrix - created by Clustal2.1 
#
#

     1: A0A0V1HI12  100.00   93.42   93.56   93.57   93.11   93.27   93.13   55.42   55.09   55.16   54.56   54.90   54.90   54.98   51.17   54.30   52.11   52.11
     2: A0A0V0SA40   93.42  100.00   97.55   97.34   97.49   97.64   97.49   55.69   55.39   55.43   54.99   55.25   55.25   55.33   50.78   54.27   52.17   52.17
     3: A0A1Y3F219   93.56   97.55  100.00   99.02   99.02   99.18   99.02   55.33   54.96   55.04   54.56   54.76   54.76   54.86   50.77   53.79   51.62   51.62
     4: A0A0V0ZZ64   93.57   97.34   99.02  100.00   98.82   98.97   98.82   55.31   54.98   55.05   54.62   54.71   54.71   54.80   50.86   53.77   51.63   51.63
     5: A0A0V0UU08   93.11   97.49   99.02   98.82  100.00   99.56   99.41   55.56   55.24   55.30   54.85   54.80   54.80   54.88   50.93   53.86   51.71   51.71
     6: A0A0V1D7D8   93.27   97.64   99.18   98.97   99.56  100.00   99.56   55.31   54.98   55.05   54.62   54.71   54.71   54.80   50.86   53.77   51.63   51.63
     7: A0A0V1PCL8   93.13   97.49   99.02   98.82   99.41   99.56  100.00   55.38   55.06   55.12   54.69   54.63   54.63   54.71   50.78   53.68   51.55   51.55
     8: A0A0V1HIU1   55.42   55.69   55.33   55.31   55.56   55.31   55.38  100.00  100.00   98.94   98.94   96.21   96.21   96.20   65.46   67.00   64.84   64.84
     9: A0A0V1HIH5   55.09   55.39   54.96   54.98   55.24   54.98   55.06  100.00  100.00   98.87   98.87   95.97   95.97   95.97   64.73   66.49   64.07   64.07
    10: A0A0V0XPJ9   55.16   55.43   55.04   55.05   55.30   55.05   55.12   98.94   98.87  100.00  100.00   95.76   95.76   95.76   65.00   66.72   64.39   64.39
    11: A0A0V1J6V5   54.56   54.99   54.56   54.62   54.85   54.62   54.69   98.94   98.87  100.00  100.00   95.76   95.76   95.76   64.71   66.06   64.10   64.10
    12: A0A0V1PCL3   54.90   55.25   54.76   54.71   54.80   54.71   54.63   96.21   95.97   95.76   95.76  100.00   97.95   97.65   63.43   67.06   64.50   64.50
    13: A0A0V0ZYY9   54.90   55.25   54.76   54.71   54.80   54.71   54.63   96.21   95.97   95.76   95.76   97.95  100.00   99.71   63.46   67.06   64.50   64.50
    14: A0A0V0S9U5   54.98   55.33   54.86   54.80   54.88   54.80   54.71   96.20   95.97   95.76   95.76   97.65   99.71  100.00   63.55   67.17   64.60   64.60
    15: A0A5S6QUN4   51.17   50.78   50.77   50.86   50.93   50.86   50.78   65.46   64.73   65.00   64.71   63.43   63.46   63.55  100.00   85.57   89.18   89.02
    16: A0A077Z7T9   54.30   54.27   53.79   53.77   53.86   53.77   53.68   67.00   66.49   66.72   66.06   67.06   67.06   67.17   85.57  100.00   91.35   91.23
    17: A0A085NB77   52.11   52.17   51.62   51.63   51.71   51.63   51.55   64.84   64.07   64.39   64.10   64.50   64.50   64.60   89.18   91.35  100.00   99.85
    18: A0A085M4W4   52.11   52.17   51.62   51.63   51.71   51.63   51.55   64.84   64.07   64.39   64.10   64.50   64.50   64.60   89.02   91.23   99.85  100.00
