(
A0A3B0K7A5_82.6_83.3_78.7_23.6_75.7_22.7:0.07292,
A0A6I8UHZ4_81.6_83.4_77.9_22.4_74.2_21.8:0.00357,
B4GJ27_82.9_84.4_78.0_20.9_74.5_20.9:0.00194);
