#
#
#  Percent Identity  Matrix - created by Clustal2.1 
#
#

     1: A0A6A6FWZ6_89.1_94.9_93.0_38.8_87.0_25.0  100.00   60.49   60.14   61.95   55.58   53.09   52.65   53.95   54.35   52.83   53.17   53.81   53.81   53.01   53.02   51.85   53.35   56.35   56.53   54.72   54.90   54.96   54.63   55.12   53.65
     2: A0A3M6XVR5_91.7_94.9_94.4_47.9_87.7_27.9   60.49  100.00   92.86   67.31   55.82   54.06   52.73   53.05   52.99   54.99   52.88   54.04   54.04   54.13   54.08   51.83   54.33   52.06   52.59   51.96   51.96   52.39   52.40   52.46   51.78
     3: A0A3M7EZE0_89.6_94.6_94.2_53.6_87.5_23.7   60.14   92.86  100.00   67.83   54.73   53.89   52.56   53.40   51.76   54.29   52.53   52.63   52.63   52.55   54.26   51.83   55.05   51.88   52.42   52.31   52.31   52.57   52.75   51.41   51.78
     4: A0A4U0X3J3_87.8_95.6_94.7_44.6_88.1_24.9   61.95   67.31   67.83  100.00   55.62   54.98   54.72   56.66   55.91   55.08   56.21   56.15   56.15   55.71   53.51   53.45   54.91   55.83   56.01   55.18   55.18   55.00   55.99   55.26   54.77
     5: A0A6A6T8C1_88.1_95.2_94.1_39.8_87.8_26.9   55.58   55.82   54.73   55.62  100.00   64.98   67.51   68.40   67.93   66.19   65.95   65.41   65.41   63.98   57.12   55.43   55.00   57.52   57.89   57.17   56.98   56.22   56.90   56.59   57.27
     6: A0A2V1E4T2_90.9_96.3_95.5_46.8_90.0_28.4   53.09   54.06   53.89   54.98   64.98  100.00   64.29   68.70   66.96   66.78   63.87   64.97   64.97   64.56   53.91   54.67   56.09   54.33   54.69   54.84   54.48   53.57   53.58   56.38   55.64
     7: A0A6A7AAS8_90.0_95.2_95.3_45.9_89.1_29.8   52.65   52.73   52.56   54.72   67.51   64.29  100.00   75.22   70.63   71.60   70.86   69.00   69.00   68.25   55.08   55.38   56.19   57.43   57.79   55.94   55.76   56.89   57.73   56.11   55.10
     8: A0A8K0RD70_-1_-1_-1_-1_-1_-1               53.95   53.05   53.40   56.66   68.40   68.70   75.22  100.00   71.80   73.79   72.76   72.66   72.66   72.10   58.33   56.79   57.96   56.94   57.48   56.35   56.17   56.05   56.71   57.22   56.94
     9: A0A1Y2M500_86.4_95.3_94.2_32.1_87.5_24.3   54.35   52.99   51.76   55.91   67.93   66.96   70.63   71.80  100.00   73.58   73.10   74.13   74.13   73.26   56.25   55.61   55.50   54.89   54.45   54.50   54.32   54.40   54.05   56.56   56.55
    10: A0A6A7BCQ1_88.6_96.2_93.5_33.8_87.0_23.2   52.83   54.99   54.29   55.08   66.19   66.78   71.60   73.79   73.58  100.00   74.19   77.87   77.87   77.05   57.04   54.25   55.71   54.07   54.79   55.38   55.02   54.74   54.76   56.54   55.60
    11: B2VY93_84.4_95.4_94.2_40.1_85.1_25.1       53.17   52.88   52.53   56.21   65.95   63.87   70.86   72.76   73.10   74.19  100.00   78.19   78.19   77.17   57.09   54.86   55.79   56.83   56.58   55.44   55.44   55.60   55.71   55.96   55.95
    12: M2U4D7_84.7_96.0_94.6_44.0_87.7_25.5       53.81   54.04   52.63   56.15   65.41   64.97   69.00   72.66   74.13   77.87   78.19  100.00  100.00   94.20   58.47   56.00   56.45   54.97   55.62   55.20   55.02   54.82   54.76   58.05   57.86
    13: N4X2H7_85.1_95.9_94.8_44.5_87.8_25.2       53.81   54.04   52.63   56.15   65.41   64.97   69.00   72.66   74.13   77.87   78.19  100.00  100.00   94.20   58.47   56.00   56.45   54.97   55.62   55.20   55.02   54.82   54.76   58.05   57.86
    14: W6Z863_85.1_96.1_94.6_42.4_88.4_27.6       53.01   54.13   52.55   55.71   63.98   64.56   68.25   72.10   73.26   77.05   77.17   94.20   94.20  100.00   58.21   55.48   56.63   55.25   55.54   55.83   55.66   56.35   55.58   57.80   57.50
    15: A0A0D2A891_86.4_95.4_95.5_51.3_87.7_24.3   53.02   54.08   54.26   53.51   57.12   53.91   55.08   58.33   56.25   57.04   57.09   58.47   58.47   58.21  100.00   55.77   59.86   55.83   55.86   55.76   55.76   55.00   54.22   56.41   55.90
    16: A0A136J8A0_85.6_94.2_92.9_42.1_86.8_26.4   51.85   51.83   51.83   53.45   55.43   54.67   55.38   56.79   55.61   54.25   54.86   56.00   56.00   55.48   55.77  100.00   60.00   58.61   58.11   58.35   58.35   58.07   59.26   58.85   58.10
    17: A0A4Z0YXX0_79.6_94.8_95.8_72.7_91.1_31.0   53.35   54.33   55.05   54.91   55.00   56.09   56.19   57.96   55.50   55.71   55.79   56.45   56.45   56.63   59.86   60.00  100.00   60.29   60.22   60.04   60.22   59.11   58.89   61.20   59.43
    18: A0A135UMJ4_83.9_93.9_94.5_44.8_87.9_26.0   56.35   52.06   51.88   55.83   57.52   54.33   57.43   56.94   54.89   54.07   56.83   54.97   54.97   55.25   55.83   58.61   60.29  100.00   97.57   84.03   83.68   84.70   83.30   61.87   60.25
    19: A0A010R6I0_82.6_93.5_94.6_47.8_88.1_26.5   56.53   52.59   52.42   56.01   57.89   54.69   57.79   57.48   54.45   54.79   56.58   55.62   55.62   55.54   55.86   58.11   60.22   97.57  100.00   83.80   83.62   84.64   83.42   61.74   60.25
    20: A0A1B7Y0M4_81.0_92.9_93.6_46.5_86.7_24.4   54.72   51.96   52.31   55.18   57.17   54.84   55.94   56.35   54.50   55.38   55.44   55.20   55.20   55.83   55.76   58.35   60.04   84.03   83.80  100.00   98.97   89.98   86.70   62.24   58.60
    21: A0A5Q4C2E4_84.4_94.6_94.0_41.8_86.8_23.4   54.90   51.96   52.31   55.18   56.98   54.48   55.76   56.17   54.32   55.02   55.44   55.02   55.02   55.66   55.76   58.35   60.22   83.68   83.62   98.97  100.00   89.29   86.53   61.90   58.60
    22: A0A167CIU0_83.6_93.1_93.6_46.1_86.6_24.4   54.96   52.39   52.57   55.00   56.22   53.57   56.89   56.05   54.40   54.74   55.60   54.82   54.82   56.35   55.00   58.07   59.11   84.70   84.64   89.98   89.29  100.00   89.85   61.38   59.44
    23: A0A066XDG6_83.6_93.9_94.0_43.6_87.1_24.3   54.63   52.40   52.75   55.99   56.90   53.58   57.73   56.71   54.05   54.76   55.71   54.76   54.76   55.58   54.22   59.26   58.89   83.30   83.42   86.70   86.53   89.85  100.00   61.59   59.65
    24: A0A423W390_86.2_95.4_93.5_42.0_85.3_24.4   55.12   52.46   51.41   55.26   56.59   56.38   56.11   57.22   56.56   56.54   55.96   58.05   58.05   57.80   56.41   58.85   61.20   61.87   61.74   62.24   61.90   61.38   61.59  100.00   78.94
    25: A0A423WSM8_86.2_95.1_94.5_41.4_87.4_24.8   53.65   51.78   51.78   54.77   57.27   55.64   55.10   56.94   56.55   55.60   55.95   57.86   57.86   57.50   55.90   58.10   59.43   60.25   60.25   58.60   58.60   59.44   59.65   78.94  100.00
