#
#
#  Percent Identity  Matrix - created by Clustal2.1 
#
#

     1: A0A0C2WU41_91.4_96.4_94.5_46.5_88.8_27.3  100.00   56.69   50.00   49.56   47.97   51.50   51.68   54.48   51.95   51.58   54.71   51.92   50.17   51.85   49.65   47.37   51.06   51.65   52.46   55.56   55.56   52.20   52.20   50.44   50.79
     2: V2X0V6_89.2_95.9_93.7_40.9_87.9_26.9       56.69  100.00   52.49   51.77   50.26   52.89   53.24   53.32   52.83   50.18   52.47   51.48   51.99   53.32   56.14   49.91   53.33   52.48   52.36   54.21   54.21   51.75   51.75   51.23   51.40
     3: A0A067MIA7_90.5_94.4_95.3_50.3_87.9_22.5   50.00   52.49  100.00   50.18   49.91   52.56   52.73   51.66   54.17   50.19   53.11   51.13   49.39   50.95   53.86   46.47   49.21   49.36   50.09   53.67   53.67   51.66   51.66   50.79   50.79
     4: A0A5E3WPX1_94.6_97.4_95.4_46.9_88.9_29.4   49.56   51.77   50.18  100.00   48.96   52.36   52.53   51.22   52.84   53.25   54.63   53.03   52.17   53.55   54.34   49.48   50.52   49.18   49.57   56.84   56.84   53.25   53.25   53.60   53.60
     5: A0A2H3JPX9_91.2_95.6_95.3_56.5_88.9_28.4   47.97   50.26   49.91   48.96  100.00   69.66   69.48   50.69   52.37   50.64   51.68   50.94   50.09   50.94   55.79   47.24   50.95   53.07   53.10   55.05   55.05   49.48   49.48   48.95   48.95
     6: A0A8H7P9V6_-1_-1_-1_-1_-1_-1               51.50   52.89   52.56   52.36   69.66  100.00   99.49   53.03   55.54   53.76   55.71   54.86   52.59   55.38   58.19   51.37   53.29   54.89   55.88   57.47   57.47   52.26   52.26   51.04   50.87
     7: A0A1X6N732_89.9_96.0_95.3_60.7_89.0_24.9   51.68   53.24   52.73   52.53   69.48   99.49  100.00   53.38   55.71   53.94   55.89   55.21   52.93   55.73   58.19   51.55   53.46   55.07   56.06   57.64   57.64   52.43   52.43   51.22   51.04
     8: A0A8I2YZC6_-1_-1_-1_-1_-1_-1               54.48   53.32   51.66   51.22   50.69   53.03   53.38  100.00   62.83   60.22   63.29   62.16   61.37   62.95   52.93   56.26   60.37   60.90   60.59   61.70   61.70   57.19   57.19   56.15   56.50
     9: A0A0C2Z308_88.9_95.4_94.7_49.5_89.4_27.5   51.95   52.83   54.17   52.84   52.37   55.54   55.71   62.83  100.00   72.56   76.30   66.26   62.87   66.03   54.91   53.75   59.05   61.06   61.26   62.96   62.96   58.55   58.55   58.02   58.20
    10: A0A0C3A367_90.8_95.2_94.6_62.3_89.5_32.7   51.58   50.18   50.19   53.25   50.64   53.76   53.94   60.22   72.56  100.00   83.94   62.84   59.67   61.89   52.39   51.37   57.54   58.93   59.78   59.48   59.48   55.62   55.62   55.43   55.43
    11: A0A0C3DT43_90.6_95.2_94.7_57.4_90.0_31.0   54.71   52.47   53.11   54.63   51.68   55.71   55.89   63.29   76.30   83.94  100.00   65.33   60.55   63.89   54.23   52.26   60.21   61.47   62.35   62.61   62.61   58.02   58.02   57.67   58.02
    12: A0A0C3KDD0_89.0_94.9_94.6_46.3_87.6_23.9   51.92   51.48   51.13   53.03   50.94   54.86   55.21   62.16   66.26   62.84   65.33  100.00   69.95   68.45   50.94   53.08   57.04   58.45   58.42   61.63   61.63   57.29   57.29   56.08   56.08
    13: A0A0C3JXE7_87.4_93.5_93.6_45.1_87.2_29.6   50.17   51.99   49.39   52.17   50.09   52.59   52.93   61.37   62.87   59.67   60.55   69.95  100.00   73.33   51.62   51.02   58.05   58.24   57.88   59.66   59.66   55.17   55.17   55.00   55.17
    14: A0A0C9Z1L8_89.2_94.9_93.8_43.2_86.0_24.3   51.85   53.32   50.95   53.55   50.94   55.38   55.73   62.95   66.03   61.89   63.89   68.45   73.33  100.00   52.41   52.14   58.52   58.92   59.38   61.57   61.57   56.87   56.87   57.57   57.74
    15: A0A4S4LYH2_93.1_95.9_95.7_61.5_89.9_26.4   49.65   56.14   53.86   54.34   55.79   58.19   58.19   52.93   54.91   52.39   54.23   50.94   51.62   52.41  100.00   49.91   53.34   54.94   54.72   58.06   58.06   52.08   52.08   51.21   51.38
    16: A0A5M3ML02_87.1_94.8_94.9_38.9_87.9_25.7   47.37   49.91   46.47   49.48   47.24   51.37   51.55   56.26   53.75   51.37   52.26   53.08   51.02   52.14   49.91  100.00   54.68   53.32   54.55   59.66   59.66   55.73   55.73   53.16   52.99
    17: A0A0D0AIC1_88.2_91.1_90.1_26.2_84.8_26.2   51.06   53.33   49.21   50.52   50.95   53.29   53.46   60.37   59.05   57.54   60.21   57.04   58.05   58.52   53.34   54.68  100.00   82.35   82.96   63.23   63.23   58.76   58.76   57.90   57.90
    18: A0A1J8PNG1_88.9_92.9_91.3_45.1_84.7_25.0   51.65   52.48   49.36   49.18   53.07   54.89   55.07   60.90   61.06   58.93   61.47   58.45   58.24   58.92   54.94   53.32   82.35  100.00   93.45   64.56   64.56   60.22   60.22   58.59   58.77
    19: A0A1B7NG97_90.6_93.2_94.5_52.4_87.3_26.3   52.46   52.36   50.09   49.57   53.10   55.88   56.06   60.59   61.26   59.78   62.35   58.42   57.88   59.38   54.72   54.55   82.96   93.45  100.00   64.59   64.59   59.76   59.76   58.55   58.72
    20: F8P3S2_87.2_94.7_94.6_47.8_87.9_25.9       55.56   54.21   53.67   56.84   55.05   57.47   57.64   61.70   62.96   59.48   62.61   61.63   59.66   61.57   58.06   59.66   63.23   64.56   64.59  100.00  100.00   71.79   71.79   70.09   70.43
    21: F8Q4X4_87.0_94.4_94.9_47.2_88.2_26.2       55.56   54.21   53.67   56.84   55.05   57.47   57.64   61.70   62.96   59.48   62.61   61.63   59.66   61.57   58.06   59.66   63.23   64.56   64.59  100.00  100.00   71.79   71.79   70.09   70.43
    22: F8NGH9_87.9_95.4_91.9_31.3_85.6_24.8       52.20   51.75   51.66   53.25   49.48   52.26   52.43   57.19   58.55   55.62   58.02   57.29   55.17   56.87   52.08   55.73   58.76   60.22   59.76   71.79   71.79  100.00  100.00   85.28   86.18
    23: F8PKA3_88.5_95.4_91.8_26.2_85.4_23.8       52.20   51.75   51.66   53.25   49.48   52.26   52.43   57.19   58.55   55.62   58.02   57.29   55.17   56.87   52.08   55.73   58.76   60.22   59.76   71.79   71.79  100.00  100.00   85.28   86.18
    24: F8NGI4_84.4_92.6_89.3_44.2_82.9_24.5       50.44   51.23   50.79   53.60   48.95   51.04   51.22   56.15   58.02   55.43   57.67   56.08   55.00   57.57   51.21   53.16   57.90   58.59   58.55   70.09   70.09   85.28   85.28  100.00   98.98
    25: F8QJ08_88.0_94.9_95.5_68.6_88.3_22.2       50.79   51.40   50.79   53.60   48.95   50.87   51.04   56.50   58.20   55.43   58.02   56.08   55.17   57.74   51.38   52.99   57.90   58.77   58.72   70.43   70.43   86.18   86.18   98.98  100.00
