#
#
#  Percent Identity  Matrix - created by Clustal2.1 
#
#

     1: A0A7D9H650_88.8_95.2_94.2_39.1_89.5_32.6  100.00   46.89   46.17   46.13   51.22   55.67
     2: W6MFD1_87.2_96.8_93.9_32.2_88.5_23.3       46.89  100.00   59.20   58.93   55.57   54.61
     3: A0A1E3NV75_90.6_96.7_95.7_63.0_92.0_24.5   46.17   59.20  100.00   93.92   54.46   57.54
     4: A0A1E3P5F6_90.0_96.5_95.4_67.0_92.4_26.0   46.13   58.93   93.92  100.00   55.25   56.83
     5: A0A7D9CX49_88.5_96.4_94.1_36.8_87.1_21.9   51.22   55.57   54.46   55.25  100.00   58.00
     6: A0A448YJL5_90.0_96.8_94.7_47.5_88.4_24.7   55.67   54.61   57.54   56.83   58.00  100.00
