#
#
#  Percent Identity  Matrix - created by Clustal2.1 
#
#

     1: A0A0D6QTE8_76.1_73.5_83.2_24.8_72.4_22.0  100.00   41.76   62.73   61.27   64.55   62.25   62.25   61.08   62.89   62.39   62.83   62.83   60.54
     2: A0A445E7J7_-1_-1_-1_-1_67.3_42.8           41.76  100.00  100.00   60.22   60.22   54.17   54.17   54.17   54.95   54.95   53.85   53.85    -nan
     3: A0A445E762_-1_-1_-1_-1_52.3_22.0           62.73  100.00  100.00   69.21   73.71   74.66   74.44   75.22   73.47   74.04   73.81   73.81   75.30
     4: A0A6A4MEZ8_-1_-1_-1_-1_-1_-1               61.27   60.22   69.21  100.00   93.35   67.40   67.18   74.62   71.49   70.74   71.18   71.18   75.38
     5: A0A834H9J9_-1_-1_-1_-1_67.2_21.1           64.55   60.22   73.71   93.35  100.00   71.55   71.33   78.28   75.00   74.67   75.11   75.11   75.76
     6: A0A396JMY1_78.2_69.9_83.4_27.5_79.7_26.4   62.25   54.17   74.66   67.40   71.55  100.00   99.78   73.10   71.74   72.97   72.53   72.53   74.43
     7: G7I9C8_75.5_64.2_74.0_21.4_73.4_21.4       62.25   54.17   74.44   67.18   71.33   99.78  100.00   72.89   71.52   72.75   72.31   72.31   74.05
     8: A0A6A1WB69_30.4_41.3_74.5_23.7_71.7_23.7   61.08   54.17   75.22   74.62   78.28   73.10   72.89  100.00   74.89   74.35   74.78   74.78   78.41
     9: A0A4D6MC83_66.8_71.6_83.6_33.7_79.8_26.4   62.89   54.95   73.47   71.49   75.00   71.74   71.52   74.89  100.00   95.41   95.41   95.41   95.04
    10: A0A1S3TPB5_81.6_77.9_84.3_31.3_81.0_29.9   62.39   54.95   74.04   70.74   74.67   72.97   72.75   74.35   95.41  100.00   97.39   97.39   96.97
    11: A0A0L9TFM7_82.1_78.8_84.3_26.7_80.3_26.4   62.83   53.85   73.81   71.18   75.11   72.53   72.31   74.78   95.41   97.39  100.00  100.00  100.00
    12: A0A0S3RYX8_78.9_75.1_83.9_31.1_79.5_25.9   62.83   53.85   73.81   71.18   75.11   72.53   72.31   74.78   95.41   97.39  100.00  100.00  100.00
    13: A0A8T0L0F9_-1_-1_-1_-1_-1_-1               60.54    -nan   75.30   75.38   75.76   74.43   74.05   78.41   95.04   96.97  100.00  100.00  100.00
