(
B6QST3:0.00000,
A0A7C8KVH1:0.00000,
A0A093VI29:0.00000);
