#
#
#  Percent Identity  Matrix - created by Clustal2.1 
#
#

     1: A0A162IF15  100.00   50.25   50.08   54.27   57.14   56.25   56.08   53.83   55.13
     2: A0A364L5H4   50.25  100.00   92.35   93.75   55.09   58.52   58.69   55.02   56.38
     3: A0A2H3IE65   50.08   92.35  100.00   99.80   56.60   59.32   59.15   55.50   56.68
     4: A0A6V8H5Q9   54.27   93.75   99.80  100.00   62.53   64.59   64.39   60.44   61.52
     5: A0A8T9C1H7   57.14   55.09   56.60   62.53  100.00   69.08   67.70   68.47   67.42
     6: A0A3D8RUE5   56.25   58.52   59.32   64.59   69.08  100.00   95.39   67.24   68.56
     7: A0A3D8QIE3   56.08   58.69   59.15   64.39   67.70   95.39  100.00   67.07   68.04
     8: A0A194XNP8   53.83   55.02   55.50   60.44   68.47   67.24   67.07  100.00   77.15
     9: A0A1L7XQI1   55.13   56.38   56.68   61.52   67.42   68.56   68.04   77.15  100.00
