#
#
#  Percent Identity  Matrix - created by Clustal2.1 
#
#

     1: A0A4P6LT62  100.00   79.74   79.79   76.98   63.36   60.93   60.93   60.75   60.39   60.75   60.00
     2: A0A7X2JFX4   79.74  100.00   98.90   80.85   61.52   59.96   59.96   59.41   59.23   59.59   51.69
     3: A0A174L0J8   79.79   98.90  100.00   80.85   63.18   61.65   61.65   61.11   60.93   61.29   58.10
     4: F0YZI0       76.98   80.85   80.85  100.00   60.41   59.04   59.04   59.23   59.04   59.23   52.81
     5: A0A416I4D9   63.36   61.52   63.18   60.41  100.00   76.35   76.53   75.81   75.81   75.99   66.67
     6: A0A1E3ALQ7   60.93   59.96   61.65   59.04   76.35  100.00   99.64   98.92   98.92   99.10  100.00
     7: F7K9J1       60.93   59.96   61.65   59.04   76.53   99.64  100.00   98.57   98.57   98.75  100.00
     8: A0A1E3UNX3   60.75   59.41   61.11   59.23   75.81   98.92   98.57  100.00   99.28   99.46  100.00
     9: A0A1I3BMM0   60.39   59.23   60.93   59.04   75.81   98.92   98.57   99.28  100.00   99.46  100.00
    10: A0A3A6HVI3   60.75   59.59   61.29   59.23   75.99   99.10   98.75   99.46   99.46  100.00  100.00
    11: A0A1E3ADH7   60.00   51.69   58.10   52.81   66.67  100.00  100.00  100.00  100.00  100.00  100.00
