#
#
#  Percent Identity  Matrix - created by Clustal2.1 
#
#

     1: A0A9D4SUJ9  100.00   79.47   78.68   56.11   60.85   60.47   59.40   56.30   56.81   54.61   55.54   55.46   59.13
     2: A0A1E1X747   79.47  100.00   90.73   57.99   64.03   61.86   61.86   58.91   60.27   57.82   58.02   58.57   61.15
     3: A0A1E1XPA6   78.68   90.73  100.00   56.46   63.13   61.36   61.36   57.72   58.91   56.59   57.66   58.06   60.63
     4: A0A293N3P5   56.11   57.99   56.46  100.00   64.07   63.59   61.91   61.63   61.10   59.23   60.18   60.44   62.63
     5: B7Q7G0       60.85   64.03   63.13   64.07  100.00   97.00   97.00   68.40   70.14   67.41   66.48   68.40   69.00
     6: V5GF11       60.47   61.86   61.36   63.59   97.00  100.00  100.00   67.34   69.30   66.20   64.93   66.16   69.28
     7: V5H8F9       59.40   61.86   61.36   61.91   97.00  100.00  100.00   67.34   68.14   66.20   64.93   66.16   67.92
     8: A0A1E1X569   56.30   58.91   57.72   61.63   68.40   67.34   67.34  100.00   75.67   78.52   75.53   74.42   77.13
     9: A0A9D4PQ75   56.81   60.27   58.91   61.10   70.14   69.30   68.14   75.67  100.00   77.55   78.98   79.00   81.91
    10: A0A023GLI3   54.61   57.82   56.59   59.23   67.41   66.20   66.20   78.52   77.55  100.00   83.27   81.24   82.83
    11: A0A1E1X9B8   55.54   58.02   57.66   60.18   66.48   64.93   64.93   75.53   78.98   83.27  100.00   86.09   87.68
    12: A0A1E1XVA7   55.46   58.57   58.06   60.44   68.40   66.16   66.16   74.42   79.00   81.24   86.09  100.00   94.89
    13: A0A0E9Y372   59.13   61.15   60.63   62.63   69.00   69.28   67.92   77.13   81.91   82.83   87.68   94.89  100.00
