#
#
#  Percent Identity  Matrix - created by Clustal2.1 
#
#

     1: A0A1T1B6T0_95.6_97.6_90.1_65.6_87.8_38.3  100.00   75.49   76.47   76.72   75.25   75.25   63.39   63.14   62.19   62.16   61.76   60.78
     2: A0A418VGJ7_96.9_97.9_93.4_75.2_91.1_36.8   75.49  100.00   84.56   82.35   80.64   80.64   61.67   61.43   62.94   62.41   60.54   60.05
     3: A0A016QPR5_97.1_98.1_92.0_66.1_89.7_33.8   76.47   84.56  100.00   92.40   90.44   90.44   60.44   61.43   64.43   63.39   61.27   60.78
     4: A0A7W8I2R8_96.7_97.9_93.8_72.5_90.8_33.7   76.72   82.35   92.40  100.00   93.87   93.87   61.18   62.16   63.68   62.65   62.25   61.52
     5: A0A4R5G830_97.2_98.1_92.8_70.6_90.4_37.0   75.25   80.64   90.44   93.87  100.00  100.00   61.92   62.65   64.43   63.39   62.25   60.78
     6: A8ZRN6_96.9_98.1_94.1_69.9_91.4_34.7       75.25   80.64   90.44   93.87  100.00  100.00   61.92   62.65   64.43   63.39   62.25   60.78
     7: A0A323U4E1_97.9_98.4_90.1_44.1_88.6_39.2   63.39   61.67   60.44   61.18   61.92   61.92  100.00   89.78   66.00   66.42   65.28   66.50
     8: D7BJ50_98.2_98.5_90.1_56.0_88.9_40.5       63.14   61.43   61.43   62.16   62.65   62.65   89.78  100.00   66.50   67.89   66.26   68.95
     9: A0A4S4CB66_97.9_98.4_93.0_72.0_92.0_36.5   62.19   62.94   64.43   63.68   64.43   64.43   66.00   66.50  100.00   93.07   78.22   77.97
    10: A0A7W8NMG9_98.4_98.6_92.4_59.8_90.7_38.6   62.16   62.41   63.39   62.65   63.39   63.39   66.42   67.89   93.07  100.00   78.97   79.46
    11: A0A1U7NVH8_97.4_98.1_91.6_67.4_90.1_38.9   61.76   60.54   61.27   62.25   62.25   62.25   65.28   66.26   78.22   78.97  100.00   81.71
    12: A0A4S4BG47_97.9_98.1_91.8_63.8_90.2_38.4   60.78   60.05   60.78   61.52   60.78   60.78   66.50   68.95   77.97   79.46   81.71  100.00
