(
A0A369S6N4_-1___-1___-1___-1___69.2_21.6:0.39565,
A0A369S5Z3_81.0_76.6_81.8_29.2_78.4_23.3:0.00858,
B3RLK9_80.1_77.7_83.5_31.8_79.6_23.9:0.00000);
