(
A0A1X7RB27:0.30229,
A0A1X7QWV9:0.10464,
A0A8H2VJC7:0.08274);
