#
#
#  Percent Identity  Matrix - created by Clustal2.1 
#
#

     1: A0A2A6CFP3_86.6_83.6_81.0_25.8_80.3_25.8  100.00   52.16   51.79   51.79   51.62   51.30   51.62   51.62   51.62   51.46   51.62   51.79   52.69
     2: A0A2A2LRY4_86.6_79.9_77.1_28.6_76.2_24.2   52.16  100.00   54.16   54.32   54.16   53.67   53.67   53.67   53.51   53.67   53.83   53.83   54.82
     3: Q93550_86.6_81.4_83.5_32.6_82.4_32.6       51.79   54.16  100.00   92.97   92.66   93.28   93.12   93.28   92.97   92.97   93.12   92.81   92.72
     4: A0A1I7U0H2_84.5_76.0_82.5_32.3_81.2_32.3   51.79   54.32   92.97  100.00   94.69   95.31   94.84   94.69   94.69   94.69   94.84   94.53   94.82
     5: G0MHZ3_81.8_74.8_82.2_34.3_80.9_32.8       51.62   54.16   92.66   94.69  100.00   95.62   95.47   95.31   95.31   95.31   94.38   94.06   94.34
     6: A0A261CQ88_84.3_77.5_82.7_35.0_81.6_31.6   51.30   53.67   93.28   95.31   95.62  100.00   99.38   99.22   99.06   99.06   96.09   95.78   95.95
     7: E3MMF1_83.4_74.9_82.4_35.2_81.3_30.6       51.62   53.67   93.12   94.84   95.47   99.38  100.00   99.84   99.53   99.38   96.09   95.78   95.95
     8: A0A261A0I1_84.0_77.9_82.0_31.9_80.9_31.6   51.62   53.67   93.28   94.69   95.31   99.22   99.84  100.00   99.38   99.22   95.94   95.62   95.79
     9: A0A2P4WJA9_83.3_74.2_82.3_38.3_81.2_30.0   51.62   53.51   92.97   94.69   95.31   99.06   99.53   99.38  100.00   99.69   95.94   95.62   95.79
    10: A0A6A5FX31_82.1_74.6_80.8_28.6_79.8_28.6   51.46   53.67   92.97   94.69   95.31   99.06   99.38   99.22   99.69  100.00   95.78   95.47   95.63
    11: A8WRK7_84.0_76.6_80.1_31.3_78.8_29.5       51.62   53.83   93.12   94.84   94.38   96.09   96.09   95.94   95.94   95.78  100.00   99.69   99.68
    12: A0A2G5SAP0_84.2_74.2_82.5_33.4_81.2_30.0   51.79   53.83   92.81   94.53   94.06   95.78   95.78   95.62   95.62   95.47   99.69  100.00  100.00
    13: A0A2G5SB74_-1___-1___-1___-1___81.9_30.9   52.69   54.82   92.72   94.82   94.34   95.95   95.95   95.79   95.79   95.63   99.68  100.00  100.00
