#
#
#  Percent Identity  Matrix - created by Clustal2.1 
#
#

     1: A0A179G292_85.8_95.6_94.6_50.8_87.1_22.9  100.00   65.85   64.96   61.15   65.21   65.44   64.25   64.07   66.08   65.91   66.08   66.08   65.73   65.97   66.61   66.43   65.21   63.24   63.07   63.59   63.76   68.37   65.90   67.07
     2: A0A642UIA3_93.7_96.5_95.6_59.3_91.0_25.9   65.85  100.00   74.83   67.43   71.83   70.77   72.04   68.32   72.11   72.98   72.98   72.98   72.63   72.33   72.98   74.39   73.03   73.38   73.56   74.08   74.43   72.79   72.65   74.26
     3: A0A060TDU7_87.9_94.9_94.9_58.0_87.9_22.7   64.96   74.83  100.00   66.73   69.01   69.72   68.50   66.55   70.00   70.70   71.58   71.58   71.23   70.40   70.53   72.28   71.10   67.78   69.35   70.05   69.88   70.72   71.10   71.28
     4: A0A2B7XXH5_90.0_94.7_94.2_52.9_88.2_29.4   61.15   67.43   66.73  100.00   66.49   65.22   69.08   65.55   71.65   72.52   72.00   72.00   72.00   72.15   72.17   72.70   69.28   65.91   65.91   67.65   67.65   72.15   68.43   70.61
     5: A0A086SZJ8_91.8_95.5_93.0_44.8_86.4_22.5   65.21   71.83   69.01   66.49  100.00   72.25   70.02   65.78   72.05   72.92   72.22   72.22   71.88   71.45   72.05   73.44   72.65   71.53   73.09   74.31   74.31   72.30   70.77   71.88
     6: A0A179GCW2_90.9_95.2_95.6_63.3_89.8_25.9   65.44   70.77   69.72   65.22   72.25  100.00   70.85   67.84   71.73   71.90   71.20   71.20   71.03   70.14   72.08   72.95   73.12   71.48   70.96   72.00   72.17   72.33   71.96   72.00
     7: A0A1Q5T2D3_88.1_95.1_94.7_52.6_88.8_23.8   64.25   72.04   68.50   69.08   70.02   70.85  100.00   78.42   72.11   73.51   73.51   73.51   73.51   72.98   73.86   73.86   74.65   72.46   70.18   72.81   72.63   74.34   76.99   75.61
     8: A0A7H8QKQ7_87.9_94.2_94.6_60.7_89.5_31.7   64.07   68.32   66.55   65.55   65.78   67.84   78.42  100.00   69.82   70.88   70.00   70.00   70.00   70.00   70.53   71.23   72.01   69.47   68.42   70.00   69.47   71.68   72.57   73.51
     9: A0A1J9Q624_87.4_93.8_94.2_44.4_87.6_22.8   66.08   72.11   70.00   71.65   72.05   71.73   72.11   69.82  100.00   95.17   93.62   93.62   93.10   88.28   87.93   89.48   75.30   72.10   71.40   73.48   73.66   74.65   75.44   75.74
    10: A0A0H1BAE7_84.1_94.0_94.6_59.7_87.8_22.1   65.91   72.98   70.70   72.52   72.92   71.90   73.51   70.88   95.17  100.00   95.34   95.34   94.83   90.52   90.69   91.38   76.87   73.14   73.14   75.22   75.39   75.70   76.32   77.30
    11: T5BW69_87.3_94.5_93.6_54.2_87.3_23.4       66.08   72.98   71.58   72.00   72.22   71.20   73.51   70.00   93.62   95.34  100.00  100.00   99.14   88.79   88.10   89.48   76.17   71.92   72.62   74.52   74.52   74.48   75.26   76.26
    12: C5GAP0_87.3_95.1_95.0_58.2_88.3_23.2       66.08   72.98   71.58   72.00   72.22   71.20   73.51   70.00   93.62   95.34  100.00  100.00   99.14   88.79   88.10   89.48   76.17   71.92   72.62   74.52   74.52   74.48   75.26   76.26
    13: A0A179UI94_87.6_94.4_94.4_51.1_87.9_23.2   65.73   72.63   71.23   72.00   71.88   71.03   73.51   70.00   93.10   94.83   99.14   99.14  100.00   88.45   87.93   88.79   75.83   71.58   72.27   74.18   74.18   74.13   74.91   75.74
    14: A0A1B7NZI3_87.9_94.3_94.2_52.6_87.5_24.5   65.97   72.33   70.40   72.15   71.45   70.14   72.98   70.00   88.28   90.52   88.79   88.79   88.45  100.00   91.21   90.52   75.69   72.84   72.49   74.57   74.57   75.44   73.91   74.74
    15: A0A1J9QJS2_87.8_94.6_94.1_48.0_87.9_22.7   66.61   72.98   70.53   72.17   72.05   72.08   73.86   70.53   87.93   90.69   88.10   88.10   87.93   91.21  100.00   91.38   74.78   72.79   72.27   74.35   74.35   75.87   75.26   75.04
    16: A0A2B7ZCF3_88.6_94.9_95.2_73.3_88.7_23.8   66.43   74.39   72.28   72.70   73.44   72.95   73.86   71.23   89.48   91.38   89.48   89.48   88.79   90.52   91.38  100.00   77.74   73.31   74.00   76.26   76.26   77.27   76.14   76.78
    17: A0A094EA67_87.9_94.8_94.4_52.4_87.7_22.9   65.21   73.03   71.10   69.28   72.65   73.12   74.65   72.01   75.30   76.87   76.17   76.17   75.83   75.69   74.78   77.74  100.00   81.63   81.46   84.58   84.92   76.57   76.10   77.30
    18: A0A1B8FE35_90.2_95.2_94.7_52.8_88.7_28.1   63.24   73.38   67.78   65.91   71.53   71.48   72.46   69.47   72.10   73.14   71.92   71.92   71.58   72.84   72.79   73.31   81.63  100.00   84.28   86.70   87.39   72.30   71.28   72.71
    19: A0A093XGT0_90.5_95.3_94.8_47.5_88.3_22.1   63.07   73.56   69.35   65.91   73.09   70.96   70.18   68.42   71.40   73.14   72.62   72.62   72.27   72.49   72.27   74.00   81.46   84.28  100.00   93.61   93.78   72.47   71.80   73.06
    20: A0A094FH36_90.1_94.2_94.1_46.7_88.0_22.6   63.59   74.08   70.05   67.65   74.31   72.00   72.81   70.00   73.48   75.22   74.52   74.52   74.18   74.57   74.35   76.26   84.58   86.70   93.61  100.00   98.62   74.04   72.68   74.61
    21: A0A1B8ESY0_88.7_94.6_94.6_49.1_88.4_25.6   63.76   74.43   69.88   67.65   74.31   72.17   72.63   69.47   73.66   75.39   74.52   74.52   74.18   74.57   74.35   76.26   84.92   87.39   93.78   98.62  100.00   74.22   72.85   74.44
    22: A0A3A2ZTP1_91.4_96.5_95.0_54.0_88.6_21.2   68.37   72.79   70.72   72.15   72.30   72.33   74.34   71.68   74.65   75.70   74.48   74.48   74.13   75.44   75.87   77.27   76.57   72.30   72.47   74.04   74.22  100.00   75.80   77.18
    23: V5HWU6_88.8_95.8_94.8_50.9_88.1_20.6       65.90   72.65   71.10   68.43   70.77   71.96   76.99   72.57   75.44   76.32   75.26   75.26   74.91   73.91   75.26   76.14   76.10   71.28   71.80   72.68   72.85   75.80  100.00   77.58
    24: A0A4S3JFT0_87.9_94.1_94.6_48.7_87.7_22.4   67.07   74.26   71.28   70.61   71.88   72.00   75.61   73.51   75.74   77.30   76.26   76.26   75.74   74.74   75.04   76.78   77.30   72.71   73.06   74.61   74.44   77.18   77.58  100.00
