#
#
#  Percent Identity  Matrix - created by Clustal2.1 
#
#

     1: A0A7L1NDX0  100.00   85.05   84.38   87.07   83.49   87.94   88.43   81.20   82.91   84.64   86.20   83.54   83.54   84.92   84.55   85.51   84.94   82.32   83.97   51.70   57.52   58.61   54.15   53.96
     2: A0A851NIL4   85.05  100.00   92.87   87.68   88.36   90.20   90.04   78.49   80.32   84.23   84.32   82.76   80.96   82.67   83.85   83.71   81.72   80.04   80.80   51.81   57.89   58.33   54.10   53.90
     3: A0A7K9YIT4   84.38   92.87  100.00   87.93   87.14   89.54   89.42   79.48   80.15   84.35   83.89   83.02   81.51   82.90   85.00   83.33   81.92   79.78   80.73   53.73   58.25   59.50   55.56   55.36
     4: A0A7K8PX24   87.07   87.68   87.93  100.00   89.43   94.40   93.63   78.93   80.11   84.75   84.86   82.48   81.76   83.91   84.31   84.85   81.61   79.56   82.11   50.53   56.61   58.70   54.28   54.09
     5: A0A7K5Z2U3   83.49   88.36   87.14   89.43  100.00   92.26   91.36   77.97   79.34   83.14   83.78   81.25   80.31   82.15   82.86   82.37   80.92   77.80   80.11   50.39   54.97   57.32   52.58   52.38
     6: A0A091SIG1   87.94   90.20   89.54   94.40   92.26  100.00   96.10   80.95   82.88   86.40   86.67   85.06   84.24   85.66   87.25   87.12   83.94   80.81   83.73   52.07   57.95   59.11   54.92   54.73
     7: A0A7L3DI98   88.43   90.04   89.42   93.63   91.36   96.10  100.00   81.37   81.88   85.74   87.11   85.05   84.49   86.01   87.16   87.84   84.23   80.21   83.51   55.46   56.25   57.46   56.29   56.08
     8: A0A7L2BPR8   81.20   78.49   79.48   78.93   77.97   80.95   81.37  100.00   83.00   84.10   86.67   84.49   84.02   87.43   87.75   86.09   85.43   84.04   85.61   50.82   56.19   57.28   53.63   53.63
     9: A0A7K5PTV7   82.91   80.32   80.15   80.11   79.34   82.88   81.88   83.00  100.00   85.56   85.13   84.79   83.95   88.99   86.05   85.60   86.93   85.32   87.34   51.61   57.03   58.06   54.70   54.51
    10: A0A7K6BUN4   84.64   84.23   84.35   84.75   83.14   86.40   85.74   84.10   85.56  100.00   88.73   88.43   88.33   88.69   89.44   88.73   88.83   85.95   88.02   52.89   58.42   59.65   55.73   55.53
    11: A0A7K9ZDC6   86.20   84.32   83.89   84.86   83.78   86.67   87.11   86.67   85.13   88.73  100.00   90.04   90.39   90.76   92.00   91.74   90.22   86.58   89.37   52.34   58.08   59.22   55.96   55.77
    12: A0A7L2Y446   83.54   82.76   83.02   82.48   81.25   85.06   85.05   84.49   84.79   88.43   90.04  100.00   92.81   90.13   89.91   89.54   89.05   86.41   87.77   52.62   58.64   59.14   55.88   55.68
    13: A0A7K5KV12   83.54   80.96   81.51   81.76   80.31   84.24   84.49   84.02   83.95   88.33   90.39   92.81  100.00   90.91   90.50   89.58   89.55   87.63   87.91   54.91   56.10   57.71   56.99   56.77
    14: A0A7L2EAG6   84.92   82.67   82.90   83.91   82.15   85.66   86.01   87.43   88.99   88.69   90.76   90.13   90.91  100.00   93.24   92.80   92.45   88.56   90.62   52.91   57.81   59.34   55.53   55.34
    15: A0A7L3JXC4   84.55   83.85   85.00   84.31   82.86   87.25   87.16   87.75   86.05   89.44   92.00   89.91   90.50   93.24  100.00   93.93   90.47   87.55   90.97   52.81   57.14   58.91   54.92   54.73
    16: A0A7L4LDU8   85.51   83.71   83.33   84.85   82.37   87.12   87.84   86.09   85.60   88.73   91.74   89.54   89.58   92.80   93.93  100.00   90.41   86.80   89.75   55.67   56.62   58.64   57.26   57.05
    17: A0A7K5QSP8   84.94   81.72   81.92   81.61   80.92   83.94   84.23   85.43   86.93   88.83   90.22   89.05   89.55   92.45   90.47   90.41  100.00   89.32   92.06   52.00   57.06   58.64   54.46   54.27
    18: A0A7L1EU17   82.32   80.04   79.78   79.56   77.80   80.81   80.21   84.04   85.32   85.95   86.58   86.41   87.63   88.56   87.55   86.80   89.32  100.00   91.44   52.70   58.90   58.75   55.19   55.00
    19: A0A851VWM9   83.97   80.80   80.73   82.11   80.11   83.73   83.51   85.61   87.34   88.02   89.37   87.77   87.91   90.62   90.97   89.75   92.06   91.44  100.00   52.56   58.22   58.69   54.96   54.77
    20: A0A553R845   51.70   51.81   53.73   50.53   50.39   52.07   55.46   50.82   51.61   52.89   52.34   52.62   54.91   52.91   52.81   55.67   52.00   52.70   52.56  100.00   73.66   74.12   74.87   75.04
    21: A0A673FP47   57.52   57.89   58.25   56.61   54.97   57.95   56.25   56.19   57.03   58.42   58.08   58.64   56.10   57.81   57.14   56.62   57.06   58.90   58.22   73.66  100.00   91.78   85.99   86.19
    22: A0A8C1V128   58.61   58.33   59.50   58.70   57.32   59.11   57.46   57.28   58.06   59.65   59.22   59.14   57.71   59.34   58.91   58.64   58.64   58.75   58.69   74.12   91.78  100.00   89.93   89.74
    23: A0A8C1UYM3   54.15   54.10   55.56   54.28   52.58   54.92   56.29   53.63   54.70   55.73   55.96   55.88   56.99   55.53   54.92   57.26   54.46   55.19   54.96   74.87   85.99   89.93  100.00   99.82
    24: A0A8C1MS44   53.96   53.90   55.36   54.09   52.38   54.73   56.08   53.63   54.51   55.53   55.77   55.68   56.77   55.34   54.73   57.05   54.27   55.00   54.77   75.04   86.19   89.74   99.82  100.00
