(
A0A0R3TLH9:0.27323,
A0A564YN18:0.00473,
A0A0R3SVE7:0.00290);
