(
A0A1D1VM77:0.28749,
A0A1D1VVF2:0.20596,
A0A1W0WJL3:0.25176);
