#
#
#  Percent Identity  Matrix - created by Clustal2.1 
#
#

     1: A0A5S3XSH9  100.00   98.53   53.92   54.66   53.92   55.39   56.62   56.86   56.86   56.62
     2: A0A3A3CQ56   98.53  100.00   54.17   54.90   54.17   55.64   56.62   56.86   57.11   56.86
     3: A0A1C0TQX8   53.92   54.17  100.00   82.04   82.77   72.09   75.73   75.24   76.21   75.73
     4: A0A167P9C7   54.66   54.90   82.04  100.00   92.23   71.60   73.79   73.06   74.03   74.27
     5: A0A166Z469   53.92   54.17   82.77   92.23  100.00   72.33   75.24   74.76   75.97   75.97
     6: V4HU30       55.39   55.64   72.09   71.60   72.33  100.00   78.99   77.67   79.13   79.13
     7: A0A166ZMY1   56.62   56.62   75.73   73.79   75.24   78.99  100.00   81.07   82.28   82.52
     8: A0A0F6A6U8   56.86   56.86   75.24   73.06   74.76   77.67   81.07  100.00   90.05   89.81
     9: A0A161YFV7   56.86   57.11   76.21   74.03   75.97   79.13   82.28   90.05  100.00   97.09
    10: A0A023Q125   56.62   56.86   75.73   74.27   75.97   79.13   82.52   89.81   97.09  100.00
