#
#
#  Percent Identity  Matrix - created by Clustal2.1 
#
#

     1: C7ZC34_89.4_94.4_92.4_44.7_88.1_23.1      100.00   60.11   60.83   60.47   49.64   47.14   48.04   47.86   48.21   48.75   48.04   50.54   50.90   52.45   53.30   54.24   55.43   56.17   55.15   55.33   55.70   51.94   51.44   51.62   51.81
     2: A0A4R8QSC6_89.1_94.7_93.2_47.0_88.7_22.1   60.11  100.00   98.04   98.22   50.00   48.91   48.55   48.55   48.55   48.37   48.01   51.36   51.36   53.01   53.39   54.16   53.87   54.24   53.59   53.96   54.14   52.76   50.46   51.37   51.19
     3: A0A4R8Q0Y3_89.2_94.6_92.9_40.6_88.5_22.4   60.83   98.04  100.00   98.75   49.64   49.46   48.91   48.91   48.91   48.73   48.37   51.54   51.54   52.64   53.21   53.97   54.24   54.61   53.96   54.33   54.51   52.95   50.64   51.37   51.37
     4: A0A484FHZ0_87.6_92.3_92.2_36.2_87.8_22.7   60.47   98.22   98.75  100.00   49.46   49.46   48.73   48.91   48.91   48.73   48.37   51.18   51.18   52.64   52.84   53.79   53.87   54.24   53.59   53.96   54.14   52.76   50.09   51.00   50.82
     5: A0A8H4TNP6_-1_-1_-1_-1_-1_-1               49.64   50.00   49.64   49.46  100.00   63.80   61.83   62.19   63.08   62.72   62.54   59.06   59.42   56.70   58.94   59.01   59.45   59.27   58.97   58.97   58.97   60.82   54.53   54.87   54.89
     6: W6Q732_90.5_93.8_93.2_38.9_89.5_24.8       47.14   48.91   49.46   49.46   63.80  100.00   90.25   90.43   91.31   91.31   90.96   57.66   57.84   56.81   59.34   58.12   57.27   57.64   56.99   57.54   57.72   56.76   53.96   54.48   54.68
     7: A0A0A2I675_88.3_93.8_92.6_39.8_88.6_23.2   48.04   48.55   48.91   48.73   61.83   90.25  100.00   91.49   92.38   92.02   92.38   57.30   57.48   57.35   59.16   58.49   58.20   58.56   57.72   58.46   58.64   57.53   54.14   54.66   54.86
     8: A0A0G4PAQ1_89.2_93.9_92.8_38.0_89.0_24.2   47.86   48.55   48.91   48.91   62.19   90.43   91.49  100.00   95.74   95.21   95.39   57.48   57.66   56.99   58.79   58.49   58.01   58.75   57.72   58.64   58.64   57.14   53.60   53.94   54.14
     9: A0A1V6NKA8_85.8_92.7_92.8_40.3_88.8_23.3   48.21   48.55   48.91   48.91   63.08   91.31   92.38   95.74  100.00   95.92   95.74   57.30   57.48   56.99   59.34   58.86   58.20   58.93   57.90   58.82   59.01   57.72   54.14   54.66   54.86
    10: A0A8H4SGA5_-1_-1_-1_-1_-1_-1               48.75   48.37   48.73   48.73   62.72   91.31   92.02   95.21   95.92  100.00   97.87   57.12   57.30   56.99   59.34   59.04   58.38   59.12   58.09   59.01   59.19   57.34   54.50   55.20   55.40
    11: A0A1V6RMA9_89.5_93.8_92.2_35.3_88.3_22.2   48.04   48.01   48.37   48.37   62.54   90.96   92.38   95.39   95.74   97.87  100.00   57.12   57.30   56.99   59.52   59.04   58.38   58.75   57.90   58.64   58.82   57.53   54.32   55.02   55.22
    12: A0A4Q7K5B7_92.5_95.8_90.8_24.6_89.4_24.6   50.54   51.36   51.54   51.18   59.06   57.66   57.30   57.48   57.30   57.12   57.12  100.00   99.29   58.51   59.78   59.19   59.74   60.11   60.00   60.00   60.18   63.55   60.87   60.83   61.23
    13: A0A179FUH0_92.1_95.9_94.2_51.7_89.8_22.5   50.90   51.36   51.54   51.18   59.42   57.84   57.48   57.66   57.48   57.30   57.30   99.29  100.00   58.70   59.96   59.38   59.93   60.29   60.18   60.18   60.37   63.35   60.87   60.83   61.23
    14: A0A8H4U7Z7_-1_-1_-1_-1_-1_-1               52.45   53.01   52.64   52.64   56.70   56.81   57.35   56.99   56.99   56.99   56.99   58.51   58.70  100.00   77.60   74.45   76.70   77.06   76.19   76.74   76.56   62.80   58.14   58.29   58.68
    15: A0A8H4XHX1_-1_-1_-1_-1_-1_-1               53.30   53.39   53.21   52.84   58.94   59.34   59.16   58.79   59.34   59.34   59.52   59.78   59.96   77.60  100.00   79.34   81.77   81.58   81.25   81.25   81.43   65.67   60.33   60.29   60.89
    16: C7Z6J2_94.1_97.1_93.9_38.6_90.8_23.5       54.24   54.16   53.97   53.79   59.01   58.12   58.49   58.49   58.86   59.04   59.04   59.19   59.38   74.45   79.34  100.00   92.45   92.27   92.28   91.91   92.83   63.44   59.33   59.48   59.70
    17: A0A428R382_93.8_96.7_94.2_40.4_90.6_22.0   55.43   53.87   54.24   53.87   59.45   57.27   58.20   58.01   58.20   58.38   58.38   59.74   59.93   76.70   81.77   92.45  100.00   97.62   97.25   97.25   97.80   65.61   60.15   59.38   60.33
    18: A0A428P4E8_93.3_96.4_93.9_42.0_90.4_20.8   56.17   54.24   54.61   54.24   59.27   57.64   58.56   58.75   58.93   59.12   58.75   60.11   60.29   77.06   81.58   92.27   97.62  100.00   98.35   98.17   98.72   65.22   60.33   59.56   60.52
    19: A0A428RTI4_93.5_96.7_94.2_41.3_90.7_22.6   55.15   53.59   53.96   53.59   58.97   56.99   57.72   57.72   57.90   58.09   57.90   60.00   60.18   76.19   81.25   92.28   97.25   98.35  100.00   98.35   98.54   65.42   60.04   59.27   60.22
    20: A0A428UBA8_93.5_96.8_94.1_35.8_90.4_22.8   55.33   53.96   54.33   53.96   58.97   57.54   58.46   58.64   58.82   59.01   58.64   60.00   60.18   76.74   81.25   91.91   97.25   98.17   98.35  100.00   99.09   65.22   60.04   59.27   60.22
    21: A0A3M2S2C2_92.6_96.4_94.2_39.9_90.5_21.7   55.70   54.14   54.51   54.14   58.97   57.72   58.64   58.64   59.01   59.19   58.82   60.18   60.37   76.56   81.43   92.83   97.80   98.72   98.54   99.09  100.00   65.22   60.41   59.63   60.59
    22: A0A425BV68_-1_-1_-1_-1_93.1_35.2           51.94   52.76   52.95   52.76   60.82   56.76   57.53   57.14   57.72   57.34   57.53   63.55   63.35   62.80   65.67   63.44   65.61   65.22   65.42   65.22   65.22  100.00   68.14   68.33   68.71
    23: A0A4R8QWF4_92.7_96.4_93.8_35.9_90.3_23.5   51.44   50.46   50.64   50.09   54.53   53.96   54.14   53.60   54.14   54.50   54.32   60.87   60.87   58.14   60.33   59.33   60.15   60.33   60.04   60.04   60.41   68.14  100.00   97.86   98.22
    24: A0A4R8QEV3_93.6_96.9_93.9_34.6_90.3_25.9   51.62   51.37   51.37   51.00   54.87   54.48   54.66   53.94   54.66   55.20   55.02   60.83   60.83   58.29   60.29   59.48   59.38   59.56   59.27   59.27   59.63   68.33   97.86  100.00   98.93
    25: N4VKZ5_93.4_97.1_94.2_42.7_90.8_25.1       51.81   51.19   51.37   50.82   54.89   54.68   54.86   54.14   54.86   55.40   55.22   61.23   61.23   58.68   60.89   59.70   60.33   60.52   60.22   60.22   60.59   68.71   98.22   98.93  100.00
