#
#
#  Percent Identity  Matrix - created by Clustal2.1 
#
#

     1: A0A1B6E4P3  100.00   54.94   51.25   51.25   52.44   56.00   52.52   52.52   51.88
     2: D6W895       54.94  100.00   53.94   53.94   54.65   55.45   54.39   54.48   54.76
     3: A0A0A9YX24   51.25   53.94  100.00  100.00   54.45   57.33   54.45   54.52   52.78
     4: A0A146LHN7   51.25   53.94  100.00  100.00   54.45   57.33   54.34   54.52   52.78
     5: A0A6A4K5T0   52.44   54.65   54.45   54.45  100.00   93.89   92.89   92.89   92.51
     6: A0A146M4H3   56.00   55.45   57.33   57.33   93.89  100.00  100.00  100.00  100.00
     7: A0A0A9Y515   52.52   54.39   54.45   54.34   92.89  100.00  100.00  100.00  100.00
     8: A0A0K8SFR7   52.52   54.48   54.52   54.52   92.89  100.00  100.00  100.00  100.00
     9: A0A146MA04   51.88   54.76   52.78   52.78   92.51  100.00  100.00  100.00  100.00
