#
#
#  Percent Identity  Matrix - created by Clustal2.1 
#
#

     1: A0A2A2LMJ7  100.00   99.60   68.73   66.17   67.65   70.61   67.65   70.61   66.15   65.98   65.98   64.07   64.84   64.84   65.01   67.37   64.92   67.37   64.88   65.22   65.67   65.22   65.22   54.23   62.34   54.10   56.45   60.00   60.71
     2: A0A2A2J246   99.60  100.00   68.49   65.87   67.35   70.45   67.35   70.45   66.17   65.99   65.99   64.08   64.91   64.91   65.22   67.92   65.13   67.92   65.08   65.31   65.79   65.31   65.17   53.32   61.41   53.19   56.39   60.05   60.64
     3: A0A6F7Q2G4   68.73   68.49  100.00   87.92   90.44   91.07   90.44   91.07   65.94   65.78   65.86   63.28   62.99   62.86   63.53   65.87   63.45   65.59   63.41   63.79   64.63   64.04   64.04   56.61   62.34   56.74   57.90   63.76   63.86
     4: A0A368G8C1   66.17   65.87   87.92  100.00   94.85   93.30   94.85   93.30   63.39   63.20   63.30   62.57   61.95   61.80   62.43   64.90   62.33   64.57   62.28   62.43   62.43   63.17   62.57   56.22   61.90   56.52   57.70   60.61   62.76
     5: A0A016SUT2   67.65   67.35   90.44   94.85  100.00  100.00   98.89   98.41   65.14   64.97   65.06   63.59   63.30   63.18   63.97   66.20   63.89   65.92   63.84   64.10   64.76   64.60   64.22   56.35   61.90   56.74   56.53   62.21   63.52
     6: A0A016SU87   70.61   70.45   91.07   93.30  100.00  100.00   98.41   98.41   68.07   67.82   67.82   66.24   66.61   66.61   67.28   67.28   67.15   67.09   67.09   67.28   68.64   67.46   67.28   56.96   61.90   57.14   56.31   62.21   65.07
     7: A0A016SV58   67.65   67.35   90.44   94.85   98.89   98.41  100.00  100.00   65.14   64.97   65.06   63.59   63.30   63.18   63.97   66.20   63.89   65.92   63.84   64.10   64.76   64.60   64.22   56.35   61.90   56.74   56.71   62.21   63.52
     8: A0A016SV80   70.61   70.45   91.07   93.30   98.41   98.41  100.00  100.00   68.07   67.82   67.82   66.24   66.61   66.61   67.28   67.28   67.15   67.09   67.09   67.28   68.64   67.46   67.28   56.96   61.90   57.14   56.57   62.21   65.07
     9: A0A8S1EIG0   66.15   66.17   65.94   63.39   65.14   68.07   65.14   68.07  100.00  100.00  100.00   72.10   72.42   72.42   72.60   74.41   72.76   74.55   72.73   72.31   72.38   72.82   72.44   54.29   63.20   54.16   56.50   59.21   60.73
    10: A0A8S1ESV1   65.98   65.99   65.78   63.20   64.97   67.82   64.97   67.82  100.00  100.00  100.00   71.91   72.24   72.24   72.42   74.20   72.58   74.34   72.54   72.13   72.18   72.64   72.26   54.29   63.20   54.16   56.50   59.21   60.73
    11: A0A8S1ELA9   65.98   65.99   65.86   63.30   65.06   67.82   65.06   67.82  100.00  100.00  100.00   72.01   72.33   72.33   72.51   74.20   72.67   74.34   72.64   72.22   72.28   72.73   72.35   54.36   63.20   54.23   56.57   59.21   60.81
    12: A0A8R1DZ66   64.07   64.08   63.28   62.57   63.59   66.24   63.59   66.24   72.10   71.91   72.01  100.00   86.50   86.62   86.47   88.12   86.23   87.71   86.34   87.09   86.62   88.10   86.97   51.22   59.31   51.60   55.14   56.78   56.88
    13: A0A2G5SRH6   64.84   64.91   62.99   61.95   63.30   66.61   63.30   66.61   72.42   72.24   72.33   86.50  100.00   99.50   92.63   93.79   92.64   93.38   92.76   92.00   90.84   92.25   91.00   51.66   60.61   51.66   54.55   57.01   58.22
    14: A8XJA8       64.84   64.91   62.86   61.80   63.18   66.61   63.18   66.61   72.42   72.24   72.33   86.62   99.50  100.00   92.14   93.25   91.93   92.84   92.27   91.39   90.17   91.76   90.39   51.53   60.61   51.79   54.55   57.01   58.22
    15: A0A261CRW2   65.01   65.22   63.53   62.43   63.97   67.28   63.97   67.28   72.60   72.42   72.51   86.47   92.63   92.14  100.00   98.76   99.00   98.62   99.13   93.01   91.79   94.76   93.76   51.66   60.17   51.66   54.81   57.61   58.64
    16: A0A261B8J5   67.37   67.92   65.87   64.90   66.20   67.28   66.20   67.28   74.41   74.20   74.20   88.12   93.79   93.25   98.76  100.00   99.17   99.45   99.31   93.52   92.20   95.03   93.93   53.73   60.17   53.59   57.73   57.61   60.17
    17: E3LCY7       64.92   65.13   63.45   62.33   63.89   67.15   63.89   67.15   72.76   72.58   72.67   86.23   92.64   91.93   99.00   99.17  100.00   99.72   99.88   93.01   91.92   94.63   93.51   51.72   60.17   51.72   55.38   57.94   59.22
    18: A0A2P4WN76   67.37   67.92   65.59   64.57   65.92   67.09   65.92   67.09   74.55   74.34   74.34   87.71   93.38   92.84   98.62   99.45   99.72  100.00   99.59   93.10   91.90   94.62   93.79   53.59   60.17   53.45   57.73   57.85   60.46
    19: A0A6A5FYC1   64.88   65.08   63.41   62.28   63.84   67.09   63.84   67.09   72.73   72.54   72.64   86.34   92.76   92.27   99.13   99.31   99.88   99.59  100.00   93.13   91.92   94.76   93.63   51.66   60.17   51.66   55.46   57.85   59.16
    20: X5LPS1       65.22   65.31   63.79   62.43   64.10   67.28   64.10   67.28   72.31   72.13   72.22   87.09   92.00   91.39   93.01   93.52   93.01   93.10   93.13  100.00   98.92   96.25   94.38   51.98   60.61   51.98   55.27   57.85   58.72
    21: X5LX59       65.67   65.79   64.63   62.43   64.76   68.64   64.76   68.64   72.38   72.18   72.28   86.62   90.84   90.17   91.79   92.20   91.92   91.90   91.92   98.92  100.00   95.29   93.27   53.43   60.61   53.43   57.56   60.05   59.94
    22: A0A1I7UAN6   65.22   65.31   64.04   63.17   64.60   67.46   64.60   67.46   72.82   72.64   72.73   88.10   92.25   91.76   94.76   95.03   94.63   94.62   94.76   96.25   95.29  100.00   96.75   52.50   60.61   52.50   55.78   58.08   59.24
    23: G0M7B6       65.22   65.17   64.04   62.57   64.22   67.28   64.22   67.28   72.44   72.26   72.35   86.97   91.00   90.39   93.76   93.93   93.51   93.79   93.63   94.38   93.27   96.75  100.00   51.98   60.61   52.11   55.14   57.85   58.85
    24: F1KSM1       54.23   53.32   56.61   56.22   56.35   56.96   56.35   56.96   54.29   54.29   54.36   51.22   51.66   51.53   51.66   53.73   51.72   53.59   51.66   51.98   53.43   52.50   51.98  100.00   98.77   96.22   59.90   63.54   64.54
    25: A0A915AKG5   62.34   61.41   62.34   61.90   61.90   61.90   61.90   61.90   63.20   63.20   63.20   59.31   60.61   60.61   60.17   60.17   60.17   60.17   60.17   60.61   60.61   60.61   60.61   98.77  100.00  100.00   68.33   70.37   71.55
    26: A0A915AIU1   54.10   53.19   56.74   56.52   56.74   57.14   56.74   57.14   54.16   54.16   54.23   51.60   51.66   51.79   51.66   53.59   51.72   53.45   51.66   51.98   53.43   52.50   52.11   96.22  100.00  100.00   60.14   63.54   64.54
    27: A0A2A6B4Q8   56.45   56.39   57.90   57.70   56.53   56.31   56.71   56.57   56.50   56.50   56.57   55.14   54.55   54.55   54.81   57.73   55.38   57.73   55.46   55.27   57.56   55.78   55.14   59.90   68.33   60.14  100.00   64.82   68.22
    28: A0A915H6F7   60.00   60.05   63.76   60.61   62.21   62.21   62.21   62.21   59.21   59.21   59.21   56.78   57.01   57.01   57.61   57.61   57.94   57.85   57.85   57.85   60.05   58.08   57.85   63.54   70.37   63.54   64.82  100.00  100.00
    29: A0A915H543   60.71   60.64   63.86   62.76   63.52   65.07   63.52   65.07   60.73   60.73   60.81   56.88   58.22   58.22   58.64   60.17   59.22   60.46   59.16   58.72   59.94   59.24   58.85   64.54   71.55   64.54   68.22  100.00  100.00
