(
A0A7J9Z3A7:0.28066,
A0A5J6L734:0.15625,
A0A4R5DCZ0:0.13248);
