#
#
#  Percent Identity  Matrix - created by Clustal2.1 
#
#

     1: A0A254NDR9  100.00   75.92   75.43   75.43   77.67   79.36   78.87
     2: A0A0Q7SDD8   75.92  100.00   84.52   84.52   82.68   85.12   85.12
     3: A0A0Q7BCE7   75.43   84.52  100.00  100.00   82.80   86.73   86.98
     4: A0A0Q8GDA1   75.43   84.52  100.00  100.00   82.80   86.73   86.98
     5: A0A952H474   77.67   82.68   82.80   82.80  100.00   91.46   91.71
     6: A0A0Q6WJQ0   79.36   85.12   86.73   86.73   91.46  100.00   96.83
     7: A0A0Q6T1S4   78.87   85.12   86.98   86.98   91.71   96.83  100.00
