(
A8PSH0:0.24135,
A0A0N0RSB8:0.23250,
A0A1M8A5L7:0.20825);
