#
#
#  Percent Identity  Matrix - created by Clustal2.1 
#
#

     1: A0A158QY62_80.5_80.4_79.9_30.5_79.3_30.5  100.00   75.95   78.47   83.66   81.12   80.82
     2: A0A0D6M7K3_-1_-1_-1_-1_57.2_20.9           75.95  100.00   77.73   93.52   94.48   94.75
     3: A0A0B1TWX0_80.4_79.9_76.5_29.4_74.4_22.7   78.47   77.73  100.00   86.83   86.27   85.98
     4: A0A016TQG3_80.9_81.7_83.7_39.6_77.0_24.4   83.66   93.52   86.83  100.00   99.00   99.13
     5: A0A016TQJ3_77.4_79.6_84.8_41.4_81.1_23.3   81.12   94.48   86.27   99.00  100.00   99.85
     6: A0A016TQS6_82.4_82.1_84.3_39.2_74.3_21.7   80.82   94.75   85.98   99.13   99.85  100.00
