(
A0A1Y2C7R2_92.0_93.6_93.8_54.2_88.3_26.2:0.32875,
A0A507DK72_90.1_94.9_93.8_57.4_88.5_25.1:0.00054,
A0A507DQA3_-1___-1___-1___-1___86.7_23.0:0.01899);
