(
A0A8I1UTM4:0.18627,
K8NXJ6:0.09477,
A0A4U6BRE0:0.14052);
