#
#
#  Percent Identity  Matrix - created by Clustal2.1 
#
#

     1: A0A0F5PTU1_98.6_97.8_95.1_80.5_92.8_30.6  100.00   80.94   80.66   79.06   80.87   83.94   74.78   73.37   74.47   73.77   62.15   61.13   62.15   62.32   67.89   68.66   66.67   67.49   66.26   65.73   65.55   66.08   66.08   66.08   66.08
     2: A0A0F9UT92_98.6_98.1_95.4_83.4_89.9_25.6   80.94  100.00   82.58   81.85   82.96   85.34   75.84   76.54   79.05   78.70   65.20   63.84   64.67   64.50   69.62   69.54   66.14   70.30   68.54   69.24   68.37   68.37   69.42   69.77   69.95
     3: A0A090ECD2_98.7_97.9_95.3_83.5_93.6_37.2   80.66   82.58  100.00   89.35   83.80   86.39   77.60   72.84   75.70   76.06   63.54   65.01   64.25   64.25   72.28   66.61   65.55   68.37   67.84   67.67   67.31   66.78   67.84   67.14   67.49
     4: A0A0D8KL22_98.8_98.1_95.3_82.1_93.7_37.4   79.06   81.85   89.35  100.00   83.42   84.97   75.09   71.73   74.43   75.66   62.94   64.95   64.36   65.60   70.65   66.19   64.96   67.61   66.37   67.08   67.26   66.37   66.90   68.14   67.79
     5: A0A084UB20_98.6_97.7_95.4_83.4_93.3_32.2   80.87   82.96   83.80   83.42  100.00   87.43   75.13   75.84   76.94   78.35   62.01   62.77   64.66   62.54   71.98   68.61   65.61   68.43   67.37   65.96   66.67   66.49   67.02   66.67   66.67
     6: A0A098TEQ4_98.6_97.8_95.5_82.0_93.9_39.3   83.94   85.34   86.39   84.97   87.43  100.00   77.25   77.78   77.11   77.29   63.48   63.52   64.72   64.18   70.83   68.85   65.84   69.03   68.50   68.14   67.08   66.90   67.79   67.26   67.61
     7: A0A086Y227_98.8_98.2_95.1_81.7_93.4_35.7   74.78   75.84   77.60   75.09   75.13   77.25  100.00   74.60   77.27   78.32   63.83   62.10   62.06   63.30   69.15   68.50   64.96   66.90   66.55   67.08   66.02   65.66   66.37   66.37   66.55
     8: A0A017HGV6_98.8_98.5_95.7_87.1_93.7_33.2   73.37   76.54   72.84   71.73   75.84   77.78   74.60  100.00   78.17   78.87   59.29   59.15   60.53   59.12   65.13   66.96   63.78   66.61   65.37   64.84   65.02   64.13   65.19   64.66   64.84
     9: A0A073JAB5_98.7_98.1_95.0_77.2_92.9_30.9   74.47   79.05   75.70   74.43   76.94   77.11   77.27   78.17  100.00   85.34   63.89   62.17   61.59   61.77   69.56   68.37   66.08   66.43   67.14   66.08   66.08   66.08   66.43   66.61   66.25
    10: A0A0F9S210_98.8_98.4_95.6_83.8_93.4_33.2   73.77   78.70   76.06   75.66   78.35   77.29   78.32   78.87   85.34  100.00   63.19   61.99   61.59   61.59   68.67   67.67   67.49   67.14   65.55   65.37   66.08   65.72   66.08   65.90   65.55
    11: A0A068YR07_89.9_94.8_95.4_81.5_93.3_34.0   62.15   65.20   63.54   62.94   62.01   63.48   63.83   59.29   63.89   63.19  100.00   78.50   77.95   81.42   67.14   69.89   68.25   70.47   70.65   71.70   70.65   69.77   70.83   72.06   70.65
    12: A0A0B1Y4B9_91.4_94.9_95.7_82.1_93.0_32.1   61.13   63.84   65.01   64.95   62.77   63.52   62.10   59.15   62.17   61.99   78.50  100.00   82.17   85.31   67.43   69.41   66.02   67.37   68.07   68.42   68.95   67.89   68.95   69.47   68.60
    13: A0A0E7UYH2_92.8_94.6_95.7_82.2_93.5_31.5   62.15   64.67   64.25   64.36   64.66   64.72   62.06   60.53   61.59   61.59   77.95   82.17  100.00   86.81   68.37   70.07   68.61   69.24   68.72   68.01   69.77   69.07   69.42   69.95   68.89
    14: A0A0F0FYG2_93.9_95.4_95.7_81.6_93.5_34.5   62.32   64.50   64.25   65.60   62.54   64.18   63.30   59.12   61.77   61.59   81.42   85.31   86.81  100.00   67.49   70.42   67.37   68.19   68.37   67.84   69.24   68.19   68.19   69.07   68.01
    15: A0A0C6EZD5_92.8_95.8_95.4_82.5_93.2_37.3   67.89   69.62   72.28   70.65   71.98   70.83   69.15   65.13   69.56   68.67   67.14   67.43   68.37   67.49  100.00   70.05   70.70   72.73   70.98   71.33   72.38   71.85   72.38   71.85   71.85
    16: A0A0D8CDA1_92.5_92.7_95.4_81.7_92.3_28.2   68.66   69.54   66.61   66.19   68.61   68.85   68.50   66.96   68.37   67.67   69.89   69.41   70.07   70.42   70.05  100.00   72.74   73.23   73.36   73.06   73.75   73.23   73.58   72.54   73.23
    17: A0A099LDU5_92.6_95.8_95.9_85.3_93.4_31.2   66.67   66.14   65.55   64.96   65.61   65.84   64.96   63.78   66.08   67.49   68.25   66.02   68.61   67.37   70.70   72.74  100.00   77.78   74.48   73.44   74.83   75.17   73.96   73.96   73.96
    18: A0A087FBV1_92.1_94.9_95.7_84.9_93.5_41.3   67.49   70.30   68.37   67.61   68.43   69.03   66.90   66.61   66.43   67.14   70.47   67.37   69.24   68.19   72.73   73.23   77.78  100.00   85.49   86.03   86.72   85.86   85.86   86.90   86.55
    19: A0A0E9ZI90_93.2_95.4_95.5_84.1_93.3_40.2   66.26   68.54   67.84   66.37   67.37   68.50   66.55   65.37   67.14   65.55   70.65   68.07   68.72   68.37   70.98   73.36   74.48   85.49  100.00   86.87   90.33   89.46   88.95   88.43   88.95
    20: A0A0E3GXT6_92.8_95.6_95.7_85.0_93.4_45.3   65.73   69.24   67.67   67.08   65.96   68.14   67.08   64.84   66.08   65.37   71.70   68.42   68.01   67.84   71.33   73.06   73.44   86.03   86.87  100.00   92.59   92.93   92.07   92.07   93.10
    21: A0A0B1YXP3_92.6_94.9_95.6_85.2_93.5_46.2   65.55   68.37   67.31   67.26   66.67   67.08   66.02   65.02   66.08   66.08   70.65   68.95   69.77   69.24   72.38   73.75   74.83   86.72   90.33   92.59  100.00   97.76   96.38   96.21   96.55
    22: A0A0C5ENB4_92.4_94.8_95.6_84.4_93.4_41.3   66.08   68.37   66.78   66.37   66.49   66.90   65.66   64.13   66.08   65.72   69.77   67.89   69.07   68.19   71.85   73.23   75.17   85.86   89.46   92.93   97.76  100.00   95.86   95.86   95.86
    23: A0A024E6W8_92.1_94.8_95.6_84.2_93.4_41.1   66.08   69.42   67.84   66.90   67.02   67.79   66.37   65.19   66.43   66.08   70.83   68.95   69.42   68.19   72.38   73.58   73.96   85.86   88.95   92.07   96.38   95.86  100.00   95.00   96.72
    24: A0A059L2I2_92.8_95.3_95.6_84.3_93.4_43.4   66.08   69.77   67.14   68.14   66.67   67.26   66.37   64.66   66.61   65.90   72.06   69.47   69.95   69.07   71.85   72.54   73.96   86.90   88.43   92.07   96.21   95.86   95.00  100.00   97.07
    25: A0A0B7DAB9_92.9_94.8_95.6_84.4_93.3_41.9   66.08   69.95   67.49   67.79   66.67   67.61   66.55   64.84   66.25   65.55   70.65   68.60   68.89   68.01   71.85   73.23   73.96   86.55   88.95   93.10   96.55   95.86   96.72   97.07  100.00
