#
#
#  Percent Identity  Matrix - created by Clustal2.1 
#
#

     1: A0A6P7XY14  100.00   48.01   49.52   55.64   55.64   54.84   56.37   54.84   50.75   52.47   50.97   49.48   53.87   52.32   52.64   53.35   54.47   53.33   53.73   55.96   55.61   55.70   55.80   55.49   54.14   50.23   51.00   49.70   55.58   56.67   54.71   55.27   52.10   55.98   56.40   55.04   55.81
     2: M3XK54       48.01  100.00   92.51   53.60   53.60   52.81   52.81   52.81   57.66   57.66   57.66   57.22   59.71   60.00   60.00   60.00   60.50   59.63   59.63   58.99   59.36   58.91   59.51   58.00   59.22   57.14   57.95   57.59   59.48   59.08   57.74   59.56   58.20   59.49   60.48   59.29   59.60
     3: H3ABP2       49.52   92.51  100.00   54.79   54.79   54.10   55.92   54.10   60.77   60.93   60.93   57.14   62.72   62.98   62.98   62.98   62.82   62.50   62.44   63.02   63.30   62.66   63.38   61.27   61.65   60.19   60.86   60.54   62.66   62.84   61.90   62.86   60.93   63.00   64.40   63.14   63.64
     4: A0A6P7XRZ8   55.64   53.60   54.79  100.00  100.00  100.00   99.83  100.00   56.90   57.17   57.21   57.25   58.91   59.19   59.19   59.19   59.65   59.00   58.62   62.45   62.05   61.71   61.45   61.14   60.73   56.08   56.94   56.52   61.92   62.11   61.72   61.36   57.77   62.09   62.37   61.36   61.48
     5: A0A6P7XYP3   55.64   53.60   54.79  100.00  100.00  100.00   99.84  100.00   56.90   57.17   57.21   57.25   58.91   59.19   59.19   59.19   59.65   59.00   58.62   62.45   62.05   61.71   61.45   61.14   60.73   56.08   56.94   56.52   61.92   62.11   61.72   61.36   57.77   62.09   62.37   61.36   61.48
     6: A0A6P7XTM0   54.84   52.81   54.10  100.00  100.00  100.00   99.86  100.00   56.15   56.40   56.45   56.01   57.95   58.23   58.23   58.23   58.65   57.95   57.58   62.12   61.17   61.15   60.90   60.66   59.82   55.02   55.88   55.47   60.47   60.65   60.95   60.58   56.68   60.97   62.37   60.28   60.39
     7: A0A6P7XZC8   56.37   52.81   55.92   99.83   99.84   99.86  100.00   99.87   58.21   58.50   58.54   56.01   59.87   60.17   60.17   60.17   60.69   60.03   59.63   61.83   60.87   61.03   60.59   60.66   59.82   57.02   57.93   57.48   60.47   60.65   60.65   60.58   58.82   60.97   62.09   59.96   60.07
     8: A0A6P7XK67   54.84   52.81   54.10  100.00  100.00  100.00   99.87  100.00   56.15   56.40   56.45   56.01   57.95   58.23   58.23   58.23   58.65   57.95   57.58   62.12   61.17   61.15   60.90   60.66   59.82   55.02   55.88   55.47   60.47   60.65   60.95   60.58   56.68   60.97   62.37   60.28   60.39
     9: A0A151NLW0   50.75   57.66   60.77   56.90   56.90   56.15   58.21   56.15  100.00   98.65   96.22   67.80   74.32   72.58   73.05   73.66   74.38   74.47   74.74   75.71   76.90   76.39   76.48   75.36   74.51   73.81   73.45   71.85   75.27   76.52   76.45   77.22   73.75   75.76   76.91   75.61   75.35
    10: A0A3Q0FNC7   52.47   57.66   60.93   57.17   57.17   56.40   58.50   56.40   98.65  100.00  100.00   69.53   75.08   75.34   75.34   75.34   75.16   75.23   75.34   75.71   76.90   76.39   76.48   75.36   74.51   73.97   73.60   73.60   75.27   76.52   76.45   77.22   73.90   75.76   76.91   75.61   75.35
    11: A0A3Q0FT01   50.97   57.66   60.93   57.21   57.21   56.45   58.54   56.45   96.22  100.00  100.00   67.97   75.08   73.35   73.78   74.40   75.16   75.23   75.34   75.71   76.90   76.39   76.48   75.36   74.51   73.97   73.60   72.14   75.27   76.52   76.45   77.22   73.90   75.76   76.91   75.61   75.35
    12: A0A3M0JL00   49.48   57.22   57.14   57.25   57.25   56.01   56.01   56.01   67.80   69.53   67.97  100.00   75.79   73.37   74.28   75.00   75.73   75.96   76.63   85.74   88.05   88.26   86.84   86.85   83.58   85.77   85.66   82.97   84.92   85.88   85.80   85.71   86.97   85.17   86.02   84.79   84.23
    13: A0A8V0XA28   53.87   59.71   62.72   58.91   58.91   57.95   59.87   57.95   74.32   75.08   75.08   75.79  100.00   99.85   99.85   99.85   98.91   95.48   95.02   81.04   82.16   81.72   80.58   80.04   79.61   77.61   78.55   78.70   79.93   80.47   81.51   81.52   79.48   80.71   82.56   80.63   80.60
    14: A0A8V0XD68   52.32   60.00   62.98   59.19   59.19   58.23   60.17   58.23   72.58   75.34   73.35   73.37   99.85  100.00   98.68   99.55   99.07   95.63   95.17   81.36   82.48   82.05   80.90   80.22   79.93   77.88   78.82   76.49   80.47   80.79   81.83   81.85   79.76   81.04   82.89   80.94   80.92
    15: A0A8V0XD61   52.64   60.00   62.98   59.19   59.19   58.23   60.17   58.23   73.05   75.34   73.78   74.28   99.85   98.68  100.00   99.70   99.07   95.63   95.17   81.36   82.48   82.05   80.90   80.22   79.93   77.88   78.82   77.32   80.47   80.79   81.83   81.85   79.76   81.04   82.89   80.94   80.92
    16: A0A8V0X3K2   53.35   60.00   62.98   59.19   59.19   58.23   60.17   58.23   73.66   75.34   74.40   75.00   99.85   99.55   99.70  100.00   99.07   95.63   95.17   81.36   82.48   82.05   80.90   80.22   79.93   77.88   78.82   77.98   80.47   80.79   81.83   81.85   79.76   81.04   82.89   80.94   80.92
    17: A0A8V0X6Z8   54.47   60.50   62.82   59.65   59.65   58.65   60.69   58.65   74.38   75.16   75.16   75.73   98.91   99.07   99.07   99.07  100.00   94.86   94.23   81.54   82.65   82.23   81.08   80.40   80.11   78.10   78.75   79.06   80.65   80.97   82.01   82.03   79.87   81.22   83.07   81.12   81.10
    18: A0A669QDN1   53.33   59.63   62.50   59.00   59.00   57.95   60.03   57.95   74.47   75.23   75.23   75.96   95.48   95.63   95.63   95.63   94.86  100.00   96.23   81.54   82.12   81.51   81.26   80.40   79.75   78.22   79.00   78.85   80.11   80.61   81.83   81.67   79.18   80.86   83.07   80.59   80.92
    19: A0A8C2T4C7   53.73   59.63   62.44   58.62   58.62   57.58   59.63   57.58   74.74   75.34   75.34   76.63   95.02   95.17   95.17   95.17   94.23   96.23  100.00   82.26   83.72   82.94   82.52   81.49   80.82   79.11   79.88   79.73   81.36   82.05   82.89   82.76   80.37   81.93   84.14   81.99   81.63
    20: A0A7L1QDN6   55.96   58.99   63.02   62.45   62.45   62.12   61.83   62.12   75.71   75.71   75.71   85.74   81.04   81.36   81.36   81.36   81.54   81.54   82.26  100.00   92.70   92.28   91.89   91.58   90.13   88.77   88.93   88.75   90.11   89.74   89.98   90.06   89.98   89.40   91.20   90.18   89.75
    21: A0A7L2LKG9   55.61   59.36   63.30   62.05   62.05   61.17   60.87   61.17   76.90   76.90   76.90   88.05   82.16   82.48   82.48   82.48   82.65   82.12   83.72   92.70  100.00   93.58   92.31   92.38   89.71   88.91   89.59   89.07   91.65   92.74   91.17   91.09   90.97   92.42   92.13   91.89   90.73
    22: A0A7L2P490   55.70   58.91   62.66   61.71   61.71   61.15   61.03   61.15   76.39   76.39   76.39   88.26   81.72   82.05   82.05   82.05   82.23   81.51   82.94   92.28   93.58  100.00   93.92   93.24   90.29   89.47   89.45   88.73   91.58   91.94   90.88   91.16   91.23   90.11   90.79   90.34   90.13
    23: A0A850YMW1   55.80   59.51   63.38   61.45   61.45   60.90   60.59   60.90   76.48   76.48   76.48   86.84   80.58   80.90   80.90   80.90   81.08   81.26   82.52   91.89   92.31   93.92  100.00   93.21   90.07   89.98   89.41   88.87   90.44   90.81   91.20   90.39   89.77   89.89   90.94   90.48   90.99
    24: A0A7L3Q7Y6   55.49   58.00   61.27   61.14   61.14   60.66   60.66   60.66   75.36   75.36   75.36   86.85   80.04   80.22   80.22   80.22   80.40   80.40   81.49   91.58   92.38   93.24   93.21  100.00   89.49   88.42   88.77   88.59   91.16   91.26   90.18   89.95   89.84   89.13   89.72   90.76   90.51
    25: A0A851KR32   54.14   59.22   61.65   60.73   60.73   59.82   59.82   59.82   74.51   74.51   74.51   83.58   79.61   79.93   79.93   79.93   80.11   79.75   80.82   90.13   89.71   90.29   90.07   89.49  100.00   92.43   93.10   92.21   93.35   91.73   91.55   91.32   90.05   90.55   92.55   93.58   93.33
    26: A0A218UCQ4   50.23   57.14   60.19   56.08   56.08   55.02   57.02   55.02   73.81   73.97   73.97   85.77   77.61   77.88   77.88   77.88   78.10   78.22   79.11   88.77   88.91   89.47   89.98   88.42   92.43  100.00   96.94   95.57   90.53   89.44   90.88   90.61   90.15   89.11   90.96   92.20   91.04
    27: H0ZTB1       51.00   57.95   60.86   56.94   56.94   55.88   57.93   55.88   73.45   73.60   73.60   85.66   78.55   78.82   78.82   78.82   78.75   79.00   79.88   88.93   89.59   89.45   89.41   88.77   93.10   96.94  100.00   96.69   90.88   89.80   90.86   90.42   90.76   89.48   90.94   92.16   91.55
    28: A0A3L8SL58   49.70   57.59   60.54   56.52   56.52   55.47   57.48   55.47   71.85   73.60   72.14   82.97   78.70   76.49   77.32   77.98   79.06   78.85   79.73   88.75   89.07   88.73   88.87   88.59   92.21   95.57   96.69  100.00   90.16   89.45   90.16   90.42   90.61   89.66   90.76   91.46   91.20
    29: A0A852BFN2   55.58   59.48   62.66   61.92   61.92   60.47   60.47   60.47   75.27   75.27   75.27   84.92   79.93   80.47   80.47   80.47   80.65   80.11   81.36   90.11   91.65   91.58   90.44   91.16   93.35   90.53   90.88   90.16  100.00   93.20   91.32   90.73   91.59   92.09   93.22   94.06   93.49
    30: A0A852HZ79   56.67   59.08   62.84   62.11   62.11   60.65   60.65   60.65   76.52   76.52   76.52   85.88   80.47   80.79   80.79   80.79   80.97   80.61   82.05   89.74   92.74   91.94   90.81   91.26   91.73   89.44   89.80   89.45   93.20  100.00   92.41   92.91   91.77   93.71   94.14   91.91   91.86
    31: A0A7K5IDN0   54.71   57.74   61.90   61.72   61.72   60.95   60.65   60.95   76.45   76.45   76.45   85.80   81.51   81.83   81.83   81.83   82.01   81.83   82.89   89.98   91.17   90.88   91.20   90.18   91.55   90.88   90.86   90.16   91.32   92.41  100.00   92.79   90.30   92.27   92.70   92.62   92.90
    32: A0A7L2D2X9   55.27   59.56   62.86   61.36   61.36   60.58   60.58   60.58   77.22   77.22   77.22   85.71   81.52   81.85   81.85   81.85   82.03   81.67   82.76   90.06   91.09   91.16   90.39   89.95   91.32   90.61   90.42   90.42   90.73   92.91   92.79  100.00   91.47   92.22   93.59   91.32   91.22
    33: A0A8C0U3Y8   52.10   58.20   60.93   57.77   57.77   56.68   58.82   56.68   73.75   73.90   73.90   86.97   79.48   79.76   79.76   79.76   79.87   79.18   80.37   89.98   90.97   91.23   89.77   89.84   90.05   90.15   90.76   90.61   91.59   91.77   90.30   91.47  100.00   90.52   92.34   90.21   90.49
    34: A0A7L1UBU8   55.98   59.49   63.00   62.09   62.09   60.97   60.97   60.97   75.76   75.76   75.76   85.17   80.71   81.04   81.04   81.04   81.22   80.86   81.93   89.40   92.42   90.11   89.89   89.13   90.55   89.11   89.48   89.66   92.09   93.71   92.27   92.22   90.52  100.00   97.09   92.87   91.35
    35: A0A7L1M465   56.40   60.48   64.40   62.37   62.37   62.37   62.09   62.37   76.91   76.91   76.91   86.02   82.56   82.89   82.89   82.89   83.07   83.07   84.14   91.20   92.13   90.79   90.94   89.72   92.55   90.96   90.94   90.76   93.22   94.14   92.70   93.59   92.34   97.09  100.00   92.72   91.56
    36: A0A7L0YUA9   55.04   59.29   63.14   61.36   61.36   60.28   59.96   60.28   75.61   75.61   75.61   84.79   80.63   80.94   80.94   80.94   81.12   80.59   81.99   90.18   91.89   90.34   90.48   90.76   93.58   92.20   92.16   91.46   94.06   91.91   92.62   91.32   90.21   92.87   92.72  100.00   94.54
    37: A0A7K5MNH9   55.81   59.60   63.64   61.48   61.48   60.39   60.07   60.39   75.35   75.35   75.35   84.23   80.60   80.92   80.92   80.92   81.10   80.92   81.63   89.75   90.73   90.13   90.99   90.51   93.33   91.04   91.55   91.20   93.49   91.86   92.90   91.22   90.49   91.35   91.56   94.54  100.00
