#
#
#  Percent Identity  Matrix - created by Clustal2.1 
#
#

     1: G3B6C8      100.00   53.35   50.97   50.09   52.12   53.97   53.97   54.17   50.70   52.54   52.19   52.19   52.11   54.12   53.23   53.25   51.94   55.54   55.49   54.48   55.01   54.45   53.74   54.27   54.27   56.38   54.90   54.90   54.55   57.41   55.34   55.52   55.17   54.82
     2: A3GGM0       53.35  100.00   50.34   50.59   55.63   57.27   57.27   58.89   54.31   53.61   54.64   54.64   54.04   55.54   55.17   56.75   53.02   54.84   56.12   57.17   56.82   54.48   54.39   54.91   54.74   57.64   53.55   53.55   53.73   57.46   58.06   58.58   56.32   56.49
     3: G8YF96       50.97   50.34  100.00   87.04   52.69   53.81   53.81   54.36   53.11   52.41   53.28   53.28   52.68   56.72   56.43   55.00   52.80   52.57   53.30   55.20   56.48   53.05   52.61   52.79   52.61   57.82   54.56   54.56   54.22   56.67   55.06   55.23   55.38   55.56
     4: G8YCU5       50.09   50.59   87.04  100.00   52.93   53.70   53.70   54.42   53.01   52.49   53.69   53.69   53.26   55.92   56.14   54.83   52.80   52.47   52.17   54.59   55.03   53.75   53.14   53.48   53.31   57.64   54.56   54.56   54.22   57.04   55.40   55.57   55.67   55.67
     5: A0A8H7ZBU7   52.12   55.63   52.69   52.93  100.00   79.59   79.59   80.34   63.46   65.25   65.08   65.08   63.84   55.98   56.92   58.03   55.00   55.42   55.53   54.37   55.15   57.14   56.69   57.04   56.87   61.36   56.94   56.94   56.77   60.18   57.90   57.90   60.39   60.21
     6: G8BHZ8       53.97   57.27   53.81   53.70   79.59  100.00  100.00   82.94   62.09   63.56   64.75   64.75   63.16   56.92   57.34   57.24   53.01   53.95   55.99   54.20   55.67   56.87   56.24   56.59   56.41   61.68   57.02   57.02   57.02   60.99   57.22   57.22   59.58   59.23
     7: A0A8X7TAP6   53.97   57.27   53.81   53.70   79.59  100.00  100.00   82.94   62.09   63.56   64.75   64.75   63.16   56.92   57.34   57.24   53.01   53.95   55.99   54.20   55.67   56.87   56.24   56.59   56.41   61.68   57.02   57.02   57.02   60.99   57.22   57.22   59.58   59.23
     8: H8X6P7       54.17   58.89   54.36   54.42   80.34   82.94   82.94  100.00   62.59   65.76   66.95   66.95   65.53   57.32   58.61   57.99   52.86   55.54   54.87   55.34   56.65   57.35   56.71   57.24   57.07   61.13   56.62   56.62   56.62   60.51   58.28   58.10   58.66   58.83
     9: A0A367XZ96   50.70   54.31   53.11   53.01   63.46   62.09   62.09   62.59  100.00   66.84   67.01   67.01   66.10   56.65   57.07   56.38   53.61   53.69   54.89   55.33   55.15   56.29   56.20   56.37   56.20   58.39   54.66   54.66   54.31   58.12   56.80   56.80   58.74   58.39
    10: B9WFN3       52.54   53.61   52.41   52.49   65.25   63.56   63.56   65.76   66.84  100.00   91.62   91.62   89.43   56.70   59.52   56.78   54.19   56.31   55.78   58.53   59.15   58.49   58.39   58.57   58.39   60.18   55.42   55.42   55.59   61.16   60.48   60.48   61.43   61.26
    11: A0A1D8PLD9   52.19   54.64   53.28   53.69   65.08   64.75   64.75   66.95   67.01   91.62  100.00  100.00   96.98   56.36   58.49   57.63   55.04   56.83   56.34   57.68   58.46   58.32   58.39   58.57   58.39   60.36   56.63   56.63   56.80   61.52   60.82   60.82   61.61   61.43
    12: A0A8H6C1Z2   52.19   54.64   53.28   53.69   65.08   64.75   64.75   66.95   67.01   91.62  100.00  100.00   96.98   56.36   58.49   57.63   55.04   56.83   56.34   57.68   58.46   58.32   58.39   58.57   58.39   60.36   56.63   56.63   56.80   61.52   60.82   60.82   61.61   61.43
    13: C4YHR3       52.11   54.04   52.68   53.26   63.84   63.16   63.16   65.53   66.10   89.43   96.98   96.98  100.00   55.42   57.90   56.53   54.97   56.75   56.45   56.75   57.36   58.25   58.32   58.49   58.32   60.47   56.21   56.21   56.38   60.36   60.24   60.24   61.36   61.19
    14: A0A0V1Q5J1   54.12   55.54   56.72   55.92   55.98   56.92   56.92   57.32   56.65   56.70   56.36   56.36   55.42  100.00   86.25   57.49   56.01   58.45   56.95   58.45   59.24   61.16   60.11   60.81   60.63   61.90   57.96   57.96   57.96   61.76   60.00   60.17   60.80   60.45
    15: Q6BHI4       53.23   55.17   56.43   56.14   56.92   57.34   57.34   58.61   57.07   59.52   58.49   58.49   57.90   86.25  100.00   59.97   56.24   58.66   58.46   58.66   58.42   62.17   61.47   62.17   62.00   62.34   58.45   58.45   58.45   61.40   61.17   61.34   61.35   61.35
    16: A0A1E4RH92   53.25   56.75   55.00   54.83   58.03   57.24   57.24   57.99   56.38   56.78   57.63   57.63   56.53   57.49   59.97  100.00   57.95   58.93   57.30   56.38   57.17   60.67   60.39   60.56   60.39   62.89   61.28   61.28   61.11   62.13   61.49   60.97   63.24   63.07
    17: A0A4P6XRT7   51.94   53.02   52.80   52.80   55.00   53.01   53.01   52.86   53.61   54.19   55.04   55.04   54.97   56.01   56.24   57.95  100.00   70.69   71.67   57.07   57.00   57.47   57.37   57.71   57.54   61.27   57.22   57.22   57.22   57.01   61.20   60.85   60.95   60.44
    18: A0A512U715   55.54   54.84   52.57   52.47   55.42   53.95   53.95   55.54   53.69   56.31   56.83   56.83   56.75   58.45   58.66   58.93   70.69  100.00   71.85   57.26   57.36   58.89   58.26   58.96   58.78   62.16   57.93   57.93   57.76   59.96   66.21   66.04   64.51   64.16
    19: A0A1A0HE36   55.49   56.12   53.30   52.17   55.53   55.99   55.99   54.87   54.89   55.78   56.34   56.34   56.45   56.95   58.46   57.30   71.67   71.85  100.00   58.46   59.51   59.32   58.76   59.32   59.13   60.83   57.25   57.25   57.63   58.13   64.42   64.23   64.65   64.46
    20: A5DGK5       54.48   57.17   55.20   54.59   54.37   54.20   54.20   55.34   55.33   58.53   57.68   57.68   56.75   58.45   58.66   56.38   57.07   57.26   58.46  100.00   90.15   57.96   56.82   57.51   57.51   60.14   54.95   54.95   54.78   62.96   61.89   61.72   61.39   61.22
    21: A0A421J9U8   55.01   56.82   56.48   55.03   55.15   55.67   55.67   56.65   55.15   59.15   58.46   58.46   57.36   59.24   58.42   57.17   57.00   57.36   59.51   90.15  100.00   58.48   57.17   57.86   57.86   60.51   56.31   56.31   56.14   63.99   61.82   61.66   62.26   62.09
    22: A0A890D4F9   54.45   54.48   53.05   53.75   57.14   56.87   56.87   57.35   56.29   58.49   58.32   58.32   58.25   61.16   62.17   60.67   57.47   58.89   59.32   57.96   58.48  100.00   97.07   98.45   98.45   76.32   70.74   70.74   69.88   63.20   63.97   63.79   64.50   64.50
    23: A0A0L0NSK5   53.74   54.39   52.61   53.14   56.69   56.24   56.24   56.71   56.20   58.39   58.39   58.39   58.32   60.11   61.47   60.39   57.37   58.26   58.76   56.82   57.17   97.07  100.00   98.63   98.28   74.91   69.93   69.93   70.10   62.27   63.34   63.17   63.86   63.86
    24: A0A2H1A1U6   54.27   54.91   52.79   53.48   57.04   56.59   56.59   57.24   56.37   58.57   58.57   58.57   58.49   60.81   62.17   60.56   57.71   58.96   59.32   57.51   57.86   98.45   98.63  100.00   99.66   76.00   70.62   70.62   69.76   63.01   63.51   63.34   64.21   64.21
    25: A0A510P326   54.27   54.74   52.61   53.31   56.87   56.41   56.41   57.07   56.20   58.39   58.39   58.39   58.32   60.63   62.00   60.39   57.54   58.78   59.13   57.51   57.86   98.45   98.28   99.66  100.00   75.82   70.45   70.45   69.59   62.83   63.34   63.17   64.04   64.04
    26: A0A8H4D731   56.38   57.64   57.82   57.64   61.36   61.68   61.68   61.13   58.39   60.18   60.36   60.36   60.47   61.90   62.34   62.89   61.27   62.16   60.83   60.14   60.51   76.32   74.91   76.00   75.82  100.00   76.62   76.62   76.08   62.73   66.37   66.19   65.45   65.63
    27: A0A8F2RL32   54.90   53.55   54.56   54.56   56.94   57.02   57.02   56.62   54.66   55.42   56.63   56.63   56.21   57.96   58.45   61.28   57.22   57.93   57.25   54.95   56.31   70.74   69.93   70.62   70.45   76.62  100.00  100.00   96.62   61.65   62.77   62.94   61.49   61.66
    28: A0A2V1AD87   54.90   53.55   54.56   54.56   56.94   57.02   57.02   56.62   54.66   55.42   56.63   56.63   56.21   57.96   58.45   61.28   57.22   57.93   57.25   54.95   56.31   70.74   69.93   70.62   70.45   76.62  100.00  100.00   96.62   61.65   62.77   62.94   61.49   61.66
    29: A0A2P7YS14   54.55   53.73   54.22   54.22   56.77   57.02   57.02   56.62   54.31   55.59   56.80   56.80   56.38   57.96   58.45   61.11   57.22   57.76   57.63   54.78   56.14   69.88   70.10   69.76   69.59   76.08   96.62   96.62  100.00   62.02   63.28   63.45   62.00   62.18
    30: A0A1E4SLV1   57.41   57.46   56.67   57.04   60.18   60.99   60.99   60.51   58.12   61.16   61.52   61.52   60.36   61.76   61.40   62.13   57.01   59.96   58.13   62.96   63.99   63.20   62.27   63.01   62.83   62.73   61.65   61.65   62.02  100.00   63.47   63.47   66.11   66.11
    31: A0A1L0C027   55.34   58.06   55.06   55.40   57.90   57.22   57.22   58.28   56.80   60.48   60.82   60.82   60.24   60.00   61.17   61.49   61.20   66.21   64.42   61.89   61.82   63.97   63.34   63.51   63.34   66.37   62.77   62.77   63.28   63.47  100.00   98.67   70.29   70.12
    32: A0A1L0DYY1   55.52   58.58   55.23   55.57   57.90   57.22   57.22   58.10   56.80   60.48   60.82   60.82   60.24   60.17   61.34   60.97   60.85   66.04   64.23   61.72   61.66   63.79   63.17   63.34   63.17   66.19   62.94   62.94   63.45   63.47   98.67  100.00   70.12   69.95
    33: A0A5Q0HV25   55.17   56.32   55.38   55.67   60.39   59.58   59.58   58.66   58.74   61.43   61.61   61.61   61.36   60.80   61.35   63.24   60.95   64.51   64.65   61.39   62.26   64.50   63.86   64.21   64.04   65.45   61.49   61.49   62.00   66.11   70.29   70.12  100.00   96.92
    34: C4YA72       54.82   56.49   55.56   55.67   60.21   59.23   59.23   58.83   58.39   61.26   61.43   61.43   61.19   60.45   61.35   63.07   60.44   64.16   64.46   61.22   62.09   64.50   63.86   64.21   64.04   65.63   61.66   61.66   62.18   66.11   70.12   69.95   96.92  100.00
