#
#
#  Percent Identity  Matrix - created by Clustal2.1 
#
#

     1: A0A8R7QDX3  100.00  100.00   92.46   95.20   95.30   70.59   72.01   73.88   74.25   57.99   57.41   57.20   61.42   59.93   57.68   57.79   58.49   58.49   58.49   58.49   58.49   58.05   58.43   58.43   58.43   58.43   60.97   61.05
     2: A0A8R7QGW4  100.00  100.00   92.52   95.24   95.34   70.00   71.48   73.33   73.70   57.56   56.99   56.78   60.97   59.48   57.25   57.36   58.05   58.05   58.05   58.05   58.05   57.62   57.99   57.99   57.99   57.99   60.52   60.59
     3: A0A3B6MUC6   92.46   92.52  100.00   96.48   95.91   68.14   67.58   71.09   70.31   59.22   58.20   58.20   60.94   58.20   55.47   55.56   56.30   56.30   56.30   56.30   56.30   55.86   56.25   56.25   56.25   56.25   59.77   58.98
     4: A0A453L7N2   95.20   95.24   96.48  100.00  100.00   68.44   68.61   70.44   70.80   57.88   56.32   56.12   60.58   57.66   55.47   55.56   56.25   56.25   56.25   56.25   56.25   55.84   56.20   56.20   56.20   56.20   59.42   58.76
     5: A0A453L7N4   95.30   95.34   95.91  100.00  100.00   68.91   68.91   69.75   69.75   59.32   57.92   57.68   60.08   57.56   55.88   55.56   56.36   56.36   56.36   56.36   56.36   55.88   56.30   56.30   56.30   56.30   59.17   59.24
     6: A0A8T0X206   70.59   70.00   68.14   68.44   68.91  100.00   88.26   89.39   91.84   56.85   57.14   57.14   57.02   56.61   55.79   55.46   55.83   55.83   56.25   56.25   56.25   55.79   56.20   56.20   56.20   55.79   58.20   59.50
     7: A0A8T0XLH7   72.01   71.48   67.58   68.61   68.91   88.26  100.00   90.91   92.36   54.98   56.00   56.00   54.41   56.25   54.78   55.22   55.56   55.56   55.93   55.93   55.93   55.51   55.88   55.88   55.88   55.88   56.57   56.62
     8: A0A2T7F786   73.88   73.33   71.09   70.44   69.75   89.39   90.91  100.00   93.45   58.67   59.27   59.27   57.35   58.46   56.62   56.72   57.04   57.04   57.41   57.41   57.41   56.99   57.35   57.35   57.35   56.99   60.95   59.93
     9: A0A3L6RP26   74.25   73.70   70.31   70.80   69.75   91.84   92.36   93.45  100.00   57.93   58.18   58.18   58.46   59.56   58.09   58.21   58.52   58.52   58.89   58.89   58.89   58.46   58.82   58.82   58.82   58.46   59.49   59.56
    10: A0A811QT47   57.99   57.56   59.22   57.88   59.32   56.85   54.98   58.67   57.93  100.00   86.52   86.52   66.42   64.21   64.21   63.67   64.31   63.94   63.94   63.94   63.94   63.84   64.21   64.21   64.21   64.21   66.55   65.44
    11: C5YFV4       57.41   56.99   58.20   56.32   57.92   57.14   56.00   59.27   58.18   86.52  100.00  100.00   65.45   63.27   61.45   61.25   61.17   61.17   61.54   61.54   61.54   61.45   61.82   61.82   61.82   62.18   65.95   62.68
    12: A0A921UBL5   57.20   56.78   58.20   56.12   57.68   57.14   56.00   59.27   58.18   86.52  100.00  100.00   65.22   63.04   61.23   61.03   60.95   60.95   61.31   61.31   61.31   61.23   61.59   61.59   61.59   61.96   65.71   62.45
    13: A0A0D9W4N4   61.42   60.97   60.94   60.58   60.08   57.02   54.41   57.35   58.46   66.42   65.45   65.22  100.00   78.34   76.53   76.19   76.73   77.09   76.73   76.73   76.73   76.53   76.90   76.90   76.90   76.53   67.15   67.51
    14: A0A0E0KQB0   59.93   59.48   58.20   57.66   57.56   56.61   56.25   58.46   59.56   64.21   63.27   63.04   78.34  100.00   90.97   90.84   92.00   92.36   91.27   91.27   91.27   90.97   91.34   91.34   91.34   90.97   63.18   62.45
    15: A0A0E0DDV9   57.68   57.25   55.47   55.47   55.88   55.79   54.78   56.62   58.09   64.21   61.45   61.23   76.53   90.97  100.00   95.97   97.09   97.45   96.36   96.36   96.36   96.03   96.39   96.39   96.39   96.03   62.09   61.73
    16: A0A0D3FVM3   57.79   57.36   55.56   55.56   55.56   55.46   55.22   56.72   58.21   63.67   61.25   61.03   76.19   90.84   95.97  100.00   98.17   98.53   99.64   99.64   99.64  100.00   99.64   99.64   99.64   99.27   61.54   62.04
    17: A2XT75       58.49   58.05   56.30   56.25   56.36   55.83   55.56   57.04   58.52   64.31   61.17   60.95   76.73   92.00   97.09   98.17  100.00   99.64   98.55   98.55   98.55   98.18   98.55   98.55   98.55   98.18   62.91   62.18
    18: A0A0E0H0H2   58.49   58.05   56.30   56.25   56.36   55.83   55.56   57.04   58.52   63.94   61.17   60.95   77.09   92.36   97.45   98.53   99.64  100.00   98.91   98.91   98.91   98.55   98.91   98.91   98.91   98.55   62.91   62.18
    19: Q7XVG9       58.49   58.05   56.30   56.25   56.36   56.25   55.93   57.41   58.89   63.94   61.54   61.31   76.73   91.27   96.36   99.64   98.55   98.91  100.00  100.00  100.00   99.64  100.00  100.00  100.00   99.64   62.18   62.68
    20: Q01IT4       58.49   58.05   56.30   56.25   56.36   56.25   55.93   57.41   58.89   63.94   61.54   61.31   76.73   91.27   96.36   99.64   98.55   98.91  100.00  100.00  100.00   99.64  100.00  100.00  100.00   99.64   62.18   62.68
    21: A0A0E0P8W6   58.49   58.05   56.30   56.25   56.36   56.25   55.93   57.41   58.89   63.94   61.54   61.31   76.73   91.27   96.36   99.64   98.55   98.91  100.00  100.00  100.00   99.64  100.00  100.00  100.00   99.64   62.18   62.68
    22: I1PL21       58.05   57.62   55.86   55.84   55.88   55.79   55.51   56.99   58.46   63.84   61.45   61.23   76.53   90.97   96.03  100.00   98.18   98.55   99.64   99.64   99.64  100.00   99.64   99.64   99.64   99.28   61.73   62.59
    23: A0A8J8YC30   58.43   57.99   56.25   56.20   56.30   56.20   55.88   57.35   58.82   64.21   61.82   61.59   76.90   91.34   96.39   99.64   98.55   98.91  100.00  100.00  100.00   99.64  100.00  100.00  100.00   99.64   62.09   62.95
    24: B7E3S3       58.43   57.99   56.25   56.20   56.30   56.20   55.88   57.35   58.82   64.21   61.82   61.59   76.90   91.34   96.39   99.64   98.55   98.91  100.00  100.00  100.00   99.64  100.00  100.00  100.00   99.64   62.09   62.95
    25: B8ARK6       58.43   57.99   56.25   56.20   56.30   56.20   55.88   57.35   58.82   64.21   61.82   61.59   76.90   91.34   96.39   99.64   98.55   98.91  100.00  100.00  100.00   99.64  100.00  100.00  100.00   99.64   62.09   62.95
    26: A0A0D9ZKH5   58.43   57.99   56.25   56.20   56.30   55.79   55.88   56.99   58.46   64.21   62.18   61.96   76.53   90.97   96.03   99.27   98.18   98.55   99.64   99.64   99.64   99.28   99.64   99.64   99.64  100.00   62.09   62.59
    27: F2EKJ6       60.97   60.52   59.77   59.42   59.17   58.20   56.57   60.95   59.49   66.55   65.95   65.71   67.15   63.18   62.09   61.54   62.91   62.91   62.18   62.18   62.18   61.73   62.09   62.09   62.09   62.09  100.00   77.34
    28: I1IXH8       61.05   60.59   58.98   58.76   59.24   59.50   56.62   59.93   59.56   65.44   62.68   62.45   67.51   62.45   61.73   62.04   62.18   62.18   62.68   62.68   62.68   62.59   62.95   62.95   62.95   62.59   77.34  100.00
