#
#
#  Percent Identity  Matrix - created by Clustal2.1 
#
#

     1: A0A5C7JBW0  100.00   64.00   62.67   48.08   47.43   47.17   49.73   49.73   50.83   49.45   48.47   51.34
     2: A0A5C7JAP0   64.00  100.00   81.12   52.23   50.83   50.83   54.20   51.37   55.99   54.47   52.78   52.80
     3: A0A956WFD8   62.67   81.12  100.00   47.91   49.31   49.31   53.78   50.96   53.33   52.65   51.80   52.80
     4: A0A7V8X656   48.08   52.23   47.91  100.00   53.72   56.20   58.65   61.31   64.07   52.09   54.29   56.23
     5: A0A7V9VUT6   47.43   50.83   49.31   53.72  100.00   78.49   55.14   63.96   59.72   52.09   52.41   51.94
     6: A0A838GGM3   47.17   50.83   49.31   56.20   78.49  100.00   55.41   63.41   60.00   49.30   50.71   52.78
     7: A0A7W0SCJ9   49.73   54.20   53.78   58.65   55.14   55.41  100.00   60.96   63.19   53.39   53.33   56.18
     8: A0A7V8VVU8   49.73   51.37   50.96   61.31   63.96   63.41   60.96  100.00   65.11   50.97   54.65   59.18
     9: A0A7V8WTW8   50.83   55.99   53.33   64.07   59.72   60.00   63.19   65.11  100.00   54.55   57.34   58.06
    10: A0A7V9KHT5   49.45   54.47   52.65   52.09   52.09   49.30   53.39   50.97   54.55  100.00   53.39   57.07
    11: A0A7V9VD25   48.47   52.78   51.80   54.29   52.41   50.71   53.33   54.65   57.34   53.39  100.00   58.68
    12: A0A6J4UME6   51.34   52.80   52.80   56.23   51.94   52.78   56.18   59.18   58.06   57.07   58.68  100.00
