#
#
#  Percent Identity  Matrix - created by Clustal2.1 
#
#

     1: F0X6L3_86.9_93.6_86.1_23.8_82.4_22.4      100.00   54.41   57.98   58.44   58.44   64.00   56.14   56.83   60.22   62.99   55.14   54.46   52.39
     2: A0A0B7KPP0_87.8_95.8_94.1_34.7_86.9_22.8   54.41  100.00   67.48   58.41   58.14   58.91   56.69   56.14   58.73   64.34   56.18   53.43   52.39
     3: A0A507BQ74_90.1_96.7_94.8_40.8_89.0_25.2   57.98   67.48  100.00   61.21   59.33   58.58   57.93   56.13   58.93   64.27   58.60   56.15   54.49
     4: A0A1J7J0P7_86.1_92.8_93.9_53.3_88.4_25.6   58.44   58.41   61.21  100.00   82.55   67.09   63.36   60.97   63.11   66.80   59.28   56.65   54.73
     5: A0A420Y613_87.3_95.3_94.7_54.8_87.7_26.9   58.44   58.14   59.33   82.55  100.00   66.55   63.12   63.07   63.94   68.26   58.33   58.62   57.72
     6: A0A0L0N2R9_87.1_96.1_91.8_31.6_86.0_24.7   64.00   58.91   58.58   67.09   66.55  100.00   63.54   63.49   65.96   69.73   60.53   57.88   56.75
     7: A0A1Y2VQ33_90.4_96.0_94.3_30.5_87.9_23.6   56.14   56.69   57.93   63.36   63.12   63.54  100.00   72.74   75.74   78.64   60.71   57.58   56.97
     8: A0A1Y2XCU7_88.1_95.2_93.9_36.8_87.6_24.5   56.83   56.14   56.13   60.97   63.07   63.49   72.74  100.00   76.87   80.37   59.93   58.27   58.33
     9: A0A1Y2TKJ9_90.4_96.5_94.2_35.1_87.5_25.0   60.22   58.73   58.93   63.11   63.94   65.96   75.74   76.87  100.00   94.48   60.26   59.31   58.48
    10: A0A1Y2UBP2_-1_-1_-1_-1_93.6_34.7           62.99   64.34   64.27   66.80   68.26   69.73   78.64   80.37   94.48  100.00   61.35   63.09   59.52
    11: A0A232LMS1_87.3_96.0_93.6_30.3_91.4_24.7   55.14   56.18   58.60   59.28   58.33   60.53   60.71   59.93   60.26   61.35  100.00   63.96   62.65
    12: A0A6A6WUG9_85.0_95.1_93.0_49.7_87.8_22.8   54.46   53.43   56.15   56.65   58.62   57.88   57.58   58.27   59.31   63.09   63.96  100.00   84.34
    13: A0A6A6Q9I2_-1_-1_-1_-1_85.5_27.9           52.39   52.39   54.49   54.73   57.72   56.75   56.97   58.33   58.48   59.52   62.65   84.34  100.00
