#
#
#  Percent Identity  Matrix - created by Clustal2.1 
#
#

     1: A0A0N5AUA4_-1___-1___-1___-1___78.6_26.9  100.00   59.50   52.05   52.52   53.88   50.48   50.82   50.41   49.93   50.48   49.79   45.95
     2: A0A0N4VH87_90.4_88.9_82.3_23.2_81.7_23.2   59.50  100.00   56.09   57.99   58.99   53.12   52.16   52.74   52.78   51.83   54.99   46.59
     3: A0A0M3JSP2_88.9_87.9_77.3_26.2_76.4_25.1   52.05   56.09  100.00   66.12   68.95   54.56   55.28   55.42   54.67   54.53   55.09   48.72
     4: A0A0M3HXB5_89.6_87.4_81.3_27.4_80.5_27.4   52.52   57.99   66.12  100.00   78.11   55.05   55.48   56.01   56.81   56.11   57.83   51.49
     5: A0A0B2UUV6_91.6_88.9_80.8_22.9_80.0_22.9   53.88   58.99   68.95   78.11  100.00   55.66   56.22   57.01   56.62   56.72   57.97   49.59
     6: A0A0N4ZK40_90.0_88.1_82.4_27.9_81.0_27.9   50.48   53.12   54.56   55.05   55.66  100.00   87.23   87.23   87.81   87.37   57.67   47.65
     7: A0A0K0F0T7_90.4_88.9_81.6_23.6_80.0_23.6   50.82   52.16   55.28   55.48   56.22   87.23  100.00   97.34   88.68   89.25   57.29   48.20
     8: A0A0N5BGB6_90.2_88.8_81.7_22.2_80.1_22.2   50.41   52.74   55.42   56.01   57.01   87.23   97.34  100.00   89.34   89.38   57.69   47.93
     9: A0A090KUG6_-1___-1___-1___-1___79.0_24.4   49.93   52.78   54.67   56.81   56.62   87.81   88.68   89.34  100.00   94.33   56.64   47.59
    10: A0A0K0ECY9_91.2_89.8_81.5_26.3_80.6_26.3   50.48   51.83   54.53   56.11   56.72   87.37   89.25   89.38   94.33  100.00   57.73   47.76
    11: A0A1I7YHR0_92.6_90.8_82.6_27.4_81.6_27.4   49.79   54.99   55.09   57.83   57.97   57.67   57.29   57.69   56.64   57.73  100.00   58.34
    12: A0A4U5MSH3_92.1_89.3_83.5_30.1_82.2_26.4   45.95   46.59   48.72   51.49   49.59   47.65   48.20   47.93   47.59   47.76   58.34  100.00
