#
#
#  Percent Identity  Matrix - created by Clustal2.1 
#
#

     1: A0A914DX70  100.00   47.53   45.83   49.93   52.41   52.39   52.04   52.04   51.18   51.91   50.22   56.83   60.58   49.43   49.31   50.83   51.52   56.18   51.52   56.18
     2: A0A0N5AUA4   47.53  100.00   45.39   49.70   50.00   49.93   50.27   50.00   49.45   50.14   59.85   49.13   51.13   52.34   53.91   52.54   53.22   56.88   53.22   56.88
     3: A0A4U5MSH3   45.83   45.39  100.00   48.20   58.06   47.51   47.73   47.59   47.59   47.77   46.87   48.47   52.79   48.65   49.80   51.71   52.25   54.71   52.25   54.71
     4: A0A914IQJ8   49.93   49.70   48.20  100.00   56.18   56.62   57.06   57.06   56.69   56.44   53.06   55.45   62.00   51.18   53.89   53.96   54.39   58.80   54.39   58.80
     5: A0A1I7YHR0   52.41   50.00   58.06   56.18  100.00   58.11   57.46   57.99   56.73   57.83   55.28   55.01   61.02   55.76   58.14   57.87   57.74   59.57   57.74   59.57
     6: A0A0N4ZK40   52.39   49.93   47.51   56.62   58.11  100.00   87.23   87.23   87.81   87.37   53.04   54.07   60.58   54.90   55.85   55.38   55.91   60.50   55.91   60.50
     7: A0A0K0F0T7   52.04   50.27   47.73   57.06   57.46   87.23  100.00   97.34   88.68   89.25   52.37   54.53   61.53   55.48   56.27   55.54   55.80   59.30   55.80   59.30
     8: A0A0N5BGB6   52.04   50.00   47.59   57.06   57.99   87.23   97.34  100.00   89.34   89.38   52.95   54.67   61.26   55.62   57.20   56.20   56.46   59.30   56.46   59.30
     9: A0A090KUG6   51.18   49.45   47.59   56.69   56.73   87.81   88.68   89.34  100.00   94.33   52.47   53.98   59.08   54.87   56.50   56.97   56.97   61.05   56.97   61.05
    10: A0A0K0ECY9   51.91   50.14   47.77   56.44   57.83   87.37   89.25   89.38   94.33  100.00   51.53   53.77   59.84   54.73   56.61   56.27   56.13   58.95   56.13   58.95
    11: A0A0N4VH87   50.22   59.85   46.87   53.06   55.28   53.04   52.37   52.95   52.47   51.53  100.00   52.71   57.53   56.69   59.57   58.26   58.55   58.63   58.55   58.63
    12: A0A914BVZ3   56.83   49.13   48.47   55.45   55.01   54.07   54.53   54.67   53.98   53.77   52.71  100.00   65.26   51.18   52.01   51.00   51.58   56.74   51.58   56.74
    13: A0A914CLE7   60.58   51.13   52.79   62.00   61.02   60.58   61.53   61.26   59.08   59.84   57.53   65.26  100.00   54.38   58.93   57.42   57.97   62.28   57.97   62.28
    14: A0A0M3JSP2   49.43   52.34   48.65   51.18   55.76   54.90   55.48   55.62   54.87   54.73   56.69   51.18   54.38  100.00   68.95   66.12   65.85   65.61   65.85   65.61
    15: A0A0B2UUV6   49.31   53.91   49.80   53.89   58.14   55.85   56.27   57.20   56.50   56.61   59.57   52.01   58.93   68.95  100.00   78.11   77.20   80.99   77.20   80.99
    16: A0A0M3HXB5   50.83   52.54   51.71   53.96   57.87   55.38   55.54   56.20   56.97   56.27   58.26   51.00   57.42   66.12   78.11  100.00   95.42   93.68   95.42   93.68
    17: A0A915ABA2   51.52   53.22   52.25   54.39   57.74   55.91   55.80   56.46   56.97   56.13   58.55   51.58   57.97   65.85   77.20   95.42  100.00  100.00  100.00  100.00
    18: A0A915AB98   56.18   56.88   54.71   58.80   59.57   60.50   59.30   59.30   61.05   58.95   58.63   56.74   62.28   65.61   80.99   93.68  100.00  100.00  100.00  100.00
    19: A0A915A910   51.52   53.22   52.25   54.39   57.74   55.91   55.80   56.46   56.97   56.13   58.55   51.58   57.97   65.85   77.20   95.42  100.00  100.00  100.00  100.00
    20: A0A915A789   56.18   56.88   54.71   58.80   59.57   60.50   59.30   59.30   61.05   58.95   58.63   56.74   62.28   65.61   80.99   93.68  100.00  100.00  100.00  100.00
