#
#
#  Percent Identity  Matrix - created by Clustal2.1 
#
#

     1: A0A6B0YR17  100.00  100.00   85.31   85.31   85.53   85.53   68.61   63.93   64.36
     2: A0A845DHE7  100.00  100.00   83.09   83.09   83.09   83.09   67.65   62.50   63.97
     3: A0A845D5U7   85.31   83.09  100.00  100.00   98.71   99.14   68.25   63.36   63.36
     4: A0A6B1G486   85.31   83.09  100.00  100.00   98.71   99.14   68.25   63.36   63.36
     5: A0A6B1DCK8   85.53   83.09   98.71   98.71  100.00   99.57   67.82   62.93   62.93
     6: A0A6N8WHJ1   85.53   83.09   99.14   99.14   99.57  100.00   68.03   63.15   63.15
     7: A0A3A0A8Z9   68.61   67.65   68.25   68.25   67.82   68.03  100.00   74.03   74.25
     8: A0A957TXK6   63.93   62.50   63.36   63.36   62.93   63.15   74.03  100.00   99.36
     9: A0A957X086   64.36   63.97   63.36   63.36   62.93   63.15   74.25   99.36  100.00
