#
#
#  Percent Identity  Matrix - created by Clustal2.1 
#
#

     1: A0A1Z5KVI6_84.0_82.1_80.8_35.2_77.8_29.1  100.00   81.76   56.35   56.99   58.22   57.94   58.22
     2: A0A293LA30_84.3_82.1_80.2_32.1_75.4_23.6   81.76  100.00   55.56   57.26   59.65   58.13   59.49
     3: A0A0E9Y2K7_81.8_82.4_78.8_26.8_75.1_23.4   56.35   55.56  100.00   67.60   68.56   67.84   68.72
     4: B7PPH4_71.4_76.9_73.9_23.6_74.7_23.6       56.99   57.26   67.60  100.00   95.08   94.40   95.08
     5: A0A131Y090_82.8_82.1_79.7_30.4_78.0_24.5   58.22   59.65   68.56   95.08  100.00   99.82   99.69
     6: V5H7F7_83.7_83.8_80.7_27.4_78.2_27.3       57.94   58.13   67.84   94.40   99.82  100.00  100.00
     7: V5HE06_83.4_83.4_79.4_25.3_77.9_25.3       58.22   59.49   68.72   95.08   99.69  100.00  100.00
