#
#
#  Percent Identity  Matrix - created by Clustal2.1 
#
#

     1: A0A4S2ESW8_92.8_94.1_96.0_76.6_94.9_48.7  100.00   98.80   98.80   98.97   98.62   98.97   98.97   98.97   57.22   56.40   53.81   54.82   54.82   53.65   55.02   54.33   59.34   58.58   58.23   60.70   61.01   60.83   54.42   53.29   59.17
     2: A0A496C7H3_89.1_93.9_95.8_54.8_92.4_32.2   98.80  100.00   99.18   99.34   99.01   99.18   99.18   99.34   56.86   55.96   51.99   52.85   54.51   52.69   53.48   52.48   58.21   57.71   57.21   58.83   59.43   59.14   53.26   53.15   58.28
     3: A0A1Y4IBS5_87.1_93.2_95.7_56.4_92.9_34.1   98.80   99.18  100.00   99.51   99.18   99.34   99.34   99.51   56.69   56.13   52.32   53.19   54.69   52.86   53.48   52.65   58.21   57.55   57.05   59.00   59.77   59.47   53.42   52.98   58.44
     4: A0A069SR21_91.9_94.2_96.2_81.3_93.5_34.2   98.97   99.34   99.51  100.00   99.34   99.51   99.51   99.67   56.86   56.13   52.32   53.19   54.69   52.86   53.64   52.65   58.21   57.55   57.05   59.00   59.60   59.30   53.42   53.15   58.44
     5: A0A496CPE4_89.4_93.6_95.7_58.3_92.8_28.3   98.62   99.01   99.18   99.34  100.00   99.51   99.51   99.67   56.86   56.13   52.15   53.19   54.69   52.69   53.48   52.65   58.21   57.55   57.05   58.83   59.43   59.14   53.42   53.31   58.44
     6: A0A173R0L3_89.9_93.4_95.7_53.8_92.8_34.6   98.97   99.18   99.34   99.51   99.51  100.00  100.00   99.84   56.86   56.13   52.32   53.19   54.69   52.86   53.48   52.65   58.21   57.71   57.21   58.83   59.43   59.14   53.26   53.15   58.44
     7: A0A223HKL5_93.0_94.2_96.3_78.3_93.3_34.6   98.97   99.18   99.34   99.51   99.51  100.00  100.00   99.84   56.86   56.13   52.32   53.19   54.69   52.86   53.48   52.65   58.21   57.71   57.21   58.83   59.43   59.14   53.26   53.15   58.44
     8: A0A496DEG4_89.9_93.7_95.8_59.3_93.0_33.1   98.97   99.34   99.51   99.67   99.67   99.84   99.84  100.00   56.86   56.13   52.32   53.19   54.69   52.86   53.64   52.65   58.21   57.55   57.05   58.83   59.43   59.14   53.42   53.15   58.44
     9: A0A3C2D4D7_90.9_94.4_96.3_72.2_92.9_34.4   57.22   56.86   56.69   56.86   56.86   56.86   56.86   56.86  100.00   66.23   59.80   60.93   62.35   64.20   63.08   63.08   59.87   62.44   61.10   60.13   60.27   59.30   55.22   57.60   62.10
    10: A0A7V9M0L5_90.2_94.5_96.7_80.9_94.2_33.8   56.40   55.96   56.13   56.13   56.13   56.13   56.13   56.13   66.23  100.00   63.44   63.62   64.95   67.83   70.16   69.34   58.94   62.58   61.26   60.23   59.50   60.36   56.83   59.50   59.34
    11: A0A2V7QJ36_93.3_94.4_96.6_82.6_93.2_29.5   53.81   51.99   52.32   52.32   52.15   52.32   52.32   52.32   59.80   63.44  100.00   85.12   85.91   71.00   70.33   72.79   57.78   61.59   60.26   59.73   57.83   58.71   56.67   55.21   58.02
    12: A0A2V7TD30_89.8_93.1_95.9_54.4_91.3_24.1   54.82   52.85   53.19   53.19   53.19   53.19   53.19   53.19   60.93   63.62   85.12  100.00   99.31   70.78   70.10   74.25   58.05   60.23   59.90   59.36   59.97   59.66   57.09   54.61   58.46
    13: A0A1Q7KJ39_92.9_94.5_96.6_82.6_94.8_46.7   54.82   54.51   54.69   54.69   54.69   54.69   54.69   54.69   62.35   64.95   85.91   99.31  100.00   71.38   71.31   75.43   59.27   61.28   61.11   60.10   60.94   60.59   57.99   55.29   59.62
    14: A0A535J968_92.1_93.8_96.8_83.6_93.8_32.0   53.65   52.69   52.86   52.86   52.69   52.86   52.86   52.86   64.20   67.83   71.00   70.78   71.38  100.00   76.33   75.33   60.34   61.95   60.77   59.73   59.36   60.20   56.44   55.29   57.65
    15: A0A1Q8A145_85.5_92.2_95.9_61.8_92.4_31.2   55.02   53.48   53.48   53.64   53.48   53.48   53.48   53.64   63.08   70.16   70.33   70.10   71.31   76.33  100.00   78.03   58.44   61.26   60.43   59.57   58.50   58.21   55.32   56.53   58.84
    16: A0A1Q7PIM5_87.6_92.2_96.1_68.1_93.1_34.0   54.33   52.48   52.65   52.65   52.65   52.65   52.65   52.65   63.08   69.34   72.79   74.25   75.43   75.33   78.03  100.00   59.44   62.42   61.59   59.40   58.83   58.87   56.50   56.36   59.17
    17: A0A925KYD3_-1_-1_-1_-1_-1_-1               59.34   58.21   58.21   58.21   58.21   58.21   58.21   58.21   59.87   58.94   57.78   58.05   59.27   60.34   58.44   59.44  100.00   61.36   60.03   63.50   60.77   61.13   58.26   57.12   60.76
    18: A0A385STP5_85.2_93.2_96.2_55.8_93.8_31.7   58.58   57.71   57.55   57.55   57.55   57.71   57.71   57.55   62.44   62.58   61.59   60.23   61.28   61.95   61.26   62.42   61.36  100.00   95.03   64.39   61.60   60.80   55.59   57.78   59.77
    19: A0A1M5LB09_88.4_93.6_96.6_80.9_94.1_32.0   58.23   57.21   57.05   57.05   57.05   57.21   57.21   57.05   61.10   61.26   60.26   59.90   61.11   60.77   60.43   61.59   60.03   95.03  100.00   63.56   60.77   59.63   54.76   57.62   59.11
    20: A0A5B2VMA8_93.1_94.9_97.0_85.1_94.4_31.0   60.70   58.83   59.00   59.00   58.83   58.83   58.83   58.83   60.13   60.23   59.73   59.36   60.10   59.73   59.57   59.40   63.50   64.39   63.56  100.00   73.08   73.04   56.21   59.40   61.40
    21: A0A561PUN9_90.6_94.4_96.8_62.8_94.7_36.3   61.01   59.43   59.77   59.60   59.43   59.43   59.43   59.43   60.27   59.50   57.83   59.97   60.94   59.36   58.50   58.83   60.77   61.60   60.77   73.08  100.00   91.83   54.29   56.17   60.83
    22: A0A847SPV0_89.2_93.9_96.8_71.1_94.3_37.1   60.83   59.14   59.47   59.30   59.14   59.14   59.14   59.14   59.30   60.36   58.71   59.66   60.59   60.20   58.21   58.87   61.13   60.80   59.63   73.04   91.83  100.00   54.35   56.88   61.19
    23: A0A537IJR7_91.3_94.6_96.5_82.4_93.9_32.0   54.42   53.26   53.42   53.42   53.42   53.26   53.26   53.42   55.22   56.83   56.67   57.09   57.99   56.44   55.32   56.50   58.26   55.59   54.76   56.21   54.29   54.35  100.00   59.73   56.31
    24: A0A537K819_87.6_93.7_95.2_46.2_92.4_30.4   53.29   53.15   52.98   53.15   53.31   53.15   53.15   53.15   57.60   59.50   55.21   54.61   55.29   55.29   56.53   56.36   57.12   57.78   57.62   59.40   56.17   56.88   59.73  100.00   61.90
    25: A0A317GSK4_88.6_93.7_95.8_60.7_92.5_31.3   59.17   58.28   58.44   58.44   58.44   58.44   58.44   58.44   62.10   59.34   58.02   58.46   59.62   57.65   58.84   59.17   60.76   59.77   59.11   61.40   60.83   61.19   56.31   61.90  100.00
