#
#
#  Percent Identity  Matrix - created by Clustal2.1 
#
#

     1: B3SCW7_86.3_82.9_85.2_29.8_83.4_26.5      100.00   99.38   58.70   60.33   59.31   55.79
     2: A0A369RVK8_85.4_80.6_84.2_31.0_77.9_22.2   99.38  100.00   55.87   60.33   59.28   55.52
     3: A0A369RVJ7_87.0_80.9_84.1_35.2_78.8_25.8   58.70   55.87  100.00   99.00   84.94   81.67
     4: B3SCX0_86.4_83.8_85.7_36.8_86.2_36.8       60.33   60.33   99.00  100.00   84.88   82.72
     5: B3SCW9_87.6_84.6_85.1_35.9_85.7_35.9       59.31   59.28   84.94   84.88  100.00   97.22
     6: A0A369RX48_76.0_75.8_82.7_33.5_81.0_30.0   55.79   55.52   81.67   82.72   97.22  100.00
