(
A0A507E2F1_86.0_91.1_89.4_37.3_84.8_28.1:0.38912,
A0A0L0HNW9_86.7_94.1_92.8_39.1_86.8_24.8:0.02497,
A0A507EMB5_87.1_93.6_93.1_47.4_87.2_25.7:0.03012);
