#
#
#  Percent Identity  Matrix - created by Clustal2.1 
#
#

     1: A0A147BHM3  100.00   67.00   56.64   56.98   57.64   55.98   58.82   58.15   55.33   55.33   55.50   55.17   55.91   56.08   67.31   59.52   58.67   59.69   59.00   56.59   57.43   56.93
     2: A0A1E1XIY7   67.00  100.00   53.42   53.11   53.56   52.32   55.59   55.36   51.03   52.44   51.83   52.36   51.85   51.85   53.68   55.50   55.75   55.66   55.75   52.21   53.09   52.93
     3: A0A6M2CK72   56.64   53.42  100.00   92.86   81.05   78.13   59.97   59.15   55.50   58.41   56.42   58.62   57.12   57.12   52.38   64.60   63.96   64.60   64.41   62.71   60.99   60.69
     4: A0A9D4PPH6   56.98   53.11   92.86  100.00   78.95   76.36   58.50   58.42   55.77   58.48   56.22   57.76   56.90   56.90   53.74   65.06   63.99   65.06   64.43   59.89   58.40   59.91
     5: A0A1E1XJ76   57.64   53.56   81.05   78.95  100.00   87.15   59.06   58.39   53.27   55.94   53.87   58.19   54.52   54.37   50.00   62.25   61.74   62.40   62.04   58.36   57.18   59.20
     6: B5U6P0       55.98   52.32   78.13   76.36   87.15  100.00   57.37   56.87   53.72   56.26   54.02   56.03   54.67   54.52   50.00   60.83   60.97   61.60   61.41   57.16   56.82   58.26
     7: A0A1Z5KXD4   58.82   55.59   59.97   58.50   59.06   57.37  100.00   82.34   56.52   59.39   56.82   61.47   56.90   56.90   56.00   65.37   64.73   65.53   64.73   61.43   59.57   61.19
     8: A0A293MVL7   58.15   55.36   59.15   58.42   58.39   56.87   82.34  100.00   55.92   58.76   56.52   59.74   56.90   56.90   56.67   64.85   64.68   64.85   64.53   61.19   59.04   60.39
     9: A0A131XWS2   55.33   51.03   55.50   55.77   53.27   53.72   56.52   55.92  100.00   97.95   94.23   96.14   94.91   94.61   90.91   64.68   63.91   64.68   64.21   61.16   60.71   61.50
    10: A0A147BTW7   55.33   52.44   58.41   58.48   55.94   56.26   59.39   58.76   97.95  100.00   95.26   96.57   96.00   96.00   97.52   66.33   65.76   66.67   66.08   62.82   62.97   64.32
    11: A0A4D5S178   55.50   51.83   56.42   56.22   53.87   54.02   56.82   56.52   94.23   95.26  100.00  100.00   98.65   98.05   97.40   65.15   64.51   65.31   64.81   62.35   62.20   62.71
    12: W0FJX5       55.17   52.36   58.62   57.76   58.19   56.03   61.47   59.74   96.14   96.57  100.00  100.00   99.11   99.11    -nan   67.38   67.38   67.38   67.38   66.95   66.52   66.52
    13: A0A4D5S2K9   55.91   51.85   57.12   56.90   54.52   54.67   56.90   56.90   94.91   96.00   98.65   99.11  100.00   99.40   98.70   65.82   64.99   65.82   65.30   63.10   62.95   63.62
    14: F7VJP5       56.08   51.85   57.12   56.90   54.37   54.52   56.90   56.90   94.61   96.00   98.05   99.11   99.40  100.00  100.00   65.98   65.14   65.98   65.45   62.95   62.65   63.62
    15: B7Q7F9       67.31   53.68   52.38   53.74   50.00   50.00   56.00   56.67   90.91   97.52   97.40    -nan   98.70  100.00  100.00   67.55   66.89   68.21   68.21   61.59   59.60   61.59
    16: A0A4D5RNN2   59.52   55.50   64.60   65.06   62.25   60.83   65.37   64.85   64.68   66.33   65.15   67.38   65.82   65.98   67.55  100.00   97.56   98.02   98.02   78.90   72.57   71.96
    17: A0A131Y0H1   58.67   55.75   63.96   63.99   61.74   60.97   64.73   64.68   63.91   65.76   64.51   67.38   64.99   65.14   66.89   97.56  100.00   99.24   99.12   77.45   72.12   71.68
    18: V5HFD7       59.69   55.66   64.60   65.06   62.40   61.60   65.53   64.85   64.68   66.67   65.31   67.38   65.82   65.98   68.21   98.02   99.24  100.00  100.00   78.59   72.88   72.27
    19: V5HKH9       59.00   55.75   64.41   64.43   62.04   61.41   64.73   64.53   64.21   66.08   64.81   67.38   65.30   65.45   68.21   98.02   99.12  100.00  100.00   77.60   72.27   71.83
    20: A0A4D5RKH3   56.59   52.21   62.71   59.89   58.36   57.16   61.43   61.19   61.16   62.82   62.35   66.95   63.10   62.95   61.59   78.90   77.45   78.59   77.60  100.00   93.04   90.57
    21: A0A4D5RJ54   57.43   53.09   60.99   58.40   57.18   56.82   59.57   59.04   60.71   62.97   62.20   66.52   62.95   62.65   59.60   72.57   72.12   72.88   72.27   93.04  100.00   95.76
    22: A0A131Y1E6   56.93   52.93   60.69   59.91   59.20   58.26   61.19   60.39   61.50   64.32   62.71   66.52   63.62   63.62   61.59   71.96   71.68   72.27   71.83   90.57   95.76  100.00
