#
#
#  Percent Identity  Matrix - created by Clustal2.1 
#
#

     1: J4HZY2_89.2_95.8_94.1_39.1_86.1_25.5      100.00   61.34   54.69   54.42   55.29   56.99   57.17   54.13   53.89   50.09   46.06   49.04   50.53   49.65   50.00   47.32   47.90   47.90   49.30   51.04   52.74   51.06   52.48   52.65   53.57
     2: A0A4Y9YTH1_-1_-1_-1_-1_81.7_24.3           61.34  100.00   56.89   60.36   61.26   63.83   63.29   55.04   56.17   52.19   48.73   50.73   51.20   50.27   52.91   49.26   49.19   49.73   51.78   51.82   52.74   52.81   54.21   52.47   55.35
     3: A0A067Q6I7_85.6_93.8_94.6_47.8_87.0_26.3   54.69   56.89  100.00   62.56   62.39   63.68   64.03   60.38   59.22   59.93   55.94   53.91   54.35   53.38   53.28   51.75   52.43   52.60   57.68   57.47   59.51   56.72   60.84   60.63   61.48
     4: A0A2G8RTZ9_87.4_95.4_95.0_44.8_87.0_22.6   54.42   60.36   62.56  100.00   92.44   70.73   71.24   60.17   59.87   58.38   54.91   53.47   54.88   53.30   52.75   49.39   52.85   52.85   57.32   57.04   59.03   57.47   59.16   58.16   60.04
     5: A0A5K1JS16_93.1_96.5_90.2_22.0_84.0_22.0   55.29   61.26   62.39   92.44  100.00   71.16   72.51   61.15   59.53   58.72   55.25   53.99   55.77   54.17   53.78   50.52   53.02   52.85   57.65   56.85   58.68   56.94   58.46   58.51   58.98
     6: A0A060SGG1_92.6_95.5_95.1_53.3_86.7_24.5   56.99   63.83   63.68   70.73   71.16  100.00   88.21   61.87   64.02   59.30   55.11   55.05   55.44   53.83   54.97   52.09   54.25   54.42   56.01   56.40   57.22   57.47   58.74   58.43   61.35
     7: A0A1Y2IPP1_92.0_96.1_95.3_54.8_86.6_24.2   57.17   63.29   64.03   71.24   72.51   88.21  100.00   62.21   62.84   59.13   55.46   54.70   55.08   53.48   53.60   52.79   53.21   53.55   55.48   56.92   56.70   56.60   57.34   57.74   60.82
     8: A0A4Y9Z123_92.4_97.1_94.1_40.6_86.1_25.2   54.13   55.04   60.38   60.17   61.15   61.87   62.21  100.00   71.02   56.82   52.84   51.21   53.00   51.90   54.28   51.04   52.67   53.01   53.44   51.94   55.79   54.14   55.73   57.86   55.99
     9: A0A4Y9ZV78_-1_-1_-1_-1_-1_-1               53.89   56.17   59.22   59.87   59.53   64.02   62.84   71.02  100.00   58.52   54.72   50.52   52.82   51.38   54.61   51.73   52.40   52.74   52.47   52.59   54.12   54.12   57.09   56.53   57.09
    10: V2X6V4_90.8_97.0_94.8_53.6_86.5_21.7       50.09   52.19   59.93   58.38   58.72   59.30   59.13   56.82   58.52  100.00   95.01   59.66   61.36   59.52   53.64   52.67   54.19   53.85   56.28   56.77   57.86   58.72   59.97   59.41   60.31
    11: A0A0W0GA04_89.4_96.7_85.9_23.1_79.5_22.4   46.06   48.73   55.94   54.91   55.25   55.11   55.46   52.84   54.72   95.01  100.00   55.74   57.49   55.93   49.41   48.37   51.11   50.77   52.38   52.77   54.22   54.91   55.79   55.25   56.10
    12: A0A8H5FPQ3_-1_-1_-1_-1_-1_-1               49.04   50.73   53.91   53.47   53.99   55.05   54.70   51.21   50.52   59.66   55.74  100.00   78.53   77.80   48.82   50.09   48.21   48.03   51.68   51.30   52.42   52.94   52.78   54.23   54.13
    13: A0A4S8KNZ8_89.8_95.0_94.5_60.1_88.9_22.1   50.53   51.20   54.35   54.88   55.77   55.44   55.08   53.00   52.82   61.36   57.49   78.53  100.00   98.30   48.78   51.83   50.96   50.79   52.87   52.92   54.06   54.42   54.71   54.85   53.94
    14: A0A4S8L0M9_89.2_94.7_94.3_45.0_87.1_22.3   49.65   50.27   53.38   53.30   54.17   53.83   53.48   51.90   51.38   59.52   55.93   77.80   98.30  100.00   47.64   50.86   50.26   49.91   51.93   52.09   53.46   53.30   53.39   53.20   53.00
    15: A0A5C3L115_89.1_95.6_94.1_41.7_85.9_22.1   50.00   52.91   53.28   52.75   53.78   54.97   53.60   54.28   54.61   53.64   49.41   48.82   48.78   47.64  100.00   66.06   58.23   57.89   57.14   57.19   57.82   57.07   57.78   59.11   60.07
    16: A8N9I4_-1_-1_-1_-1_85.7_21.2               47.32   49.26   51.75   49.39   50.52   52.09   52.79   51.04   51.73   52.67   48.37   50.09   51.83   50.86   66.06  100.00   58.29   58.12   55.40   54.72   56.66   56.34   55.86   56.24   59.44
    17: A0A8H5FH02_-1_-1_-1_-1_-1_-1               47.90   49.19   52.43   52.85   53.02   54.25   53.21   52.67   52.40   54.19   51.11   48.21   50.96   50.26   58.23   58.29  100.00   98.17   58.39   56.61   57.56   58.85   58.67   59.25   58.35
    18: A0A8H6I9Q9_-1_-1_-1_-1_-1_-1               47.90   49.73   52.60   52.85   52.85   54.42   53.55   53.01   52.74   53.85   50.77   48.03   50.79   49.91   57.89   58.12   98.17  100.00   58.39   56.78   57.56   58.85   58.67   59.25   58.69
    19: A0A8S0WI40_-1_-1_-1_-1_-1_-1               49.30   51.78   57.68   57.32   57.65   56.01   55.48   53.44   52.47   56.28   52.38   51.68   52.87   51.93   57.14   55.40   58.39   58.39  100.00   60.60   64.50   66.96   66.32   68.18   67.32
    20: A0A8H5B3M5_-1_-1_-1_-1_-1_-1               51.04   51.82   57.47   57.04   56.85   56.40   56.92   51.94   52.59   56.77   52.77   51.30   52.92   52.09   57.19   54.72   56.61   56.78   60.60  100.00   65.93   67.63   67.35   67.40   66.78
    21: A0A409VNB1_88.4_95.9_94.5_43.2_86.5_22.1   52.74   52.74   59.51   59.03   58.68   57.22   56.70   55.79   54.12   57.86   54.22   52.42   54.06   53.46   57.82   56.66   57.56   57.56   64.50   65.93  100.00   66.50   67.18   67.62   68.50
    22: A0A8S0WPF1_-1_-1_-1_-1_-1_-1               51.06   52.81   56.72   57.47   56.94   57.47   56.60   54.14   54.12   58.72   54.91   52.94   54.42   53.30   57.07   56.34   58.85   58.85   66.96   67.63   66.50  100.00   72.90   70.73   70.33
    23: A0A0C3C7U8_85.4_94.9_94.9_43.4_89.1_26.5   52.48   54.21   60.84   59.16   58.46   58.74   57.34   55.73   57.09   59.97   55.79   52.78   54.71   53.39   57.78   55.86   58.67   58.67   66.32   67.35   67.18   72.90  100.00   73.77   73.84
    24: A0A8H4VIL6_-1_-1_-1_-1_-1_-1               52.65   52.47   60.63   58.16   58.51   58.43   57.74   57.86   56.53   59.41   55.25   54.23   54.85   53.20   59.11   56.24   59.25   59.25   68.18   67.40   67.62   70.73   73.77  100.00   74.44
    25: A0A8H7XTI0_-1_-1_-1_-1_-1_-1               53.57   55.35   61.48   60.04   58.98   61.35   60.82   55.99   57.09   60.31   56.10   54.13   53.94   53.00   60.07   59.44   58.35   58.69   67.32   66.78   68.50   70.33   73.84   74.44  100.00
