#
#
#  Percent Identity  Matrix - created by Clustal2.1 
#
#

     1: A0A4Z2CQT6_75.0_79.2_73.8_19.4_71.2_19.4  100.00   98.61   99.03   52.49   52.34   53.84   53.80
     2: C1LDJ0_74.3_82.0_74.8_20.2_71.5_20.2       98.61  100.00   99.48   50.63   50.79   51.90   52.36
     3: A0A4Z2CQD3_76.9_81.8_74.6_21.0_71.1_20.8   99.03   99.48  100.00   50.63   50.79   51.90   52.22
     4: A0A4E0RIW2_-1___-1___-1___-1___67.2_19.7   52.49   50.63   50.63  100.00   98.63   59.24   62.00
     5: A0A504Y968_78.2_75.8_74.3_18.9_70.4_18.9   52.34   50.79   50.79   98.63  100.00   59.30   61.34
     6: A0A4S2LZE6_68.6_78.4_72.4_20.6_70.2_20.6   53.84   51.90   51.90   59.24   59.30  100.00   62.62
     7: A0A5J4NKE7_84.6_83.4_74.5_21.8_71.9_20.8   53.80   52.36   52.22   62.00   61.34   62.62  100.00
