#
#
#  Percent Identity  Matrix - created by Clustal2.1 
#
#

     1: A0A7L3N2A2  100.00   78.17   80.07   79.41   78.15   78.57   79.48   79.85   79.41   81.52   82.25   80.67   83.19   80.08   82.77   80.14   81.93   83.61   82.84   85.71   83.58   72.24   88.84   74.38   76.73   77.78   75.82
     2: A0A7L1K291   78.17  100.00   93.01   93.01   92.58   93.01   93.89   94.32   93.89   84.72   83.84   86.46   86.90   85.59   86.90   89.96   85.59   88.21   85.59   87.77   89.08   75.61   70.48   81.19   85.85   81.46   77.83
     3: A0A7L1I9V9   80.07   93.01  100.00   95.80   93.70   94.54   94.78   95.90   95.38   84.48   84.48   86.55   86.55   83.33   86.55   86.64   86.55   87.39   85.07   87.82   89.55   74.59   71.78   76.76   81.97   81.64   77.78
     4: A0A7L4MAA0   79.41   93.01   95.80  100.00   94.12   94.54   94.54   95.38   94.96   84.45   84.87   87.82   86.55   84.87   86.13   89.92   85.71   87.82   86.13   87.82   89.08   75.61   71.70   79.70   85.85   81.16   77.57
     5: A0A7L3S037   78.15   92.58   93.70   94.12  100.00   99.16   94.12   94.96   94.96   84.03   83.19   86.13   84.87   85.29   86.55   89.08   84.87   86.13   85.29   85.71   87.39   75.61   70.28   80.20   84.39   81.64   77.10
     6: A0A7L3ULQ0   78.57   93.01   94.54   94.54   99.16  100.00   94.12   95.80   95.80   84.03   83.19   86.13   85.29   85.29   86.55   89.50   85.71   86.13   85.29   86.55   88.24   75.61   70.75   80.20   85.37   81.16   77.10
     7: A0A7K5XAV5   79.48   93.89   94.78   94.54   94.12   94.12  100.00   97.01   94.96   86.19   85.45   88.24   87.82   85.77   88.24   90.30   86.97   89.08   86.94   88.66   89.93   77.45   73.03   82.33   86.38   83.57   80.25
     8: A0A7K9FER5   79.85   94.32   95.90   95.38   94.96   95.80   97.01  100.00   97.48   85.45   84.33   86.97   86.97   84.55   87.39   89.55   87.39   88.66   85.82   88.24   90.30   77.02   73.03   81.90   85.96   83.57   79.42
     9: A0A7L3TBH3   79.41   93.89   95.38   94.96   94.96   95.80   94.96   97.48  100.00   84.87   85.29   86.97   86.55   85.71   86.97   89.50   86.13   87.39   86.55   87.82   89.92   75.12   71.23   80.69   85.85   81.64   77.57
    10: A0A7L2YRF4   81.52   84.72   84.48   84.45   84.03   84.03   86.19   85.45   84.87  100.00   85.92   86.97   85.71   83.33   85.29   84.84   84.87   85.71   85.07   86.55   88.43   77.05   73.86   77.18   81.56   80.68   79.01
    11: A0A7L1X2A1   82.25   83.84   84.48   84.87   83.19   83.19   85.45   84.33   85.29   85.92  100.00   91.18   86.97   81.71   84.45   85.20   85.29   87.82   88.06   87.82   89.18   74.18   74.69   78.01   82.79   79.71   77.78
    12: A0A7K6P0N3   80.67   86.46   86.55   87.82   86.13   86.13   88.24   86.97   86.97   86.97   91.18  100.00   88.24   85.71   87.82   90.76   86.97   89.08   87.82   90.34   91.18   75.61   72.17   79.70   87.32   82.13   78.97
    13: A0A7K6U9Y8   83.19   86.90   86.55   86.55   84.87   85.29   87.82   86.97   86.55   85.71   86.97   88.24  100.00   89.92   91.18   92.86   92.86   92.44   92.44   93.28   94.54   79.71   74.31   84.80   90.34   85.17   81.74
    14: A0A7L0T439   80.08   85.59   83.33   84.87   85.29   85.29   85.77   84.55   85.71   83.33   81.71   85.71   89.92  100.00   92.44   88.21   89.08   89.92   88.62   90.76   89.84   76.06   73.18   80.95   85.92   84.54   79.73
    15: A0A7K5GYV8   82.77   86.90   86.55   86.13   86.55   86.55   88.24   87.39   86.97   85.29   84.45   87.82   91.18   92.44  100.00   90.76   90.76   90.76   92.02   92.86   92.02   79.51   74.53   83.66   88.29   85.02   83.18
    16: A0A7K7U1K7   80.14   89.96   86.64   89.92   89.08   89.50   90.30   89.55   89.50   84.84   85.20   90.76   92.86   88.21   90.76  100.00   91.18   92.86   91.04   93.70   94.40   75.61   74.69   80.66   87.40   87.92   83.13
    17: A0A7L0U849   81.93   85.59   86.55   85.71   84.87   85.71   86.97   87.39   86.13   84.87   85.29   86.97   92.86   89.08   90.76   91.18  100.00   91.60   90.76   92.44   93.70   78.05   75.00   84.16   89.27   85.51   84.11
    18: A0A7K8PIT5   83.61   88.21   87.39   87.82   86.13   86.13   89.08   88.66   87.39   85.71   87.82   89.08   92.44   89.92   90.76   92.86   91.60  100.00   92.02   94.12   94.12   78.54   75.47   86.14   91.22   86.96   83.64
    19: A0A7K4YP55   82.84   85.59   85.07   86.13   85.29   85.29   86.94   85.82   86.55   85.07   88.06   87.82   92.44   88.62   92.02   91.04   90.76   92.02  100.00   94.12   92.54   78.72   76.35   85.78   90.64   86.47   83.95
    20: A0A7K8THR3   85.71   87.77   87.82   87.82   85.71   86.55   88.66   88.24   87.82   86.55   87.82   90.34   93.28   90.76   92.86   93.70   92.44   94.12   94.12  100.00   95.38   78.05   77.36   84.65   92.20   86.96   84.11
    21: A0A7K4SVP2   83.58   89.08   89.55   89.08   87.39   88.24   89.93   90.30   89.92   88.43   89.18   91.18   94.54   89.84   92.02   94.40   93.70   94.12   92.54   95.38  100.00   80.85   75.52   85.78   93.19   87.92   84.77
    22: A0A093HZ18   72.24   75.61   74.59   75.61   75.61   75.61   77.45   77.02   75.12   77.05   74.18   75.61   79.71   76.06   79.51   75.61   78.05   78.54   78.72   78.05   80.85  100.00   71.63   73.06   75.80   76.23   74.81
    23: A0A091I9T3   88.84   70.48   71.78   71.70   70.28   70.75   73.03   73.03   71.23   73.86   74.69   72.17   74.31   73.18   74.53   74.69   75.00   75.47   76.35   77.36   75.52   71.63  100.00   73.48   78.33   80.70   81.43
    24: A0A091VB97   74.38   81.19   76.76   79.70   80.20   80.20   82.33   81.90   80.69   77.18   78.01   79.70   84.80   80.95   83.66   80.66   84.16   86.14   85.78   84.65   85.78   73.06   73.48  100.00   83.69   84.09   79.78
    25: A0A091L6P6   76.73   85.85   81.97   85.85   84.39   85.37   86.38   85.96   85.85   81.56   82.79   87.32   90.34   85.92   88.29   87.40   89.27   91.22   90.64   92.20   93.19   75.80   78.33   83.69  100.00   90.58   86.47
    26: A0A093HMN0   77.78   81.46   81.64   81.16   81.64   81.16   83.57   83.57   81.64   80.68   79.71   82.13   85.17   84.54   85.02   87.92   85.51   86.96   86.47   86.96   87.92   76.23   80.70   84.09   90.58  100.00   90.48
    27: A0A093ICH4   75.82   77.83   77.78   77.57   77.10   77.10   80.25   79.42   77.57   79.01   77.78   78.97   81.74   79.73   83.18   83.13   84.11   83.64   83.95   84.11   84.77   74.81   81.43   79.78   86.47   90.48  100.00
