(
A0A2D6B1L2:0.00000,
A0A2E8N457:0.00000,
A0A3D5S3L1:0.00000);
