#
#
#  Percent Identity  Matrix - created by Clustal2.1 
#
#

     1: Q9XWC5_74.2_81.5_84.6_34.7_80.7_28.2      100.00   95.22   94.20   94.20   94.35   94.49   70.40   74.15   73.57   56.11   56.44   61.07   61.22   59.73   58.87   58.24   63.34   59.21   60.77   60.80   58.84
     2: A8WJB0_80.0_79.6_81.7_34.6_76.6_23.3       95.22  100.00   96.96   96.96   97.10   97.25   70.69   74.64   73.57   56.70   57.06   60.62   60.92   60.32   59.31   58.80   63.67   59.52   61.37   61.54   59.89
     3: A0A261A1T4_79.5_78.9_82.5_36.2_78.0_24.2   94.20   96.96  100.00   99.42   99.57   99.71   70.54   74.64   73.27   56.30   56.64   60.03   60.33   59.73   59.17   58.24   63.18   59.06   60.92   61.24   59.54
     4: E3LZ73_83.9_81.2_82.6_36.7_78.1_23.1       94.20   96.96   99.42  100.00   99.86   99.71   70.54   74.64   73.27   56.70   57.06   60.48   60.77   59.73   59.17   58.24   63.18   59.06   60.92   61.24   59.54
     5: A0A2P4VGU3_78.6_79.9_82.1_28.6_78.0_24.2   94.35   97.10   99.57   99.86  100.00   99.86   70.54   74.64   73.27   56.70   57.06   60.48   60.77   59.73   59.17   58.24   63.18   59.06   60.92   61.24   59.54
     6: A0A6A5H7A2_78.8_79.1_82.6_36.8_78.0_23.5   94.49   97.25   99.71   99.71   99.86  100.00   70.54   74.64   73.27   56.70   57.06   60.33   60.62   59.73   59.17   58.24   63.18   59.06   60.92   61.24   59.54
     7: W6NBL1_86.2_83.2_83.1_28.8_79.5_25.1       70.40   70.69   70.54   70.54   70.54   70.54  100.00   81.42   79.74   56.53   56.97   58.48   59.76   60.41   60.45   57.89   62.62   58.64   60.80   60.83   59.02
     8: A0A0D6LXR2_-1___-1___-1___-1___67.1_21.6   74.15   74.64   74.64   74.64   74.64   74.64   81.42  100.00   97.92   60.98   61.26   61.60   62.68   63.05   62.68   62.63   64.20   64.11   64.26   64.76   63.14
     9: A0A368GZF5_83.6_81.3_83.2_34.3_78.7_24.3   73.57   73.57   73.27   73.27   73.27   73.27   79.74   97.92  100.00   58.79   58.95   60.03   61.46   61.12   61.70   59.21   64.32   60.15   62.30   62.17   60.25
    10: A0A6V7VXD1_81.4_82.5_81.6_28.1_74.5_20.1   56.11   56.70   56.30   56.70   56.70   56.70   56.53   60.98   58.79  100.00   98.06   58.14   57.51   59.89   59.65   57.45   63.03   59.94   62.45   63.18   61.90
    11: A0A6V7UW19_81.1_81.6_81.3_25.3_76.5_21.1   56.44   57.06   56.64   57.06   57.06   57.06   56.97   61.26   58.95   98.06  100.00   58.27   57.59   60.35   59.30   57.55   62.87   59.67   62.28   63.34   61.37
    12: A0A811KL38_81.7_81.1_82.7_31.6_77.6_22.6   61.07   60.62   60.03   60.48   60.48   60.33   58.48   61.60   60.03   58.14   58.27  100.00   90.91   66.14   60.50   58.91   64.23   60.77   62.70   63.58   64.47
    13: A0A1I7S025_81.4_80.7_82.8_34.3_77.7_21.1   61.22   60.92   60.33   60.77   60.77   60.62   59.76   62.68   61.46   57.51   57.59   90.91  100.00   65.67   61.46   59.89   64.92   61.41   62.90   63.49   64.99
    14: A0A7E4WBR8_86.9_84.9_83.4_34.4_74.3_21.2   59.73   60.32   59.73   59.73   59.73   59.73   60.41   63.05   61.12   59.89   60.35   66.14   65.67  100.00   66.09   61.69   68.09   64.18   66.04   66.91   67.18
    15: A0A0N5B0X1_85.1_82.8_83.6_30.5_79.2_21.9   58.87   59.31   59.17   59.17   59.17   59.17   60.45   62.68   61.70   59.65   59.30   60.50   61.46   66.09  100.00   64.30   70.61   67.31   69.58   70.00   69.31
    16: A0A0R3QQN2_-1___-1___-1___-1___76.8_20.5   58.24   58.80   58.24   58.24   58.24   58.24   57.89   62.63   59.21   57.45   57.55   58.91   59.89   61.69   64.30  100.00   98.83   95.89   84.79   86.25   87.33
    17: A0A7I4NNC0_65.9_79.0_83.0_38.2_77.3_25.1   63.34   63.67   63.18   63.18   63.18   63.18   62.62   64.20   64.32   63.03   62.87   64.23   64.92   68.09   70.61   98.83  100.00   99.20   89.31   89.95   92.49
    18: A0A0N4TPY8_85.6_82.3_81.1_33.6_76.2_20.9   59.21   59.52   59.06   59.06   59.06   59.06   58.64   64.11   60.15   59.94   59.67   60.77   61.41   64.18   67.31   95.89   99.20  100.00   86.32   88.23   89.65
    19: A0A238BY54_84.2_80.9_79.4_36.9_74.6_20.9   60.77   61.37   60.92   60.92   60.92   60.92   60.80   64.26   62.30   62.45   62.28   62.70   62.90   66.04   69.58   84.79   89.31   86.32  100.00   87.27   90.36
    20: A0A0R3RWW9_86.2_83.4_83.9_32.3_78.5_22.2   60.80   61.54   61.24   61.24   61.24   61.24   60.83   64.76   62.17   63.18   63.34   63.58   63.49   66.91   70.00   86.25   89.95   88.23   87.27  100.00   91.07
    21: A0A1I7VT15_85.2_82.3_83.3_46.6_80.4_26.8   58.84   59.89   59.54   59.54   59.54   59.54   59.02   63.14   60.25   61.90   61.37   64.47   64.99   67.18   69.31   87.33   92.49   89.65   90.36   91.07  100.00
