(
A0A8I1UTM4_-1_-1_-1_-1_-1_-1:0.18627,
K8NXJ6_75.2_71.9_83.6_47.6_77.1_37.2:0.09477,
A0A4U6BRE0_77.8_71.8_85.4_49.8_78.6_38.0:0.14052);
