#
#
#  Percent Identity  Matrix - created by Clustal2.1 
#
#

     1: C7ZC34      100.00   60.11   60.83   60.65   60.47   49.64   47.14   48.04   47.86   48.21   48.75   48.04   50.54   50.90   52.45   53.30   54.24   53.99   55.43   56.17   55.15   55.70   55.33   55.70   52.13   51.44   51.81   51.62   51.62
     2: A0A4R8QSC6   60.11  100.00   98.04   98.04   98.22   50.00   48.91   48.55   48.55   48.55   48.37   48.01   51.45   51.45   53.10   53.39   54.16   52.19   53.87   54.24   53.59   53.96   53.96   54.14   52.76   50.46   51.19   51.37   51.37
     3: A0A4R8Q0Y3   60.83   98.04  100.00   99.29   98.75   49.64   49.46   48.91   48.91   48.91   48.73   48.37   51.64   51.64   52.74   53.21   53.97   52.38   54.24   54.61   53.96   54.33   54.33   54.51   52.95   50.64   51.37   51.37   51.37
     4: A0A4R8T2K6   60.65   98.04   99.29  100.00   98.75   49.82   49.46   48.91   48.91   48.91   48.73   48.37   51.64   51.64   52.92   53.21   54.16   52.38   54.24   54.61   53.96   54.33   54.33   54.51   52.76   50.46   51.19   51.37   51.37
     5: A0A484FHZ0   60.47   98.22   98.75   98.75  100.00   49.46   49.46   48.73   48.91   48.91   48.73   48.37   51.27   51.27   52.74   52.84   53.79   52.00   53.87   54.24   53.59   53.96   53.96   54.14   52.76   50.09   50.82   51.00   51.00
     6: A0A8H4TNP6   49.64   50.00   49.64   49.82   49.46  100.00   63.80   61.83   62.19   63.08   62.72   62.54   59.17   59.53   56.81   58.94   59.01   58.14   59.45   59.27   58.97   58.97   58.97   58.97   60.82   54.53   54.89   54.87   54.69
     7: W6Q732       47.14   48.91   49.46   49.46   49.46   63.80  100.00   90.25   90.43   91.31   91.31   90.96   57.66   57.84   56.81   59.34   58.12   55.89   57.27   57.64   56.99   57.35   57.54   57.72   56.76   53.96   54.68   54.48   54.30
     8: A0A0A2I675   48.04   48.55   48.91   48.91   48.73   61.83   90.25  100.00   91.49   92.38   92.02   92.38   57.30   57.48   57.35   59.16   58.49   56.65   58.20   58.56   57.72   58.09   58.46   58.64   57.53   54.14   54.86   54.66   54.48
     9: A0A0G4PAQ1   47.86   48.55   48.91   48.91   48.91   62.19   90.43   91.49  100.00   95.74   95.21   95.39   57.48   57.66   56.99   58.79   58.49   56.27   58.01   58.75   57.72   58.27   58.64   58.64   57.14   53.60   54.14   53.94   53.76
    10: A0A1V6NKA8   48.21   48.55   48.91   48.91   48.91   63.08   91.31   92.38   95.74  100.00   95.92   95.74   57.30   57.48   56.99   59.34   58.86   56.65   58.20   58.93   57.90   58.46   58.82   59.01   57.72   54.14   54.86   54.66   54.48
    11: A0A8H4SGA5   48.75   48.37   48.73   48.73   48.73   62.72   91.31   92.02   95.21   95.92  100.00   97.87   57.12   57.30   56.99   59.34   59.04   56.84   58.38   59.12   58.09   58.64   59.01   59.19   57.34   54.50   55.40   55.20   55.02
    12: A0A1V6RMA9   48.04   48.01   48.37   48.37   48.37   62.54   90.96   92.38   95.39   95.74   97.87  100.00   57.12   57.30   56.99   59.52   59.04   57.03   58.38   58.75   57.90   58.27   58.64   58.82   57.53   54.32   55.22   55.02   54.84
    13: A0A4Q7K5B7   50.54   51.45   51.64   51.64   51.27   59.17   57.66   57.30   57.48   57.30   57.12   57.12  100.00   99.29   58.70   59.78   59.19   57.69   59.74   60.11   60.00   59.82   60.00   60.18   63.55   60.87   61.23   60.83   61.01
    14: A0A179FUH0   50.90   51.45   51.64   51.64   51.27   59.53   57.84   57.48   57.66   57.48   57.30   57.30   99.29  100.00   58.88   59.96   59.38   57.87   59.93   60.29   60.18   60.00   60.18   60.37   63.35   60.87   61.23   60.83   61.01
    15: A0A8H4U7Z7   52.45   53.10   52.74   52.92   52.74   56.81   56.81   57.35   56.99   56.99   56.99   56.99   58.70   58.88  100.00   77.60   74.45   75.38   76.70   77.06   76.19   76.19   76.74   76.56   62.99   58.14   58.68   58.29   58.29
    16: A0A8H4XHX1   53.30   53.39   53.21   53.21   52.84   58.94   59.34   59.16   58.79   59.34   59.34   59.52   59.78   59.96   77.60  100.00   79.34   80.04   81.77   81.58   81.25   81.07   81.25   81.43   65.67   60.33   60.89   60.29   60.48
    17: C7Z6J2       54.24   54.16   53.97   54.16   53.79   59.01   58.12   58.49   58.49   58.86   59.04   59.04   59.19   59.38   74.45   79.34  100.00   91.44   92.45   92.27   92.28   91.91   91.91   92.83   63.44   59.33   59.70   59.48   59.48
    18: A0A428TTH0   53.99   52.19   52.38   52.38   52.00   58.14   55.89   56.65   56.27   56.65   56.84   57.03   57.69   57.87   75.38   80.04   91.44  100.00   96.40   96.97   96.79   96.41   96.79   97.73   63.93   58.10   58.48   57.50   57.50
    19: A0A428R382   55.43   53.87   54.24   54.24   53.87   59.45   57.27   58.20   58.01   58.20   58.38   58.38   59.74   59.93   76.70   81.77   92.45   96.40  100.00   97.62   97.25   96.89   97.25   97.80   65.61   60.15   60.33   59.38   59.38
    20: A0A428P4E8   56.17   54.24   54.61   54.61   54.24   59.27   57.64   58.56   58.75   58.93   59.12   58.75   60.11   60.29   77.06   81.58   92.27   96.97   97.62  100.00   98.35   97.80   98.17   98.72   65.22   60.33   60.52   59.56   59.56
    21: A0A428RTI4   55.15   53.59   53.96   53.96   53.59   58.97   56.99   57.72   57.72   57.90   58.09   57.90   60.00   60.18   76.19   81.25   92.28   96.79   97.25   98.35  100.00   97.99   98.35   98.54   65.42   60.04   60.22   59.27   59.27
    22: A0A430LAE2   55.70   53.96   54.33   54.33   53.96   58.97   57.35   58.09   58.27   58.46   58.64   58.27   59.82   60.00   76.19   81.07   91.91   96.41   96.89   97.80   97.99  100.00   98.17   98.72   65.42   59.85   60.22   59.27   59.27
    23: A0A428UBA8   55.33   53.96   54.33   54.33   53.96   58.97   57.54   58.46   58.64   58.82   59.01   58.64   60.00   60.18   76.74   81.25   91.91   96.79   97.25   98.17   98.35   98.17  100.00   99.09   65.22   60.04   60.22   59.27   59.27
    24: A0A3M2S2C2   55.70   54.14   54.51   54.51   54.14   58.97   57.72   58.64   58.64   59.01   59.19   58.82   60.18   60.37   76.56   81.43   92.83   97.73   97.80   98.72   98.54   98.72   99.09  100.00   65.22   60.41   60.59   59.63   59.63
    25: A0A425BV68   52.13   52.76   52.95   52.76   52.76   60.82   56.76   57.53   57.14   57.72   57.34   57.53   63.55   63.35   62.99   65.67   63.44   63.93   65.61   65.22   65.42   65.42   65.22   65.22  100.00   68.14   68.71   68.33   68.33
    26: A0A4R8QWF4   51.44   50.46   50.64   50.46   50.09   54.53   53.96   54.14   53.60   54.14   54.50   54.32   60.87   60.87   58.14   60.33   59.33   58.10   60.15   60.33   60.04   59.85   60.04   60.41   68.14  100.00   98.22   97.86   97.50
    27: N4VKZ5       51.81   51.19   51.37   51.19   50.82   54.89   54.68   54.86   54.14   54.86   55.40   55.22   61.23   61.23   58.68   60.89   59.70   58.48   60.33   60.52   60.22   60.22   60.22   60.59   68.71   98.22  100.00   98.93   98.57
    28: A0A4R8QEV3   51.62   51.37   51.37   51.37   51.00   54.87   54.48   54.66   53.94   54.66   55.20   55.02   60.83   60.83   58.29   60.29   59.48   57.50   59.38   59.56   59.27   59.27   59.27   59.63   68.33   97.86   98.93  100.00   98.93
    29: A0A4R8TMS0   51.62   51.37   51.37   51.37   51.00   54.69   54.30   54.48   53.76   54.48   55.02   54.84   61.01   61.01   58.29   60.48   59.48   57.50   59.38   59.56   59.27   59.27   59.27   59.63   68.33   97.50   98.57   98.93  100.00
