#
#
#  Percent Identity  Matrix - created by Clustal2.1 
#
#

     1: A0A6G1BNX7  100.00  100.00   72.78   72.78   70.79   70.22   70.22   67.80   71.19   71.19   62.15   62.15   62.36
     2: A0A6G1BNW8  100.00  100.00   70.00   70.97   65.30   63.77   64.23   64.47   68.50   68.50   61.17   61.17   61.31
     3: A0A8J5R3U3   72.78   70.00  100.00   98.85   60.00   58.53   58.98   60.00   60.78   60.78   55.29   55.29   56.64
     4: A0A8J5VMV6   72.78   70.97   98.85  100.00   60.22   58.84   59.27   60.22   61.31   61.31   55.84   55.84   57.09
     5: A0A0D9XP57   70.79   65.30   60.00   60.22  100.00   84.42   85.66   67.16   69.40   69.40   62.73   62.36   61.03
     6: G2XMB3       70.22   63.77   58.53   58.84   84.42  100.00   99.64   65.11   66.18   66.18   59.71   59.35   59.50
     7: J3N638       70.22   64.23   58.98   59.27   85.66   99.64  100.00   65.93   66.67   66.67   60.81   60.44   60.58
     8: A0A5J9WRY5   67.80   64.47   60.00   60.22   67.16   65.11   65.93  100.00   68.36   68.36   60.07   59.71   59.14
     9: K3ZN43       71.19   68.50   60.78   61.31   69.40   66.18   66.67   68.36  100.00  100.00   69.09   68.73   70.65
    10: A0A4U6TF55   71.19   68.50   60.78   61.31   69.40   66.18   66.67   68.36  100.00  100.00   69.09   68.73   70.65
    11: A0A2T7CKF3   62.15   61.17   55.29   55.84   62.73   59.71   60.81   60.07   69.09   69.09  100.00   98.93   85.00
    12: A0A2S3ICL5   62.15   61.17   55.29   55.84   62.36   59.35   60.44   59.71   68.73   68.73   98.93  100.00   85.00
    13: A0A3L6PCL4   62.36   61.31   56.64   57.09   61.03   59.50   60.58   59.14   70.65   70.65   85.00   85.00  100.00
