#
#
#  Percent Identity  Matrix - created by Clustal2.1 
#
#

     1: A0A2V8J4U6  100.00   54.67   57.31   56.74   59.14   59.43   58.24   58.40   60.80   59.26   60.98   59.43   60.72   58.52   58.10   58.10   57.90   59.77   57.72   56.90   55.11   54.10   57.00   57.41   55.72   54.19   54.53   54.36   54.36   54.36   54.19   54.19   54.19   54.36   54.36   54.36   54.36   54.36   54.36   55.83   55.65   55.52   54.53   54.36   54.36   54.19   54.36   54.19   54.53   54.53   54.36   54.53   54.53   54.36   54.53   54.53   56.28   54.36   59.46   57.72   56.88   57.42   58.85   56.81   57.48
     2: A0A3D5KNY7   54.67  100.00   63.97   61.84   57.28   58.71   58.69   58.85   60.41   58.71   60.24   58.71   63.04   58.93   58.13   58.13   59.61   59.93   54.49   50.83   56.05   55.45   55.17   56.24   58.07   55.24   55.24   55.24   55.24   55.24   55.24   55.24   55.41   55.24   55.24   55.24   55.24   55.24   55.07   55.98   55.98   56.01   55.24   55.07   55.07   54.91   55.24   55.07   55.24   55.24   55.07   55.24   55.07   55.07   55.07   55.24   57.64   55.74   58.54   57.40   56.74   55.03   57.10   53.51   53.58
     3: A0A3C2D4D7   57.31   63.97  100.00   65.67   59.87   61.01   61.13   61.13   62.18   61.01   62.35   61.18   66.79   64.21   63.00   63.00   63.50   63.00   54.08   54.76   57.64   59.47   60.37   60.27   62.27   56.33   56.50   56.83   56.67   56.67   56.67   56.67   56.83   56.67   56.67   56.67   56.67   56.67   56.33   57.22   57.04   57.41   56.50   56.50   56.50   56.17   56.67   56.50   56.67   56.50   56.50   56.67   56.50   56.50   56.50   56.67   61.73   59.83   61.13   61.90   60.57   59.65   60.10   60.07   59.10
     4: A0A7V9M0L5   56.74   61.84   65.67  100.00   63.11   62.13   62.73   62.89   64.95   63.29   64.95   63.29   71.04   68.00   69.19   69.19   69.85   70.68   57.00   56.69   59.57   60.50   61.81   59.36   61.87   55.76   55.76   56.09   55.93   55.93   55.93   55.93   55.76   55.93   55.93   55.93   55.93   55.93   55.76   56.40   56.23   56.60   55.76   55.76   55.76   55.76   56.09   55.93   55.93   55.93   55.59   55.93   55.76   55.93   55.93   55.93   58.83   60.27   63.06   62.77   61.44   59.20   60.40   59.70   60.54
     5: A0A2V7QJ36   59.14   57.28   59.87   63.11  100.00   82.48   85.95   85.95   86.08   85.12   85.91   85.29   73.55   71.00   72.79   72.79   70.33   70.98   57.33   56.02   54.58   56.09   57.45   57.53   59.53   52.25   52.42   52.25   52.59   52.42   52.25   52.25   52.25   52.42   52.42   52.42   52.42   52.42   52.25   53.63   53.46   53.17   52.25   52.42   52.42   52.42   52.42   52.25   52.42   52.42   52.25   52.42   52.42   52.42   52.42   52.42   57.83   55.76   60.90   61.44   60.10   57.12   59.40   57.36   58.36
     6: A0A2V8D4L3   59.43   58.71   61.01   62.13   82.48  100.00   88.10   88.26   91.58   90.08   91.24   90.25   71.69   70.61   72.09   72.09   68.60   70.27   55.07   56.10   54.30   55.33   57.39   58.14   58.47   53.47   53.64   53.47   53.47   53.64   53.47   53.47   53.47   53.64   53.64   53.64   53.64   53.64   53.47   54.64   54.47   54.43   53.64   53.64   53.64   53.64   53.47   53.30   53.64   53.64   53.64   53.64   53.64   53.47   53.64   53.64   58.28   54.65   59.87   60.07   60.41   58.35   58.84   58.14   57.97
     7: A0A2V7IVX0   58.24   58.69   61.13   62.73   85.95   88.10  100.00   99.84   92.10   91.57   91.92   91.40   72.41   71.12   73.73   73.73   69.79   70.61   54.76   56.11   53.50   55.02   57.55   57.29   57.79   53.68   53.68   53.51   53.51   53.68   53.51   53.51   53.51   53.68   53.68   53.68   53.68   53.68   53.51   54.67   54.50   54.47   53.51   53.68   53.68   53.68   53.68   53.51   53.68   53.68   53.51   53.68   53.68   53.51   53.68   53.68   58.26   55.52   59.50   59.70   59.53   58.16   57.65   58.79   58.63
     8: A0A2V7NVK9   58.40   58.85   61.13   62.89   85.95   88.26   99.84  100.00   92.27   91.74   92.10   91.57   72.41   71.12   73.89   73.89   69.79   70.61   54.92   56.28   53.67   55.19   57.72   57.45   57.79   53.85   53.85   53.68   53.68   53.85   53.68   53.68   53.68   53.85   53.85   53.85   53.85   53.85   53.68   54.84   54.67   54.64   53.68   53.85   53.85   53.85   53.85   53.68   53.85   53.85   53.68   53.85   53.85   53.68   53.85   53.85   58.43   55.69   59.67   59.87   59.70   58.33   57.82   58.96   58.79
     9: A0A1Q7TJ47   60.80   60.41   62.18   64.95   86.08   91.58   92.10   92.27  100.00   99.31   98.97   98.80   75.52   72.24   75.26   75.26   71.82   72.68   56.33   57.89   55.29   57.71   57.99   59.27   59.62   54.34   54.51   54.51   54.34   54.51   54.51   54.51   54.34   54.51   54.51   54.51   54.51   54.51   54.34   54.82   54.64   54.43   54.34   54.51   54.51   54.51   54.69   54.51   54.51   54.51   54.34   54.51   54.51   54.34   54.51   54.51   59.45   56.25   61.01   61.63   61.46   58.52   59.93   60.76   60.42
    10: A0A2V7TD30   59.26   58.71   61.01   63.29   85.12   90.08   91.57   91.74   99.31  100.00   99.31   99.50   73.32   70.95   74.25   74.25   70.27   71.43   55.24   56.61   54.30   55.83   56.71   57.80   58.64   53.13   53.30   53.30   53.13   53.30   53.30   53.30   53.13   53.30   53.30   53.30   53.30   53.30   53.13   54.64   54.47   54.26   53.13   53.30   53.30   53.30   53.47   53.30   53.30   53.30   53.13   53.30   53.30   53.13   53.30   53.30   58.11   54.65   59.70   60.07   59.73   58.17   59.01   59.15   58.81
    11: A0A1Q7KJ39   60.98   60.24   62.35   64.95   85.91   91.24   91.92   92.10   98.97   99.31  100.00   99.83   75.71   71.55   75.43   75.43   71.48   72.34   56.15   58.06   55.46   57.89   58.16   59.10   59.97   54.34   54.51   54.51   54.34   54.51   54.51   54.51   54.34   54.51   54.51   54.51   54.51   54.51   54.34   54.64   54.47   54.43   54.34   54.51   54.51   54.51   54.69   54.51   54.51   54.51   54.34   54.51   54.51   54.34   54.51   54.51   59.62   56.08   60.83   61.11   60.94   58.17   60.10   60.59   60.24
    12: A0A2V7KLY4   59.43   58.71   61.18   63.29   85.29   90.25   91.40   91.57   98.80   99.50   99.83  100.00   73.32   70.61   74.25   74.25   69.93   71.10   55.24   56.78   54.47   56.00   56.88   57.80   58.98   53.30   53.47   53.47   53.30   53.47   53.47   53.47   53.30   53.47   53.47   53.47   53.47   53.47   53.30   54.64   54.47   54.43   53.30   53.47   53.47   53.47   53.64   53.47   53.47   53.47   53.30   53.47   53.47   53.30   53.47   53.47   58.45   54.65   59.70   59.73   59.39   58.17   59.01   59.15   58.81
    13: A0A1Q8ADV9   60.72   63.04   66.79   71.04   73.55   71.69   72.41   72.41   75.52   73.32   75.71   73.32  100.00   76.38   80.62   80.62   80.69   83.15   58.03   60.04   58.47   60.00   61.13   61.38   62.84   56.31   56.31   56.31   56.12   56.12   56.49   56.49   56.12   56.31   56.31   56.31   56.31   56.31   56.12   58.29   58.10   57.92   56.12   56.49   56.49   56.49   56.12   55.94   56.31   56.31   56.31   56.31   56.12   56.31   56.31   56.31   61.86   59.05   62.84   63.69   62.04   61.14   61.72   62.06   61.54
    14: A0A535J968   58.52   58.93   64.21   68.00   71.00   70.61   71.12   71.12   72.24   70.95   71.55   70.61   76.38  100.00   75.33   75.33   76.33   75.67   55.05   55.99   55.63   56.30   58.08   60.00   60.00   52.69   52.69   52.36   52.69   52.69   52.53   52.53   52.53   52.69   52.69   52.69   52.69   52.69   52.69   53.65   53.47   53.18   52.53   52.53   52.53   52.53   52.69   52.53   52.69   52.69   52.36   52.69   52.53   52.69   52.69   52.69   57.82   55.89   60.84   61.78   60.61   56.62   60.24   58.85   59.70
    15: A0A1Q7PIM5   58.10   58.13   63.00   69.19   72.79   72.09   73.73   73.89   75.26   74.25   75.43   74.25   80.62   75.33  100.00  100.00   78.03   79.51   57.45   56.38   56.19   58.51   59.97   59.70   59.53   53.02   53.02   52.85   52.85   53.02   53.02   53.02   52.85   53.02   53.02   53.02   53.02   53.02   53.02   54.15   53.98   53.69   52.85   53.19   53.19   53.19   53.02   52.85   53.02   53.02   53.02   53.02   53.19   53.02   53.02   53.02   59.46   55.37   60.37   62.75   61.91   57.64   59.87   59.16   59.16
    16: A0A1Q7GN98   58.10   58.13   63.00   69.19   72.79   72.09   73.73   73.89   75.26   74.25   75.43   74.25   80.62   75.33  100.00  100.00   78.03   79.51   57.45   56.38   56.19   58.51   59.97   59.70   59.53   53.02   53.02   52.85   52.85   53.02   53.02   53.02   52.85   53.02   53.02   53.02   53.02   53.02   53.02   54.15   53.98   53.69   52.85   53.19   53.19   53.19   53.02   52.85   53.02   53.02   53.02   53.02   53.19   53.02   53.02   53.02   59.46   55.37   60.37   62.75   61.91   57.64   59.87   59.16   59.16
    17: A0A1Q8A145   57.90   59.61   63.50   69.85   70.33   68.60   69.79   69.79   71.82   70.27   71.48   69.93   80.69   76.33   78.03   78.03  100.00   86.56   56.78   55.54   56.86   57.33   59.63   59.36   60.87   54.03   54.03   53.69   53.86   53.86   53.86   53.86   53.86   54.03   54.03   54.03   54.03   54.03   54.03   54.84   54.67   54.55   53.86   54.19   54.19   54.19   54.03   53.86   54.03   54.03   54.03   54.03   53.86   54.03   53.86   54.03   59.46   55.37   60.20   62.08   61.24   57.64   59.70   58.82   58.66
    18: A0A2V7RAW7   59.77   59.93   63.00   70.68   70.98   70.27   70.61   70.61   72.68   71.43   72.34   71.10   83.15   75.67   79.51   79.51   86.56  100.00   56.11   56.21   56.86   57.85   59.46   58.70   60.54   53.19   53.19   53.02   53.02   53.19   53.19   53.19   53.02   53.19   53.19   53.19   53.19   53.19   53.02   53.81   53.63   53.52   53.02   53.19   53.19   53.19   53.19   53.02   53.19   53.19   53.02   53.19   53.02   53.19   53.36   53.19   58.46   55.54   59.87   61.58   60.40   57.81   60.20   60.00   59.50
    19: A0A3N5EHE7   57.72   54.49   54.08   57.00   57.33   55.07   54.76   54.92   56.33   55.24   56.15   55.24   58.03   55.05   57.45   57.45   56.78   56.11  100.00   55.30   54.11   53.88   56.57   56.31   54.05   52.07   52.23   52.07   51.90   52.07   52.07   52.07   51.90   52.07   52.07   52.07   52.07   52.07   51.90   52.59   52.41   52.82   52.07   51.90   51.90   51.74   52.23   52.07   52.07   52.07   51.90   52.07   52.07   52.07   52.07   52.07   53.69   53.90   54.77   57.21   57.38   52.43   56.33   52.92   53.65
    20: A0A537IJR7   56.90   50.83   54.76   56.69   56.02   56.10   56.11   56.28   57.89   56.61   58.06   56.78   60.04   55.99   56.38   56.38   55.54   56.21   55.30  100.00   59.20   54.80   56.50   58.24   56.48   53.08   53.08   53.08   53.41   53.24   53.24   53.24   53.08   53.41   53.41   53.24   53.24   53.24   52.91   54.15   53.98   54.03   52.91   53.08   53.08   52.75   53.24   53.08   53.24   53.08   52.91   53.24   53.24   53.24   53.24   53.24   55.56   56.57   54.47   55.24   54.41   55.03   55.69   53.77   53.83
    21: A0A537K819   55.11   56.05   57.64   59.57   54.58   54.30   53.50   53.67   55.29   54.30   55.46   54.47   58.47   55.63   56.19   56.19   56.86   56.86   54.11   59.20  100.00   57.85   58.90   57.48   61.86   53.07   53.07   53.23   53.40   53.23   53.40   53.40   53.07   53.23   53.23   53.23   53.23   53.23   52.90   53.46   53.29   53.86   53.23   53.07   53.07   52.90   53.23   53.07   53.23   53.23   53.07   53.23   53.07   53.23   53.07   53.23   61.35   60.70   55.45   57.71   57.55   56.08   59.17   56.26   56.98
    22: A0A6B3PFN6   54.10   55.45   59.47   60.50   56.09   55.33   55.02   55.19   57.71   55.83   57.89   56.00   60.00   56.30   58.51   58.51   57.33   57.85   53.88   54.80   57.85  100.00   58.94   61.75   63.08   59.27   59.27   58.94   59.11   58.94   58.94   58.94   59.11   58.94   58.94   58.94   58.94   58.94   58.94   60.03   59.86   59.86   58.94   58.94   58.94   58.77   59.11   58.94   59.11   59.11   58.77   59.11   58.94   59.11   59.11   59.11   60.33   58.11   58.09   61.09   60.93   59.03   61.23   59.83   58.71
    23: A0A8J2XUV8   57.00   55.17   60.37   61.81   57.45   57.39   57.55   57.72   57.99   56.71   58.16   56.88   61.13   58.08   59.97   59.97   59.63   59.46   56.57   56.50   58.90   58.94  100.00   61.86   63.85   56.33   56.50   56.83   56.67   57.00   57.00   57.00   57.17   57.17   57.17   57.00   57.00   57.00   56.50   57.71   57.54   57.39   56.67   56.50   56.50   56.33   56.67   56.50   56.83   56.83   56.67   56.83   57.00   56.83   56.83   56.83   61.90   60.33   58.31   62.00   61.17   59.65   61.14   60.40   60.43
    24: A0A925KYD3   57.41   56.24   60.27   59.36   57.53   58.14   57.29   57.45   59.27   57.80   59.10   57.80   61.38   60.00   59.70   59.70   59.36   58.70   56.31   58.24   57.48   61.75   61.86  100.00   68.71   58.24   58.57   58.57   58.74   58.57   58.57   58.57   58.40   58.57   58.57   58.57   58.57   58.57   58.40   59.34   59.17   59.52   58.57   58.40   58.40   58.24   58.74   58.57   58.57   58.57   58.40   58.57   58.57   58.40   58.57   58.57   60.80   59.40   58.54   61.56   60.23   60.07   63.88   60.97   61.33
    25: A0A1M4SJW9   55.72   58.07   62.27   61.87   59.53   58.47   57.79   57.79   59.62   58.64   59.97   58.98   62.84   60.00   59.53   59.53   60.87   60.54   54.05   56.48   61.86   63.08   63.85   68.71  100.00   60.90   61.06   60.90   61.06   60.73   60.90   60.90   60.73   60.90   60.90   60.90   60.90   60.90   60.73   61.07   60.90   61.41   61.06   60.90   60.90   60.90   61.06   60.90   61.06   61.23   60.73   61.06   60.90   61.06   61.06   61.06   63.31   62.90   61.06   63.73   62.23   62.50   65.38   62.81   63.50
    26: A0A3R6LMM7   54.19   55.24   56.33   55.76   52.25   53.47   53.68   53.85   54.34   53.13   54.34   53.30   56.31   52.69   53.02   53.02   54.03   53.19   52.07   53.08   53.07   59.27   56.33   58.24   60.90  100.00   99.67   98.68   99.18   98.85   98.85   98.85   99.01   99.01   99.01   99.18   99.18   99.18   98.52   98.45   98.28   98.81   98.85   99.01   99.01   98.68   98.52   98.35   99.18   99.01   98.85   99.01   99.01   99.01   99.01   99.18   58.61   60.20   57.12   57.38   56.88   61.57   58.33   58.93   58.64
    27: A0A7K0H0E3   54.53   55.24   56.50   55.76   52.42   53.64   53.68   53.85   54.51   53.30   54.51   53.47   56.31   52.69   53.02   53.02   54.03   53.19   52.23   53.08   53.07   59.27   56.50   58.57   61.06   99.67  100.00   99.01   99.51   99.18   99.18   99.18   99.34   99.34   99.34   99.51   99.51   99.51   98.85   98.80   98.62   99.15   99.18   99.34   99.34   99.01   98.85   98.68   99.51   99.34   99.18   99.34   99.34   99.34   99.34   99.51   58.77   60.20   57.28   57.71   57.21   61.74   58.67   59.27   58.97
    28: A0A7K0HIF4   54.36   55.24   56.83   56.09   52.25   53.47   53.51   53.68   54.51   53.30   54.51   53.47   56.31   52.36   52.85   52.85   53.69   53.02   52.07   53.08   53.23   58.94   56.83   58.57   60.90   98.68   99.01  100.00   99.18   99.18   99.51   99.51   99.01   99.01   99.01   99.18   99.18   99.18   98.19   98.80   98.62   98.81   98.85   99.01   99.01   98.68   98.85   98.68   99.18   99.01   98.85   99.34   99.01   99.01   99.01   99.18   59.11   60.03   57.28   57.55   57.05   61.57   58.83   59.43   59.14
    29: A0A7L5EDV6   54.36   55.24   56.67   55.93   52.59   53.47   53.51   53.68   54.34   53.13   54.34   53.30   56.12   52.69   52.85   52.85   53.86   53.02   51.90   53.41   53.40   59.11   56.67   58.74   61.06   99.18   99.51   99.18  100.00   99.34   99.34   99.34   99.51   99.51   99.51   99.67   99.67   99.67   98.68   98.97   98.80   99.32   99.34   99.51   99.51   99.18   99.01   98.85   99.67   99.51   99.34   99.51   99.51   99.51   99.51   99.67   58.94   60.36   57.28   57.55   57.05   61.91   58.83   59.43   59.30
    30: A0A6N3BKZ6   54.36   55.24   56.67   55.93   52.42   53.64   53.68   53.85   54.51   53.30   54.51   53.47   56.12   52.69   53.02   53.02   53.86   53.19   52.07   53.24   53.23   58.94   57.00   58.57   60.73   98.85   99.18   99.18   99.34  100.00   99.34   99.34   99.51   99.51   99.51   99.67   99.67   99.67   98.35   98.97   98.80   98.98   99.01   99.18   99.18   98.85   99.01   98.85   99.34   99.18   99.01   99.51   99.18   99.18   99.18   99.34   58.94   60.20   57.12   57.55   57.05   61.57   58.67   59.10   58.80
    31: A0A496CPE4   54.19   55.24   56.67   55.93   52.25   53.47   53.51   53.68   54.51   53.30   54.51   53.47   56.49   52.53   53.02   53.02   53.86   53.19   52.07   53.24   53.40   58.94   57.00   58.57   60.90   98.85   99.18   99.51   99.34   99.34  100.00  100.00   99.51   99.51   99.51   99.67   99.67   99.67   98.35   98.62   98.45   98.98   99.01   99.18   99.18   98.85   98.68   98.52   99.34   99.18   99.01   99.18   99.18   99.18   99.18   99.34   59.11   60.20   57.12   57.55   57.05   61.91   58.67   59.27   58.97
    32: K6AVM7       54.19   55.24   56.67   55.93   52.25   53.47   53.51   53.68   54.51   53.30   54.51   53.47   56.49   52.53   53.02   53.02   53.86   53.19   52.07   53.24   53.40   58.94   57.00   58.57   60.90   98.85   99.18   99.51   99.34   99.34  100.00  100.00   99.51   99.51   99.51   99.67   99.67   99.67   98.35   98.62   98.45   98.98   99.01   99.18   99.18   98.85   98.68   98.52   99.34   99.18   99.01   99.18   99.18   99.18   99.18   99.34   59.11   60.20   57.12   57.55   57.05   61.91   58.67   59.27   58.97
    33: A0A5C6KQG5   54.19   55.41   56.83   55.76   52.25   53.47   53.51   53.68   54.34   53.13   54.34   53.30   56.12   52.53   52.85   52.85   53.86   53.02   51.90   53.08   53.07   59.11   57.17   58.40   60.73   99.01   99.34   99.01   99.51   99.51   99.51   99.51  100.00   99.67   99.67   99.84   99.84   99.84   98.52   98.80   98.62   99.15   99.18   99.34   99.34   99.01   98.85   98.68   99.51   99.34   99.18   99.34   99.34   99.34   99.34   99.51   59.11   60.36   56.95   57.38   56.88   61.74   58.50   59.10   58.80
    34: A0A173R0L3   54.36   55.24   56.67   55.93   52.42   53.64   53.68   53.85   54.51   53.30   54.51   53.47   56.31   52.69   53.02   53.02   54.03   53.19   52.07   53.41   53.23   58.94   57.17   58.57   60.90   99.01   99.34   99.01   99.51   99.51   99.51   99.51   99.67  100.00  100.00   99.84   99.84   99.84   98.52   98.97   98.80   99.32   99.18   99.34   99.34   99.01   98.85   98.68   99.51   99.34   99.18   99.34   99.34   99.34   99.34   99.51   59.11   60.36   57.12   57.71   57.21   61.91   58.67   59.27   58.97
    35: A0A223HKL5   54.36   55.24   56.67   55.93   52.42   53.64   53.68   53.85   54.51   53.30   54.51   53.47   56.31   52.69   53.02   53.02   54.03   53.19   52.07   53.41   53.23   58.94   57.17   58.57   60.90   99.01   99.34   99.01   99.51   99.51   99.51   99.51   99.67  100.00  100.00   99.84   99.84   99.84   98.52   98.97   98.80   99.32   99.18   99.34   99.34   99.01   98.85   98.68   99.51   99.34   99.18   99.34   99.34   99.34   99.34   99.51   59.11   60.36   57.12   57.71   57.21   61.91   58.67   59.27   58.97
    36: A0A496DEG4   54.36   55.24   56.67   55.93   52.42   53.64   53.68   53.85   54.51   53.30   54.51   53.47   56.31   52.69   53.02   53.02   54.03   53.19   52.07   53.24   53.23   58.94   57.00   58.57   60.90   99.18   99.51   99.18   99.67   99.67   99.67   99.67   99.84   99.84   99.84  100.00  100.00  100.00   98.68   98.97   98.80   99.32   99.34   99.51   99.51   99.18   99.01   98.85   99.67   99.51   99.34   99.51   99.51   99.51   99.51   99.67   59.11   60.36   57.12   57.55   57.05   61.91   58.67   59.27   58.97
    37: A0A3R5YWV6   54.36   55.24   56.67   55.93   52.42   53.64   53.68   53.85   54.51   53.30   54.51   53.47   56.31   52.69   53.02   53.02   54.03   53.19   52.07   53.24   53.23   58.94   57.00   58.57   60.90   99.18   99.51   99.18   99.67   99.67   99.67   99.67   99.84   99.84   99.84  100.00  100.00  100.00   98.68   98.97   98.80   99.32   99.34   99.51   99.51   99.18   99.01   98.85   99.67   99.51   99.34   99.51   99.51   99.51   99.51   99.67   59.11   60.36   57.12   57.55   57.05   61.91   58.67   59.27   58.97
    38: A0A496D0Q3   54.36   55.24   56.67   55.93   52.42   53.64   53.68   53.85   54.51   53.30   54.51   53.47   56.31   52.69   53.02   53.02   54.03   53.19   52.07   53.24   53.23   58.94   57.00   58.57   60.90   99.18   99.51   99.18   99.67   99.67   99.67   99.67   99.84   99.84   99.84  100.00  100.00  100.00   98.68   98.97   98.80   99.32   99.34   99.51   99.51   99.18   99.01   98.85   99.67   99.51   99.34   99.51   99.51   99.51   99.51   99.67   59.11   60.36   57.12   57.55   57.05   61.91   58.67   59.27   58.97
    39: A0A496BWH8   54.36   55.07   56.33   55.76   52.25   53.47   53.51   53.68   54.34   53.13   54.34   53.30   56.12   52.69   53.02   53.02   54.03   53.02   51.90   52.91   52.90   58.94   56.50   58.40   60.73   98.52   98.85   98.19   98.68   98.35   98.35   98.35   98.52   98.52   98.52   98.68   98.68   98.68  100.00   98.11   97.93   98.46   98.68   98.85   98.85   98.52   98.02   97.86   99.01   98.85   98.35   98.52   98.52   98.52   98.52   98.68   58.94   60.03   56.95   57.55   57.05   61.57   58.67   59.10   58.80
    40: A0A4S2ESW8   55.83   55.98   57.22   56.40   53.63   54.64   54.67   54.84   54.82   54.64   54.64   54.64   58.29   53.65   54.15   54.15   54.84   53.81   52.59   54.15   53.46   60.03   57.71   59.34   61.07   98.45   98.80   98.80   98.97   98.97   98.62   98.62   98.80   98.97   98.97   98.97   98.97   98.97   98.11  100.00   99.83   99.14   98.80   99.14   99.14   98.97   98.62   98.45   98.97   98.97   98.97   99.14   98.80   98.80   98.80   98.97   59.86   61.01   58.82   58.58   58.23   61.57   60.52   60.83   60.66
    41: A0A3L7ZT03   55.65   55.98   57.04   56.23   53.46   54.47   54.50   54.67   54.64   54.47   54.47   54.47   58.10   53.47   53.98   53.98   54.67   53.63   52.41   53.98   53.29   59.86   57.54   59.17   60.90   98.28   98.62   98.62   98.80   98.80   98.45   98.45   98.62   98.80   98.80   98.80   98.80   98.80   97.93   99.83  100.00   98.97   98.62   98.97   98.97   98.80   98.45   98.28   98.80   98.80   98.80   98.97   98.62   98.62   98.62   98.80   59.69   60.83   58.65   58.41   58.06   61.39   60.35   60.66   60.49
    42: C7X8X4       55.52   56.01   57.41   56.60   53.17   54.43   54.47   54.64   54.43   54.26   54.43   54.43   57.92   53.18   53.69   53.69   54.55   53.52   52.82   54.03   53.86   59.86   57.39   59.52   61.41   98.81   99.15   98.81   99.32   98.98   98.98   98.98   99.15   99.32   99.32   99.32   99.32   99.32   98.46   99.14   98.97  100.00   99.15   99.49   99.49   99.32   98.63   98.46   99.32   99.32   99.32   99.15   99.15   99.15   99.15   99.32   59.69   61.17   58.49   58.42   58.08   61.57   60.00   60.65   60.31
    43: A0A496C7H3   54.53   55.24   56.50   55.76   52.25   53.64   53.51   53.68   54.34   53.13   54.34   53.30   56.12   52.53   52.85   52.85   53.86   53.02   52.07   52.91   53.23   58.94   56.67   58.57   61.06   98.85   99.18   98.85   99.34   99.01   99.01   99.01   99.18   99.18   99.18   99.34   99.34   99.34   98.68   98.80   98.62   99.15  100.00   99.51   99.51   99.51   98.68   98.52   99.34   99.51   99.34   99.18   99.18   99.18   99.18   99.34   58.94   60.20   57.12   57.71   57.21   61.74   58.67   59.27   58.97
    44: A0A7K0H9W4   54.36   55.07   56.50   55.76   52.42   53.64   53.68   53.85   54.51   53.30   54.51   53.47   56.49   52.53   53.19   53.19   54.19   53.19   51.90   53.08   53.07   58.94   56.50   58.40   60.90   99.01   99.34   99.01   99.51   99.18   99.18   99.18   99.34   99.34   99.34   99.51   99.51   99.51   98.85   99.14   98.97   99.49   99.51  100.00  100.00   99.67   98.85   98.68   99.51   99.34   99.51   99.34   99.34   99.34   99.34   99.51   58.94   60.20   57.12   57.38   56.88   61.74   58.67   59.27   58.97
    45: A0A3E4P6S5   54.36   55.07   56.50   55.76   52.42   53.64   53.68   53.85   54.51   53.30   54.51   53.47   56.49   52.53   53.19   53.19   54.19   53.19   51.90   53.08   53.07   58.94   56.50   58.40   60.90   99.01   99.34   99.01   99.51   99.18   99.18   99.18   99.34   99.34   99.34   99.51   99.51   99.51   98.85   99.14   98.97   99.49   99.51  100.00  100.00   99.67   98.85   98.68   99.51   99.34   99.51   99.34   99.34   99.34   99.34   99.51   58.94   60.20   57.12   57.38   56.88   61.74   58.67   59.27   58.97
    46: A0A1Q6HWK4   54.19   54.91   56.17   55.76   52.42   53.64   53.68   53.85   54.51   53.30   54.51   53.47   56.49   52.53   53.19   53.19   54.19   53.19   51.74   52.75   52.90   58.77   56.33   58.24   60.90   98.68   99.01   98.68   99.18   98.85   98.85   98.85   99.01   99.01   99.01   99.18   99.18   99.18   98.52   98.97   98.80   99.32   99.51   99.67   99.67  100.00   98.52   98.35   99.18   99.34   99.18   99.01   99.01   99.01   99.01   99.18   58.77   60.03   56.95   57.21   56.72   61.57   58.50   59.10   58.80
    47: A0A6I2NT04   54.36   55.24   56.67   56.09   52.42   53.47   53.68   53.85   54.69   53.47   54.69   53.64   56.12   52.69   53.02   53.02   54.03   53.19   52.23   53.24   53.23   59.11   56.67   58.74   61.06   98.52   98.85   98.85   99.01   99.01   98.68   98.68   98.85   98.85   98.85   99.01   99.01   99.01   98.02   98.62   98.45   98.63   98.68   98.85   98.85   98.52  100.00   99.84   99.01   98.85   99.01   99.51   99.18   99.18   99.18   99.34   58.94   60.03   57.28   57.55   56.88   61.57   58.67   59.43   59.14
    48: A6LCM2       54.19   55.07   56.50   55.93   52.25   53.30   53.51   53.68   54.51   53.30   54.51   53.47   55.94   52.53   52.85   52.85   53.86   53.02   52.07   53.08   53.07   58.94   56.50   58.57   60.90   98.35   98.68   98.68   98.85   98.85   98.52   98.52   98.68   98.68   98.68   98.85   98.85   98.85   97.86   98.45   98.28   98.46   98.52   98.68   98.68   98.35   99.84  100.00   98.85   98.68   98.85   99.34   99.01   99.01   99.01   99.18   58.77   59.87   57.12   57.38   56.72   61.39   58.50   59.27   58.97
    49: A0A069SR21   54.53   55.24   56.67   55.93   52.42   53.64   53.68   53.85   54.51   53.30   54.51   53.47   56.31   52.69   53.02   53.02   54.03   53.19   52.07   53.24   53.23   59.11   56.83   58.57   61.06   99.18   99.51   99.18   99.67   99.34   99.34   99.34   99.51   99.51   99.51   99.67   99.67   99.67   99.01   98.97   98.80   99.32   99.34   99.51   99.51   99.18   99.01   98.85  100.00   99.84   99.34   99.51   99.51   99.51   99.51   99.67   59.11   60.36   57.28   57.55   57.05   61.91   58.83   59.43   59.14
    50: A0A174WQH3   54.53   55.24   56.50   55.93   52.42   53.64   53.68   53.85   54.51   53.30   54.51   53.47   56.31   52.69   53.02   53.02   54.03   53.19   52.07   53.08   53.23   59.11   56.83   58.57   61.23   99.01   99.34   99.01   99.51   99.18   99.18   99.18   99.34   99.34   99.34   99.51   99.51   99.51   98.85   98.97   98.80   99.32   99.51   99.34   99.34   99.34   98.85   98.68   99.84  100.00   99.18   99.34   99.34   99.34   99.34   99.51   59.11   60.36   57.28   57.55   57.05   61.91   58.83   59.43   59.14
    51: A0A496DU49   54.36   55.07   56.50   55.59   52.25   53.64   53.51   53.68   54.34   53.13   54.34   53.30   56.31   52.36   53.02   53.02   54.03   53.02   51.90   52.91   53.07   58.77   56.67   58.40   60.73   98.85   99.18   98.85   99.34   99.01   99.01   99.01   99.18   99.18   99.18   99.34   99.34   99.34   98.35   98.97   98.80   99.32   99.34   99.51   99.51   99.18   99.01   98.85   99.34   99.18  100.00   99.51   99.51   99.51   99.51   99.67   58.77   60.03   56.95   57.55   57.05   61.74   58.50   59.27   58.97
    52: A0A8D9L875   54.53   55.24   56.67   55.93   52.42   53.64   53.68   53.85   54.51   53.30   54.51   53.47   56.31   52.69   53.02   53.02   54.03   53.19   52.07   53.24   53.23   59.11   56.83   58.57   61.06   99.01   99.34   99.34   99.51   99.51   99.18   99.18   99.34   99.34   99.34   99.51   99.51   99.51   98.52   99.14   98.97   99.15   99.18   99.34   99.34   99.01   99.51   99.34   99.51   99.34   99.51  100.00   99.67   99.67   99.67   99.84   59.11   60.36   57.28   57.55   57.05   61.91   58.83   59.60   59.30
    53: A0A3L7ZHR9   54.53   55.07   56.50   55.76   52.42   53.64   53.68   53.85   54.51   53.30   54.51   53.47   56.12   52.53   53.19   53.19   53.86   53.02   52.07   53.24   53.07   58.94   57.00   58.57   60.90   99.01   99.34   99.01   99.51   99.18   99.18   99.18   99.34   99.34   99.34   99.51   99.51   99.51   98.52   98.80   98.62   99.15   99.18   99.34   99.34   99.01   99.18   99.01   99.51   99.34   99.51   99.67  100.00   99.67   99.67   99.84   58.94   60.20   57.12   57.55   57.05   61.91   58.67   59.43   59.14
    54: A0A6I2N3F3   54.36   55.07   56.50   55.93   52.42   53.47   53.51   53.68   54.34   53.13   54.34   53.30   56.31   52.69   53.02   53.02   54.03   53.19   52.07   53.24   53.23   59.11   56.83   58.40   61.06   99.01   99.34   99.01   99.51   99.18   99.18   99.18   99.34   99.34   99.34   99.51   99.51   99.51   98.52   98.80   98.62   99.15   99.18   99.34   99.34   99.01   99.18   99.01   99.51   99.34   99.51   99.67   99.67  100.00   99.67   99.84   58.94   60.20   57.28   57.55   57.05   62.09   58.83   59.60   59.30
    55: A0A1Y4IBS5   54.53   55.07   56.50   55.93   52.42   53.64   53.68   53.85   54.51   53.30   54.51   53.47   56.31   52.69   53.02   53.02   53.86   53.36   52.07   53.24   53.07   59.11   56.83   58.57   61.06   99.01   99.34   99.01   99.51   99.18   99.18   99.18   99.34   99.34   99.34   99.51   99.51   99.51   98.52   98.80   98.62   99.15   99.18   99.34   99.34   99.01   99.18   99.01   99.51   99.34   99.51   99.67   99.67   99.67  100.00   99.84   59.11   60.36   57.12   57.55   57.05   62.09   58.83   59.60   59.30
    56: A0A3R6KXG4   54.53   55.24   56.67   55.93   52.42   53.64   53.68   53.85   54.51   53.30   54.51   53.47   56.31   52.69   53.02   53.02   54.03   53.19   52.07   53.24   53.23   59.11   56.83   58.57   61.06   99.18   99.51   99.18   99.67   99.34   99.34   99.34   99.51   99.51   99.51   99.67   99.67   99.67   98.68   98.97   98.80   99.32   99.34   99.51   99.51   99.18   99.34   99.18   99.67   99.51   99.67   99.84   99.84   99.84   99.84  100.00   59.11   60.36   57.28   57.55   57.05   62.09   58.83   59.60   59.30
    57: A0A317GSK4   56.28   57.64   61.73   58.83   57.83   58.28   58.26   58.43   59.45   58.11   59.62   58.45   61.86   57.82   59.46   59.46   59.46   58.46   53.69   55.56   61.35   60.33   61.90   60.80   63.31   58.61   58.77   59.11   58.94   58.94   59.11   59.11   59.11   59.11   59.11   59.11   59.11   59.11   58.94   59.86   59.69   59.69   58.94   58.94   58.94   58.77   58.94   58.77   59.11   59.11   58.77   59.11   58.94   58.94   59.11   59.11  100.00   65.29   58.72   59.77   59.11   59.03   61.23   61.00   61.19
    58: A0A4U3KSE7   54.36   55.74   59.83   60.27   55.76   54.65   55.52   55.69   56.25   54.65   56.08   54.65   59.05   55.89   55.37   55.37   55.37   55.54   53.90   56.57   60.70   58.11   60.33   59.40   62.90   60.20   60.20   60.03   60.36   60.20   60.20   60.20   60.36   60.36   60.36   60.36   60.36   60.36   60.03   61.01   60.83   61.17   60.20   60.20   60.20   60.03   60.03   59.87   60.36   60.36   60.03   60.36   60.20   60.20   60.36   60.36   65.29  100.00   58.77   61.03   61.03   62.61   61.67   62.10   62.79
    59: A0A1I3T8R6   59.46   58.54   61.13   63.06   60.90   59.87   59.50   59.67   61.01   59.70   60.83   59.70   62.84   60.84   60.37   60.37   60.20   59.87   54.77   54.47   55.45   58.09   58.31   58.54   61.06   57.12   57.28   57.28   57.28   57.12   57.12   57.12   56.95   57.12   57.12   57.12   57.12   57.12   56.95   58.82   58.65   58.49   57.12   57.12   57.12   56.95   57.28   57.12   57.28   57.28   56.95   57.28   57.12   57.28   57.12   57.28   58.72   58.77  100.00   62.09   61.26   57.29   61.90   60.83   61.03
    60: A0A385STP5   57.72   57.40   61.90   62.77   61.44   60.07   59.70   59.87   61.63   60.07   61.11   59.73   63.69   61.78   62.75   62.75   62.08   61.58   57.21   55.24   57.71   61.09   62.00   61.56   63.73   57.38   57.71   57.55   57.55   57.55   57.55   57.55   57.38   57.71   57.71   57.55   57.55   57.55   57.55   58.58   58.41   58.42   57.71   57.38   57.38   57.21   57.55   57.38   57.55   57.55   57.55   57.55   57.55   57.55   57.55   57.55   59.77   61.03   62.09  100.00   95.03   62.33   64.56   61.77   60.96
    61: A0A1M5LB09   56.88   56.74   60.57   61.44   60.10   60.41   59.53   59.70   61.46   59.73   60.94   59.39   62.04   60.61   61.91   61.91   61.24   60.40   57.38   54.41   57.55   60.93   61.17   60.23   62.23   56.88   57.21   57.05   57.05   57.05   57.05   57.05   56.88   57.21   57.21   57.05   57.05   57.05   57.05   58.23   58.06   58.08   57.21   56.88   56.88   56.72   56.88   56.72   57.05   57.05   57.05   57.05   57.05   57.05   57.05   57.05   59.11   61.03   61.26   95.03  100.00   61.81   63.73   60.93   59.80
    62: A0A0C1IJ26   57.42   55.03   59.65   59.20   57.12   58.35   58.16   58.33   58.52   58.17   58.17   58.17   61.14   56.62   57.64   57.64   57.64   57.81   52.43   55.03   56.08   59.03   59.65   60.07   62.50   61.57   61.74   61.57   61.91   61.57   61.91   61.91   61.74   61.91   61.91   61.91   61.91   61.91   61.57   61.57   61.39   61.57   61.74   61.74   61.74   61.57   61.57   61.39   61.91   61.91   61.74   61.91   61.91   62.09   62.09   62.09   59.03   62.61   57.29   62.33   61.81  100.00   62.85   64.06   64.24
    63: A0A5B2VMA8   58.85   57.10   60.10   60.40   59.40   58.84   57.65   57.82   59.93   59.01   60.10   59.01   61.72   60.24   59.87   59.87   59.70   60.20   56.33   55.69   59.17   61.23   61.14   63.88   65.38   58.33   58.67   58.83   58.83   58.67   58.67   58.67   58.50   58.67   58.67   58.67   58.67   58.67   58.67   60.52   60.35   60.00   58.67   58.67   58.67   58.50   58.67   58.50   58.83   58.83   58.50   58.83   58.67   58.83   58.83   58.83   61.23   61.67   61.90   64.56   63.73   62.85  100.00   73.08   73.04
    64: A0A561PUN9   56.81   53.51   60.07   59.70   57.36   58.14   58.79   58.96   60.76   59.15   60.59   59.15   62.06   58.85   59.16   59.16   58.82   60.00   52.92   53.77   56.26   59.83   60.40   60.97   62.81   58.93   59.27   59.43   59.43   59.10   59.27   59.27   59.10   59.27   59.27   59.27   59.27   59.27   59.10   60.83   60.66   60.65   59.27   59.27   59.27   59.10   59.43   59.27   59.43   59.43   59.27   59.60   59.43   59.60   59.60   59.60   61.00   62.10   60.83   61.77   60.93   64.06   73.08  100.00   91.83
    65: A0A847SPV0   57.48   53.58   59.10   60.54   58.36   57.97   58.63   58.79   60.42   58.81   60.24   58.81   61.54   59.70   59.16   59.16   58.66   59.50   53.65   53.83   56.98   58.71   60.43   61.33   63.50   58.64   58.97   59.14   59.30   58.80   58.97   58.97   58.80   58.97   58.97   58.97   58.97   58.97   58.80   60.66   60.49   60.31   58.97   58.97   58.97   58.80   59.14   58.97   59.14   59.14   58.97   59.30   59.14   59.30   59.30   59.30   61.19   62.79   61.03   60.96   59.80   64.24   73.04   91.83  100.00
