#
#
#  Percent Identity  Matrix - created by Clustal2.1 
#
#

     1: A0A0C3BMW8  100.00   46.30   46.30   48.97   46.71   48.65   50.55   46.93   46.41   48.60   47.76   46.55   47.88   51.32   51.06   45.94   48.51   50.47   50.28   50.75   49.53   47.50   50.84   50.84   49.06   50.56   48.63   47.33   48.30   48.70   48.68   50.00
     2: A0A1Q3EC64   46.30  100.00  100.00   72.16   73.77   52.25   55.43   56.92   58.60   51.20   54.92   53.09   51.31   49.91   50.35   50.64   52.34   51.49   51.85   53.14   49.39   56.04   53.17   53.17   52.72   51.85   55.83   52.51   51.77   51.97   53.35   54.39
     3: A0A1Q3EC99   46.30  100.00  100.00   72.23   73.77   52.25   55.43   56.94   58.60   51.20   54.92   53.09   51.31   49.91   50.35   50.64   52.34   51.49   51.85   53.14   49.39   56.04   53.17   53.17   52.72   51.85   55.83   52.51   51.77   51.97   53.35   54.39
     4: A0A0D0B9P4   48.97   72.16   72.23  100.00   75.00   53.67   57.61   60.61   62.53   55.13   56.74   55.13   53.30   49.65   54.05   53.42   54.97   53.86   52.64   52.56   50.79   57.03   54.16   54.16   53.81   52.74   58.85   53.59   52.67   53.07   56.21   57.88
     5: A0A6A4H0W7   46.71   73.77   73.77   75.00  100.00   51.00   56.63   58.22   58.71   54.21   55.42   55.07   51.10   49.90   54.89   52.36   54.64   52.88   54.04   52.71   51.15   55.22   54.26   54.26   55.11   54.14   56.42   52.88   51.47   51.68   56.40   55.41
     6: D8QEK3       48.65   52.25   52.25   53.67   51.00  100.00   50.75   49.41   48.28   52.17   51.33   55.16   53.14   50.00   50.69   50.57   51.52   51.71   52.66   53.89   51.32   52.93   54.56   54.56   56.00   55.62   51.63   48.26   51.18   51.18   52.64   54.60
     7: A0A4V4HGJ5   50.55   55.43   55.43   57.61   56.63   50.75  100.00   70.85   73.62   52.29   58.57   54.03   51.12   52.25   52.52   52.07   52.30   52.17   51.83   52.41   49.74   56.34   55.48   55.48   53.90   53.21   54.65   51.42   49.71   49.90   52.88   53.74
     8: A0A8H5B0U2   46.93   56.92   56.94   60.61   58.22   49.41   70.85  100.00   92.35   51.34   55.60   53.24   51.85   50.27   50.82   49.53   50.86   51.17   49.01   50.90   47.93   55.75   52.07   52.07   51.70   50.45   53.88   51.10   50.20   50.20   51.91   52.81
     9: A0A8H5B1X2   46.41   58.60   58.60   62.53   58.71   48.28   73.62   92.35  100.00   52.10   55.10   54.93   49.90   52.16   52.95   50.71   52.07   53.47   52.24   51.63   48.89   54.38   54.29   54.29   55.19   53.97   52.69   49.17   48.19   48.19   51.52   54.45
    10: A0A0D7BAY8   48.60   51.20   51.20   55.13   54.21   52.17   52.29   51.34   52.10  100.00   58.41   57.76   49.53   50.00   52.97   49.63   51.98   51.50   50.35   50.88   49.03   57.47   52.92   52.92   53.01   53.72   53.74   49.03   50.30   50.10   55.52   56.58
    11: A0A0D7B4D6   47.76   54.92   54.92   56.74   55.42   51.33   58.57   55.60   55.10   58.41  100.00   60.30   52.19   50.77   54.56   51.43   50.40   53.90   53.33   54.08   51.14   55.32   57.63   57.63   56.02   55.83   54.98   50.29   49.70   49.31   53.52   57.01
    12: A0A0D7B8T4   46.55   53.09   53.09   55.13   55.07   55.16   54.03   53.24   54.93   57.76   60.30  100.00   51.50   52.48   52.89   52.78   50.09   54.79   53.56   53.71   54.05   58.60   56.46   56.46   56.31   55.95   55.45   52.22   52.66   52.86   56.41   57.80
    13: A0A0D7AFS4   47.88   51.31   51.31   53.30   51.10   53.14   51.12   51.85   49.90   49.53   52.19   51.50  100.00   47.17   51.65   50.38   49.11   50.94   51.69   50.37   48.13   51.23   54.31   54.31   52.16   51.97   52.87   50.00   50.98   50.98   51.69   53.46
    14: A0A166D3U7   51.32   49.91   49.91   49.65   49.90   50.00   52.25   50.27   52.16   50.00   50.77   52.48   47.17  100.00   54.08   48.46   50.74   54.55   54.64   55.99   54.50   56.63   56.02   56.02   56.00   55.65   51.84   51.96   51.98   51.98   53.29   52.48
    15: A0A286UJW0   51.06   50.35   50.35   54.05   54.89   50.69   52.52   50.82   52.95   52.97   54.56   52.89   51.65   54.08  100.00   51.87   58.21   52.92   52.75   53.36   51.86   56.45   58.38   58.38   57.72   57.47   56.31   56.28   53.80   54.00   54.40   55.28
    16: A0A0H2RI08   45.94   50.64   50.64   53.42   52.36   50.57   52.07   49.53   50.71   49.63   51.43   52.78   50.38   48.46   51.87  100.00   53.35   52.55   54.20   54.30   50.91   54.95   54.17   54.17   56.45   54.48   51.15   49.81   49.70   49.70   54.44   53.76
    17: A0A0H2RIG0   48.51   52.34   52.34   54.97   54.64   51.52   52.30   50.86   52.07   51.98   50.40   50.09   49.11   50.74   58.21   53.35  100.00   51.64   53.10   53.20   54.66   57.77   56.32   56.32   57.19   55.86   52.76   51.13   51.89   51.89   53.73   53.90
    18: S8DM60       50.47   51.49   51.49   53.86   52.88   51.71   52.17   51.17   53.47   51.50   53.90   54.79   50.94   54.55   52.92   52.55   51.64  100.00   78.63   58.20   55.59   58.14   62.39   62.39   58.59   57.90   55.19   51.75   52.27   52.27   54.64   55.24
    19: A0A165MFN9   50.28   51.85   51.85   52.64   54.04   52.66   51.83   49.01   52.24   50.35   53.33   53.56   51.69   54.64   52.75   54.20   53.10   78.63  100.00   59.20   57.96   60.61   62.20   62.20   59.28   59.90   56.35   53.89   51.68   51.68   56.67   54.47
    20: A0A2R6NP45   50.75   53.14   53.14   52.56   52.71   53.89   52.41   50.90   51.63   50.88   54.08   53.71   50.37   55.99   53.36   54.30   53.20   58.20   59.20  100.00   65.53   61.70   61.28   61.28   60.10   60.38   54.01   54.62   53.82   53.82   56.14   54.80
    21: K5VT85       49.53   49.39   49.39   50.79   51.15   51.32   49.74   47.93   48.89   49.03   51.14   54.05   48.13   54.50   51.86   50.91   54.66   55.59   57.96   65.53  100.00   58.54   60.55   60.55   60.65   59.90   52.87   52.70   49.80   49.80   54.13   54.02
    22: A0A166PYI6   47.50   56.04   56.04   57.03   55.22   52.93   56.34   55.75   54.38   57.47   55.32   58.60   51.23   56.63   56.45   54.95   57.77   58.14   60.61   61.70   58.54  100.00   62.80   62.80   63.53   63.16   53.17   50.48   53.94   53.94   57.77   60.26
    23: A0A5C2TP74   50.84   53.17   53.17   54.16   54.26   54.56   55.48   52.07   54.29   52.92   57.63   56.46   54.31   56.02   58.38   54.17   56.32   62.39   62.20   61.28   60.55   62.80  100.00  100.00   64.21   65.35   58.11   55.06   55.45   55.45   58.63   57.47
    24: A0A5C2SMS6   50.84   53.17   53.17   54.16   54.26   54.56   55.48   52.07   54.29   52.92   57.63   56.46   54.31   56.02   58.38   54.17   56.32   62.39   62.20   61.28   60.55   62.80  100.00  100.00   64.21   65.35   58.11   55.06   55.45   55.45   58.63   57.47
    25: A0A165UA79   49.06   52.72   52.72   53.81   55.11   56.00   53.90   51.70   55.19   53.01   56.02   56.31   52.16   56.00   57.72   56.45   57.19   58.59   59.28   60.10   60.65   63.53   64.21   64.21  100.00   85.33   54.63   52.05   55.16   54.96   58.38   57.12
    26: A0A5C3N3F9   50.56   51.85   51.85   52.74   54.14   55.62   53.21   50.45   53.97   53.72   55.83   55.95   51.97   55.65   57.47   54.48   55.86   57.90   59.90   60.38   59.90   63.16   65.35   65.35   85.33  100.00   54.25   51.46   55.16   55.16   58.66   55.99
    27: A0A0D0AMV4   48.63   55.83   55.83   58.85   56.42   51.63   54.65   53.88   52.69   53.74   54.98   55.45   52.87   51.84   56.31   51.15   52.76   55.19   56.35   54.01   52.87   53.17   58.11   58.11   54.63   54.25  100.00   60.42   52.17   52.17   57.90   57.31
    28: A0A4S8M7Y9   47.33   52.51   52.51   53.59   52.88   48.26   51.42   51.10   49.17   49.03   50.29   52.22   50.00   51.96   56.28   49.81   51.13   51.75   53.89   54.62   52.70   50.48   55.06   55.06   52.05   51.46   60.42  100.00   50.29   50.68   54.25   53.85
    29: A0A067P7B4   48.30   51.77   51.77   52.67   51.47   51.18   49.71   50.20   48.19   50.30   49.70   52.66   50.98   51.98   53.80   49.70   51.89   52.27   51.68   53.82   49.80   53.94   55.45   55.45   55.16   55.16   52.17   50.29  100.00   99.22   53.92   56.34
    30: A0A8H6ZNR0   48.70   51.97   51.97   53.07   51.68   51.18   49.90   50.20   48.19   50.10   49.31   52.86   50.98   51.98   54.00   49.70   51.89   52.27   51.68   53.82   49.80   53.94   55.45   55.45   54.96   55.16   52.17   50.68   99.22  100.00   53.92   56.53
    31: A0A0D2L8S6   48.68   53.35   53.35   56.21   56.40   52.64   52.88   51.91   51.52   55.52   53.52   56.41   51.69   53.29   54.40   54.44   53.73   54.64   56.67   56.14   54.13   57.77   58.63   58.63   58.38   58.66   57.90   54.25   53.92   53.92  100.00   61.23
    32: A0A8H5H230   50.00   54.39   54.39   57.88   55.41   54.60   53.74   52.81   54.45   56.58   57.01   57.80   53.46   52.48   55.28   53.76   53.90   55.24   54.47   54.80   54.02   60.26   57.47   57.47   57.12   55.99   57.31   53.85   56.34   56.53   61.23  100.00
