#
#
#  Percent Identity  Matrix - created by Clustal2.1 
#
#

     1: A0A8C8T2T3  100.00   95.83   96.31   51.78   50.37   51.69   50.09   51.83
     2: A0A8C8UIK3   95.83  100.00   97.92   51.52   50.09   51.43   50.00   51.38
     3: A0A8C8VZ70   96.31   97.92  100.00   51.79   50.38   51.70   50.44   52.01
     4: A0A6J0V462   51.78   51.52   51.79  100.00  100.00  100.00   63.36   65.15
     5: A0A6J0V8R4   50.37   50.09   50.38  100.00  100.00  100.00   61.78   63.94
     6: A0A6J0V278   51.69   51.43   51.70  100.00  100.00  100.00   63.36   65.15
     7: A0A7M4F1W6   50.09   50.00   50.44   63.36   61.78   63.36  100.00   95.55
     8: A0A7M4F0L8   51.83   51.38   52.01   65.15   63.94   65.15   95.55  100.00
