#
#
#  Percent Identity  Matrix - created by Clustal2.1 
#
#

     1: A0A6N6KQS8  100.00   49.49   53.23   58.37   57.72   56.57   54.17
     2: A0A3N5RNP3   49.49  100.00   51.99   58.32   61.46   59.10   57.33
     3: A0A1F8QG74   53.23   51.99  100.00   57.32   63.29   59.36   58.85
     4: A0A968BU63   58.37   58.32   57.32  100.00   65.21   62.21   61.51
     5: A0A7C2XN80   57.72   61.46   63.29   65.21  100.00   66.53   63.64
     6: A0A3N5ME32   56.57   59.10   59.36   62.21   66.53  100.00   70.18
     7: A0A3N5WX43   54.17   57.33   58.85   61.51   63.64   70.18  100.00
