#
#
#  Percent Identity  Matrix - created by Clustal2.1 
#
#

     1: A0A7X9PPM7  100.00  100.00   48.35   48.35   48.35   53.45   51.24   48.92   48.92   54.72
     2: A0A1V6B4T7  100.00  100.00   48.35   48.35   48.35   53.45   51.24   48.92   48.92   54.72
     3: A0A7X9JRP5   48.35   48.35  100.00   99.74   99.74   64.97   64.23   59.15   59.15   62.73
     4: A0A1V6B9C0   48.35   48.35   99.74  100.00  100.00   64.97   64.23   59.15   59.15   62.73
     5: A0A7K3IV65   48.35   48.35   99.74  100.00  100.00   64.97   64.23   59.15   59.15   62.73
     6: A0A7X9PNM6   53.45   53.45   64.97   64.97   64.97  100.00   99.73   59.73   59.73   65.93
     7: A0A1V6B4T1   51.24   51.24   64.23   64.23   64.23   99.73  100.00   59.47   59.47   66.22
     8: A0A1V6B9C4   48.92   48.92   59.15   59.15   59.15   59.73   59.47  100.00  100.00   69.87
     9: A0A7X9JRP8   48.92   48.92   59.15   59.15   59.15   59.73   59.47  100.00  100.00   69.87
    10: A0A7X7VG11   54.72   54.72   62.73   62.73   62.73   65.93   66.22   69.87   69.87  100.00
