#
#
#  Percent Identity  Matrix - created by Clustal2.1 
#
#

     1: A0A942HSP0  100.00   87.19   75.63   73.36   73.14   74.72   73.81   73.36   62.56   62.67   63.33   63.78   62.64   63.33   61.28   58.77   60.59   60.36   59.91   60.36   60.14   60.14   60.59   60.59   59.91   59.00   59.23   59.45   59.23   59.45   59.00   58.54   59.45   59.91   60.14   63.40   62.76   61.61   61.84   60.50   60.96   60.96   60.96   63.99   61.19   60.96   62.10   60.96   60.96   61.19   62.56   63.01   62.19   60.14   59.45   58.77   61.28   60.59   59.91   60.14   60.36   60.36   59.91   63.53   60.82   60.59   60.59   61.05   60.36   60.59   60.36   61.05   61.50   61.73   61.73   61.96
     2: A0A0F0LQ20   87.19  100.00   73.41   69.59   72.07   73.42   72.97   72.75   61.72   62.08   62.27   62.73   62.95   63.18   61.82   58.64   59.55   59.32   59.32   59.77   59.77   59.55   59.77   59.77   60.23   59.09   59.09   59.32   58.86   59.55   59.09   58.18   59.09   59.77   59.77   61.63   61.47   60.32   59.63   57.86   58.09   58.09   58.09   60.62   58.31   58.31   60.14   59.91   59.91   60.14   60.82   60.82   60.68   57.50   56.82   56.82   58.86   58.41   57.95   57.73   58.41   58.41   58.18   60.63   58.86   58.86   58.86   59.77   59.09   59.32   58.41   59.09   58.18   58.64   58.41   59.09
     3: A0A7K1TPY2   75.63   73.41  100.00   81.36   82.05   82.95   82.27   83.18   63.81   63.55   64.37   63.22   65.29   64.37   62.76   59.86   60.55   60.55   60.55   60.32   60.78   60.55   60.32   60.32   60.55   60.55   60.55   60.78   60.09   60.09   60.09   60.55   60.55   61.24   60.55   63.26   63.53   61.47   61.70   61.38   61.38   61.38   61.38   63.47   61.61   61.61   63.45   62.53   62.30   62.99   64.60   63.45   63.76   62.61   60.55   60.09   61.47   61.47   60.55   60.78   61.70   61.70   59.86   62.08   59.86   59.86   59.86   58.94   58.72   58.94   60.55   59.63   61.24   61.24   61.01   61.24
     4: A0A3D4PNU6   73.36   69.59   81.36  100.00   84.23   81.53   82.21   81.98   60.56   60.63   61.28   60.14   61.28   63.10   60.82   58.77   58.09   58.09   58.09   57.63   58.09   57.86   58.31   58.77   58.09   58.31   58.77   58.54   57.18   57.86   57.86   57.40   58.09   58.77   58.31   60.93   61.01   60.78   60.32   60.05   60.27   60.27   60.27   62.18   60.27   60.27   61.19   60.27   60.27   60.96   63.01   62.33   59.45   59.45   58.31   58.77   59.45   60.14   59.91   59.23   60.14   60.14   58.77   60.63   57.40   57.40   57.40   57.18   56.95   57.18   58.31   57.86   58.77   59.68   59.45   59.68
     5: A0A2S9AGC3   73.14   72.07   82.05   84.23  100.00   86.49   86.49   85.36   63.11   62.67   64.24   62.87   64.24   64.46   64.01   59.23   60.36   60.36   59.91   60.36   60.36   60.14   60.14   60.82   60.36   60.59   60.59   60.59   59.91   59.91   60.14   59.45   60.14   61.05   60.82   62.33   62.61   61.93   61.01   62.10   62.10   62.10   62.10   64.51   62.10   62.10   62.33   61.64   61.87   62.10   62.79   62.56   61.73   61.96   59.23   58.31   59.45   59.45   60.36   59.68   60.82   60.82   59.23   62.08   59.23   59.23   59.23   58.77   59.00   59.23   59.23   59.00   59.45   60.36   60.14   60.36
     6: A0A2S9ADJ4   74.72   73.42   82.95   81.53   86.49  100.00   90.32   89.64   62.18   62.44   62.87   61.73   63.33   62.41   60.14   59.68   60.36   60.36   59.91   59.91   60.36   60.14   60.14   60.36   59.91   59.91   59.68   59.91   59.68   59.45   59.45   59.45   59.91   60.36   60.36   62.56   62.61   61.47   61.47   59.82   60.05   60.05   60.05   62.18   60.05   60.05   61.64   61.42   61.19   61.87   63.47   63.24   63.33   60.36   58.09   58.09   59.45   59.91   60.14   59.91   60.82   60.82   59.00   61.84   59.23   59.00   59.00   58.31   58.31   58.54   60.36   58.77   59.91   60.36   60.14   60.14
     7: A0A952GU20   73.81   72.97   82.27   82.21   86.49   90.32  100.00   95.51   63.34   63.21   63.86   61.96   63.33   62.64   61.28   60.23   60.23   60.00   60.23   59.55   60.00   59.77   60.68   60.91   60.00   60.00   60.00   60.00   59.32   59.77   60.00   59.77   60.45   60.45   60.45   62.18   62.93   62.01   62.01   61.28   61.28   61.28   61.28   63.73   61.28   61.28   62.41   61.96   62.41   62.64   63.33   63.10   62.50   60.45   58.86   58.86   60.68   60.91   60.45   60.00   60.68   60.68   59.55   62.56   59.55   59.32   59.32   58.18   57.73   57.95   59.55   58.86   59.77   60.23   60.00   60.00
     8: A0A0M2HW28   73.36   72.75   83.18   81.98   85.36   89.64   95.51  100.00   63.57   63.66   63.64   62.64   63.10   62.64   61.28   60.00   59.77   59.77   60.00   59.32   59.77   59.55   60.00   60.23   59.77   59.77   59.77   59.77   59.09   59.77   59.77   59.77   60.45   60.23   60.23   61.72   62.47   61.56   61.78   61.50   61.50   61.50   61.50   63.99   61.50   61.50   63.10   62.19   62.64   62.87   64.01   63.55   63.18   61.59   59.55   60.00   61.36   61.59   60.91   61.36   62.27   62.27   61.14   63.04   60.45   60.23   60.23   59.55   59.32   59.55   60.68   60.45   61.36   61.59   61.59   61.59
     9: A0A841DJP1   62.56   61.72   63.81   60.56   63.11   62.18   63.34   63.57  100.00   89.12   89.12   83.10   80.56   81.48   80.32   67.59   69.21   68.75   68.75   68.75   68.75   68.52   69.44   70.14   68.98   69.21   68.52   68.98   69.91   69.21   68.98   68.52   69.21   68.98   68.75   69.30   68.98   69.21   69.91   65.89   65.66   65.66   65.66   67.18   65.66   65.43   69.37   67.75   67.75   68.45   68.91   68.21   69.68   67.59   67.82   68.06   67.82   67.82   68.29   69.68   69.44   69.44   69.21   70.36   68.06   68.29   68.29   68.06   67.59   67.59   68.29   68.52   69.44   68.98   70.14   70.37
    10: A0A7X5VE62   62.67   62.08   63.55   60.63   62.67   62.44   63.21   63.66   89.12  100.00   90.27   81.14   79.77   80.68   79.77   66.44   68.71   68.25   68.25   68.25   68.25   68.03   68.93   68.71   68.03   67.35   67.35   67.80   67.80   68.03   68.25   67.57   68.25   68.71   68.71   69.14   69.79   69.57   69.79   66.59   66.59   66.82   66.82   68.73   67.27   67.05   70.00   67.50   67.50   68.18   69.55   68.64   69.16   67.57   68.71   68.25   67.57   67.80   69.16   69.39   69.39   69.39   68.93   71.81   68.48   68.71   68.71   68.48   68.03   68.25   68.03   68.93   69.61   68.93   69.61   70.07
    11: A0A4R0HAQ7   63.33   62.27   64.37   61.28   64.24   62.87   63.86   63.64   89.12   90.27  100.00   82.09   80.27   81.00   79.59   66.21   68.71   68.25   68.25   68.25   68.25   68.03   68.71   68.93   68.48   68.03   68.03   68.48   68.48   68.03   68.25   67.57   68.48   68.71   68.71   69.61   70.48   70.48   70.48   66.82   66.82   67.05   67.05   68.99   67.05   66.82   70.00   68.41   68.41   69.09   69.32   68.64   69.61   68.03   68.48   69.39   68.03   68.03   69.61   69.84   70.07   70.07   69.39   70.12   68.71   68.93   68.93   68.71   67.57   68.25   68.25   69.16   69.84   69.39   69.84   70.29
    12: A0A6B2TWZ2   63.78   62.73   63.22   60.14   62.87   61.73   61.96   62.64   83.10   81.14   82.09  100.00   82.54   83.45   83.22   67.50   69.77   69.32   69.55   69.77   69.77   69.55   69.77   70.00   68.86   68.41   68.41   68.64   68.86   69.55   69.77   68.86   68.64   68.86   69.09   70.23   69.27   70.87   70.64   66.29   65.83   66.06   66.06   67.96   66.06   65.83   67.88   66.06   66.06   66.51   68.11   67.65   67.27   66.82   67.05   67.50   65.91   66.82   66.59   66.36   67.05   67.05   66.59   69.64   67.27   67.05   67.05   67.73   66.82   67.73   67.27   67.95   67.50   68.18   69.09   69.32
    13: A0A7Y4KYE7   62.64   62.95   65.29   61.28   64.24   63.33   63.33   63.10   80.56   79.77   80.27   82.54  100.00   86.85   87.30   64.09   67.05   66.59   66.82   67.05   67.05   66.82   67.27   67.05   66.59   66.14   66.14   66.59   66.36   66.14   66.36   66.36   65.45   66.82   66.36   66.98   68.12   68.58   68.58   64.24   64.01   64.24   64.24   67.18   64.46   64.24   65.60   64.92   64.69   65.15   65.15   65.15   65.00   63.64   65.00   65.68   64.55   65.00   65.23   65.00   65.91   65.91   64.55   67.47   65.68   65.91   65.91   65.23   65.23   65.68   65.68   65.23   65.68   65.45   65.68   66.14
    14: A0A4R4QDD0   63.33   63.18   64.37   63.10   64.46   62.41   62.64   62.64   81.48   80.68   81.00   83.45   86.85  100.00   92.74   65.68   66.82   66.82   67.05   67.27   67.27   67.05   67.50   67.50   67.95   67.50   67.05   67.50   67.50   67.95   67.73   66.14   66.82   67.27   67.50   67.44   67.89   68.81   69.04   65.38   65.15   65.38   65.38   66.67   65.38   65.38   68.11   66.51   66.74   66.97   68.56   67.88   66.36   64.77   65.00   67.27   65.68   65.91   66.59   66.14   67.05   67.05   66.82   69.40   65.68   65.91   65.91   66.36   66.36   66.82   65.68   66.36   65.91   66.59   67.27   67.50
    15: A0A4R4ZS44   61.28   61.82   62.76   60.82   64.01   60.14   61.28   61.28   80.32   79.77   79.59   83.22   87.30   92.74  100.00   65.23   67.05   66.59   66.82   67.05   67.05   66.82   67.50   67.73   66.82   66.36   66.36   66.82   66.82   66.82   67.50   66.36   65.91   67.50   67.05   66.98   67.89   69.27   69.27   64.24   64.24   64.46   64.46   66.15   64.46   64.24   66.74   64.46   64.69   64.92   65.60   64.69   65.23   65.00   65.23   67.05   66.36   67.05   66.82   66.14   66.36   66.36   65.91   68.43   65.68   65.91   65.91   66.14   65.68   66.36   66.14   66.82   65.68   65.91   65.91   67.05
    16: A0A1H2TU77   58.77   58.64   59.86   58.77   59.23   59.68   60.23   60.00   67.59   66.44   66.21   67.50   64.09   65.68   65.23  100.00   81.00   80.54   81.22   80.77   81.22   81.00   81.90   80.77   80.77   80.77   80.54   80.77   80.32   81.22   81.00   80.09   81.22   80.09   81.45   73.61   69.86   72.37   71.46   65.08   65.31   65.53   65.53   66.15   65.76   65.53   68.48   67.57   67.57   67.57   69.16   67.57   70.36   66.97   65.38   69.46   67.65   68.10   69.23   69.00   69.91   69.91   69.68   68.67   68.55   68.55   68.55   68.33   68.33   69.00   67.87   68.10   69.23   68.55   69.23   69.68
    17: A0A429CW14   60.59   59.55   60.55   58.09   60.36   60.36   60.23   59.77   69.21   68.71   68.71   69.77   67.05   66.82   67.05   81.00  100.00   98.64   97.96   98.42   98.42   98.42   97.74   96.38   95.25   95.25   95.25   96.15   95.25   95.93   95.70   96.15   95.93   96.15   97.29   77.78   72.37   74.89   73.52   67.12   66.89   67.12   67.12   67.70   67.35   67.12   70.98   69.84   69.84   70.29   70.75   69.61   72.40   68.78   68.10   71.27   69.91   70.59   71.49   70.81   71.95   71.95   71.27   71.57   70.36   70.36   70.36   70.59   70.81   70.81   69.91   70.36   70.59   70.36   70.81   70.81
    18: R4T4X8       60.36   59.32   60.55   58.09   60.36   60.36   60.00   59.77   68.75   68.25   68.25   69.32   66.59   66.82   66.59   80.54   98.64  100.00   98.87   99.32   99.32   99.32   97.51   96.15   95.70   95.70   95.70   96.15   95.70   96.38   96.15   96.15   95.93   96.61   97.74   76.85   71.46   73.97   72.83   67.35   67.12   67.35   67.35   67.96   67.57   67.35   71.20   70.07   70.07   70.52   70.98   69.84   72.40   69.00   67.19   71.27   69.91   70.59   71.49   70.81   71.72   71.72   71.04   71.57   70.36   70.36   70.36   70.59   70.81   70.81   69.91   70.36   70.81   70.36   70.81   70.81
    19: A0A075UW08   59.91   59.32   60.55   58.09   59.91   59.91   60.23   60.00   68.75   68.25   68.25   69.55   66.82   67.05   66.82   81.22   97.96   98.87  100.00   99.10   99.10   99.55   97.74   96.38   96.38   95.93   95.93   96.38   95.93   97.06   96.83   96.83   96.61   96.83   97.96   76.39   70.78   73.74   73.06   67.12   66.89   67.12   67.12   67.96   67.35   67.12   70.75   69.39   69.39   69.84   70.29   69.84   72.40   69.23   67.19   71.04   70.36   71.04   70.81   70.81   71.49   71.49   70.59   71.33   70.59   70.59   70.59   70.59   70.81   71.27   69.68   70.36   70.81   70.59   71.49   71.49
    20: A0A1H2GWG5   60.36   59.77   60.32   57.63   60.36   59.91   59.55   59.32   68.75   68.25   68.25   69.77   67.05   67.27   67.05   80.77   98.42   99.32   99.10  100.00   99.55   99.55   97.29   95.93   95.93   95.93   95.93   96.38   95.93   96.61   96.38   96.38   96.15   96.83   97.96   76.85   71.23   74.20   73.06   67.57   67.35   67.57   67.57   68.22   67.80   67.57   71.43   70.29   70.29   70.75   71.20   70.07   72.85   69.23   67.65   71.95   70.36   71.04   71.72   71.27   72.40   72.40   71.49   72.05   71.04   71.04   71.04   71.27   71.49   71.49   70.36   70.81   71.27   70.81   71.49   71.49
    21: A0A1W2M029   60.14   59.77   60.78   58.09   60.36   60.36   60.00   59.77   68.75   68.25   68.25   69.77   67.05   67.27   67.05   81.22   98.42   99.32   99.10   99.55  100.00   99.55   97.29   95.93   95.93   95.93   95.93   96.38   95.93   96.61   96.38   96.38   96.15   96.83   97.96   76.85   71.23   74.20   73.06   67.35   67.12   67.35   67.35   67.96   67.57   67.35   71.20   70.07   70.07   70.52   70.98   69.84   72.62   69.00   67.42   71.72   70.36   71.04   71.49   71.27   72.40   72.40   71.27   71.81   70.81   70.81   70.81   71.04   71.27   71.27   70.14   70.59   71.04   70.59   71.27   71.27
    22: A0A429DT20   60.14   59.55   60.55   57.86   60.14   60.14   59.77   59.55   68.52   68.03   68.03   69.55   66.82   67.05   66.82   81.00   98.42   99.32   99.55   99.55   99.55  100.00   97.74   96.38   96.38   95.93   95.93   96.38   95.93   97.06   96.83   96.38   96.15   96.83   97.96   76.85   71.23   74.20   73.06   67.57   67.35   67.57   67.57   68.22   67.80   67.57   71.20   69.84   69.84   70.29   70.75   70.07   72.62   69.23   67.19   71.49   70.36   71.04   71.27   71.27   71.95   71.95   71.04   71.57   70.59   70.59   70.59   70.81   71.04   71.49   69.91   70.36   70.81   70.59   71.49   71.49
    23: A0A429FIL4   60.59   59.77   60.32   58.31   60.14   60.14   60.68   60.00   69.44   68.93   68.71   69.77   67.27   67.50   67.50   81.90   97.74   97.51   97.74   97.29   97.29   97.74  100.00   98.19   95.70   95.02   94.57   95.48   95.48   96.83   96.61   95.02   94.80   95.48   96.61   76.62   71.46   73.74   72.60   66.89   66.67   66.89   66.89   67.70   67.12   66.89   70.75   69.61   69.61   70.07   70.29   69.61   71.95   69.00   66.97   70.81   69.91   70.59   70.81   70.81   71.27   71.27   70.59   71.08   70.36   70.36   70.36   70.36   70.59   71.04   69.46   69.91   70.36   70.14   70.81   70.81
    24: A0A2P2FMX6   60.59   59.77   60.32   58.77   60.82   60.36   60.91   60.23   70.14   68.71   68.93   70.00   67.05   67.50   67.73   80.77   96.38   96.15   96.38   95.93   95.93   96.38   98.19  100.00   94.57   94.57   94.12   94.57   94.80   95.93   95.25   94.12   94.34   94.57   95.70   76.16   70.78   74.20   73.29   67.12   66.89   67.12   67.12   67.96   67.35   67.12   70.75   69.61   69.61   70.07   70.52   69.84   71.72   68.33   66.74   70.36   69.68   70.59   70.59   70.59   71.04   71.04   70.36   70.36   69.68   69.68   69.68   69.68   70.14   70.59   69.23   69.68   70.14   69.91   70.59   70.59
    25: A0A193BYP3   59.91   60.23   60.55   58.09   60.36   59.91   60.00   59.77   68.98   68.03   68.48   68.86   66.59   67.95   66.82   80.77   95.25   95.70   96.38   95.93   95.93   96.38   95.70   94.57  100.00   98.42   97.74   97.74   96.15   96.38   96.15   94.57   95.70   96.61   97.06   76.62   71.69   73.52   72.15   66.21   65.99   66.21   66.21   66.93   66.44   66.44   70.29   69.61   69.61   70.07   70.75   70.07   71.49   69.23   67.19   71.95   70.36   70.36   70.59   71.04   71.27   71.27   71.27   71.57   70.59   70.59   70.59   70.81   70.81   71.27   69.46   69.91   71.04   70.81   71.27   71.27
    26: A0A154MXT8   59.00   59.09   60.55   58.31   60.59   59.91   60.00   59.77   69.21   67.35   68.03   68.41   66.14   67.50   66.36   80.77   95.25   95.70   95.93   95.93   95.93   95.93   95.02   94.57   98.42  100.00   98.64   98.19   96.61   96.15   95.48   95.48   96.61   96.38   97.06   76.39   71.46   73.97   72.83   66.21   65.99   66.21   66.21   66.93   66.44   66.44   70.52   70.07   70.07   70.52   70.52   69.39   71.95   68.78   67.42   72.17   70.59   70.36   71.04   71.27   71.95   71.95   71.95   71.33   70.81   70.81   70.81   71.04   71.27   71.27   70.14   70.14   71.27   70.81   71.04   71.04
    27: A0A429CRF7   59.23   59.09   60.55   58.77   60.59   59.68   60.00   59.77   68.52   67.35   68.03   68.41   66.14   67.05   66.36   80.54   95.25   95.70   95.93   95.93   95.93   95.93   94.57   94.12   97.74   98.64  100.00   99.10   96.15   95.70   95.48   95.70   96.83   96.83   97.29   76.39   71.23   73.74   72.15   66.21   66.21   66.44   66.44   67.18   66.67   66.67   70.29   69.61   69.61   70.07   70.29   69.16   72.17   68.55   67.87   72.17   70.59   70.36   71.04   71.27   71.95   71.95   71.95   70.84   70.36   70.36   70.36   70.59   70.59   70.59   70.14   70.14   71.27   70.81   70.59   71.04
    28: A0A428XUW8   59.45   59.32   60.78   58.54   60.59   59.91   60.00   59.77   68.98   67.80   68.48   68.64   66.59   67.50   66.82   80.77   96.15   96.15   96.38   96.38   96.38   96.38   95.48   94.57   97.74   98.19   99.10  100.00   96.61   95.93   95.70   95.48   96.38   97.29   97.74   76.39   71.23   73.29   71.69   66.44   66.44   66.67   66.67   67.44   66.89   66.89   70.75   69.84   69.84   70.29   70.52   69.39   72.40   69.00   68.33   72.17   70.59   70.36   71.49   71.27   72.40   72.40   71.95   70.84   70.59   70.59   70.59   70.81   70.59   70.59   70.14   70.36   71.27   71.27   71.04   71.49
    29: A0A1R0KJD3   59.23   58.86   60.09   57.18   59.91   59.68   59.32   59.09   69.91   67.80   68.48   68.86   66.36   67.50   66.82   80.32   95.25   95.70   95.93   95.93   95.93   95.93   95.48   94.80   96.15   96.61   96.15   96.61  100.00   97.29   97.06   95.93   96.38   97.06   97.29   75.69   70.55   73.29   71.69   66.21   65.99   66.21   66.21   67.18   66.44   66.44   70.29   69.84   69.84   70.29   70.29   69.16   71.49   68.10   67.19   71.27   69.46   69.46   70.81   70.36   71.49   71.49   71.04   70.84   69.46   69.46   69.46   69.68   69.68   69.68   69.91   69.00   69.91   70.36   70.14   70.14
    30: A0A2N8MSL6   59.45   59.55   60.09   57.86   59.91   59.45   59.77   59.77   69.21   68.03   68.03   69.55   66.14   67.95   66.82   81.22   95.93   96.38   97.06   96.61   96.61   97.06   96.83   95.93   96.38   96.15   95.70   95.93   97.29  100.00   98.87   96.61   97.29   96.38   97.51   75.46   70.55   73.97   72.60   66.44   66.21   66.44   66.44   67.18   66.67   66.67   70.29   69.39   69.39   69.84   70.29   69.61   72.17   68.33   66.74   71.04   69.46   69.46   70.14   70.36   71.04   71.04   71.04   70.12   69.91   69.91   69.91   70.14   70.36   70.81   69.00   69.68   70.14   70.36   70.81   70.81
    31: A0A841AVL1   59.00   59.09   60.09   57.86   60.14   59.45   60.00   59.77   68.98   68.25   68.25   69.77   66.36   67.73   67.50   81.00   95.70   96.15   96.83   96.38   96.38   96.83   96.61   95.25   96.15   95.48   95.48   95.70   97.06   98.87  100.00   96.83   96.15   96.61   97.29   75.69   70.32   73.29   71.92   66.21   65.99   66.21   66.21   66.93   66.44   66.44   70.52   69.39   69.61   70.07   70.07   69.39   71.95   68.55   66.97   70.81   69.68   69.68   70.36   70.59   71.27   71.27   70.81   70.36   69.91   69.91   69.91   70.14   70.36   70.81   69.46   69.68   70.14   70.36   70.81   70.81
    32: A0A229RXA9   58.54   58.18   60.55   57.40   59.45   59.45   59.77   59.77   68.52   67.57   67.57   68.86   66.36   66.14   66.36   80.09   96.15   96.15   96.83   96.38   96.38   96.38   95.02   94.12   94.57   95.48   95.70   95.48   95.93   96.61   96.83  100.00   97.51   96.38   96.83   75.46   69.86   73.29   72.37   65.53   65.53   65.76   65.76   66.41   65.99   65.99   69.61   68.71   68.71   69.16   69.39   68.48   72.17   67.87   66.97   70.59   69.68   70.14   69.91   70.14   70.81   70.81   70.81   70.12   69.91   69.91   69.91   69.91   69.91   69.91   69.91   69.91   70.36   70.14   69.91   70.36
    33: M2Q8N7       59.45   59.09   60.55   58.09   60.14   59.91   60.45   60.45   69.21   68.25   68.48   68.64   65.45   66.82   65.91   81.22   95.93   95.93   96.61   96.15   96.15   96.15   94.80   94.34   95.70   96.61   96.83   96.38   96.38   97.29   96.15   97.51  100.00   96.83   98.19   76.16   71.23   74.89   73.52   66.21   66.44   66.67   66.67   67.44   66.89   66.89   70.29   69.61   69.61   70.07   70.75   69.84   72.85   68.55   67.65   71.95   70.36   70.36   70.59   70.81   71.49   71.49   71.95   71.08   70.81   70.81   70.81   70.81   71.04   71.04   70.14   70.36   71.27   71.04   71.04   71.27
    34: A0A229SCQ8   59.91   59.77   61.24   58.77   61.05   60.36   60.45   60.23   68.98   68.71   68.71   68.86   66.82   67.27   67.50   80.09   96.15   96.61   96.83   96.83   96.83   96.83   95.48   94.57   96.61   96.38   96.83   97.29   97.06   96.38   96.61   96.38   96.83  100.00   98.64   77.08   71.69   74.43   72.83   66.89   66.89   67.12   67.12   67.70   67.35   67.35   70.98   70.29   70.29   70.75   71.43   70.29   72.40   69.23   67.87   72.40   70.14   70.36   71.49   71.04   72.62   72.62   72.17   71.81   70.59   70.59   70.59   70.81   70.59   70.59   70.36   69.91   70.81   71.27   70.59   71.04
    35: M2Z891       60.14   59.77   60.55   58.31   60.82   60.36   60.45   60.23   68.75   68.71   68.71   69.09   66.36   67.50   67.05   81.45   97.29   97.74   97.96   97.96   97.96   97.96   96.61   95.70   97.06   97.06   97.29   97.74   97.29   97.51   97.29   96.83   98.19   98.64  100.00   77.31   71.69   74.66   73.06   67.12   67.35   67.57   67.57   68.48   67.80   67.80   71.43   70.52   70.52   70.98   71.43   70.29   72.85   69.23   68.10   72.17   70.36   70.59   71.72   71.27   72.40   72.40   71.95   71.81   71.04   71.04   71.04   71.27   71.49   71.49   70.14   70.36   71.27   71.27   71.27   71.49
    36: A0A7W5V5W2   63.40   61.63   63.26   60.93   62.33   62.56   62.18   61.72   69.30   69.14   69.61   70.23   66.98   67.44   66.98   73.61   77.78   76.85   76.39   76.85   76.85   76.85   76.62   76.16   76.62   76.39   76.39   76.39   75.69   75.46   75.69   75.46   76.16   77.08   77.31  100.00   87.96   87.27   86.11   71.46   71.46   71.69   71.69   72.61   71.46   71.23   74.71   74.25   74.48   74.71   75.17   74.25   76.39   73.84   74.31   75.69   74.07   74.31   76.16   75.46   76.16   76.16   75.93   75.90   74.31   73.84   73.84   72.92   72.45   72.22   75.23   74.31   75.46   74.54   75.46   75.69
    37: A0A973P7Z1   62.76   61.47   63.53   61.01   62.61   62.61   62.93   62.47   68.98   69.79   70.48   69.27   68.12   67.89   67.89   69.86   72.37   71.46   70.78   71.23   71.23   71.23   71.46   70.78   71.69   71.46   71.23   71.23   70.55   70.55   70.32   69.86   71.23   71.69   71.69   87.96  100.00   90.87   88.81   70.25   70.25   70.48   70.48   71.83   70.25   70.02   72.08   72.08   72.08   72.77   73.00   71.85   73.97   71.23   71.92   73.06   71.92   72.37   73.06   72.83   73.74   73.74   73.29   75.18   72.83   72.83   72.83   71.92   71.00   71.69   74.43   73.06   73.97   73.29   73.74   73.97
    38: A0A1H7R7A5   61.61   60.32   61.47   60.78   61.93   61.47   62.01   61.56   69.21   69.57   70.48   70.87   68.58   68.81   69.27   72.37   74.89   73.97   73.74   74.20   74.20   74.20   73.74   74.20   73.52   73.97   73.74   73.29   73.29   73.97   73.29   73.29   74.89   74.43   74.66   87.27   90.87  100.00   92.69   70.71   70.71   70.94   70.94   72.61   70.94   70.71   73.23   72.08   72.31   72.54   73.68   73.23   73.97   70.09   71.46   73.29   72.37   73.29   73.74   72.37   73.97   73.97   73.74   74.94   71.92   71.92   71.92   71.23   70.55   71.46   73.52   72.15   73.29   72.37   73.06   73.06
    39: A0A7Y6M9Y6   61.84   59.63   61.70   60.32   61.01   61.47   62.01   61.78   69.91   69.79   70.48   70.64   68.58   69.04   69.27   71.46   73.52   72.83   73.06   73.06   73.06   73.06   72.60   73.29   72.15   72.83   72.15   71.69   71.69   72.60   71.92   72.37   73.52   72.83   73.06   86.11   88.81   92.69  100.00   70.02   69.79   70.02   70.02   71.83   70.02   69.79   71.85   70.25   70.48   70.71   71.85   72.31   73.29   69.86   71.46   72.60   71.46   71.92   72.37   71.69   72.83   72.83   72.37   73.98   72.37   72.15   72.15   71.46   70.55   71.46   73.74   72.60   73.06   72.60   74.20   73.97
    40: A0A7H0NTK7   60.50   57.86   61.38   60.05   62.10   59.82   61.28   61.50   65.89   66.59   66.82   66.29   64.24   65.38   64.24   65.08   67.12   67.35   67.12   67.57   67.35   67.57   66.89   67.12   66.21   66.21   66.21   66.44   66.21   66.44   66.21   65.53   66.21   66.89   67.12   71.46   70.25   70.71   70.02  100.00   98.87   99.09   99.09   98.45   98.64   98.41   88.66   87.76   87.53   87.98   87.30   87.53   74.15   78.00   78.00   78.91   78.91   78.91   80.73   79.14   79.37   79.37   78.00   79.23   75.74   75.51   75.51   75.06   73.02   74.38   78.46   77.10   78.23   78.46   80.05   79.82
    41: A0A1Q5BZH0   60.96   58.09   61.38   60.27   62.10   60.05   61.28   61.50   65.66   66.59   66.82   65.83   64.01   65.15   64.24   65.31   66.89   67.12   66.89   67.35   67.12   67.35   66.67   66.89   65.99   65.99   66.21   66.44   65.99   66.21   65.99   65.53   66.44   66.89   67.35   71.46   70.25   70.71   69.79   98.87  100.00   99.77   99.77   98.71   99.32   99.09   88.21   87.76   87.53   87.98   86.85   87.30   74.15   78.00   78.00   79.14   79.37   79.14   80.95   79.37   79.59   79.59   78.23   79.47   75.74   75.51   75.51   75.28   73.47   74.83   78.68   77.32   78.46   78.68   80.05   80.05
    42: A0A0Q7IJ51   60.96   58.09   61.38   60.27   62.10   60.05   61.28   61.50   65.66   66.82   67.05   66.06   64.24   65.38   64.46   65.53   67.12   67.35   67.12   67.57   67.35   67.57   66.89   67.12   66.21   66.21   66.44   66.67   66.21   66.44   66.21   65.76   66.67   67.12   67.57   71.69   70.48   70.94   70.02   99.09   99.77  100.00  100.00   98.97   99.55   99.32   88.44   87.98   87.76   88.21   87.07   87.53   74.15   78.00   78.23   79.14   79.37   79.14   80.95   79.37   79.59   79.59   78.23   79.23   75.96   75.74   75.74   75.28   73.47   74.83   78.68   77.32   78.46   78.68   80.05   80.05
    43: A0A0Q8DSJ5   60.96   58.09   61.38   60.27   62.10   60.05   61.28   61.50   65.66   66.82   67.05   66.06   64.24   65.38   64.46   65.53   67.12   67.35   67.12   67.57   67.35   67.57   66.89   67.12   66.21   66.21   66.44   66.67   66.21   66.44   66.21   65.76   66.67   67.12   67.57   71.69   70.48   70.94   70.02   99.09   99.77  100.00  100.00   98.97   99.55   99.32   88.44   87.98   87.76   88.21   87.07   87.53   74.15   78.00   78.23   79.14   79.37   79.14   80.95   79.37   79.59   79.59   78.23   79.23   75.96   75.74   75.74   75.28   73.47   74.83   78.68   77.32   78.46   78.68   80.05   80.05
    44: H0B9J5       63.99   60.62   63.47   62.18   64.51   62.18   63.73   63.99   67.18   68.73   68.99   67.96   67.18   66.67   66.15   66.15   67.70   67.96   67.96   68.22   67.96   68.22   67.70   67.96   66.93   66.93   67.18   67.44   67.18   67.18   66.93   66.41   67.44   67.70   68.48   72.61   71.83   72.61   71.83   98.45   98.71   98.97   98.97  100.00   99.48   99.22   87.08   86.82   86.56   87.34   85.53   86.30   75.45   77.78   76.74   78.29   78.04   78.04   80.10   79.07   78.55   78.55   77.26   79.33   75.45   75.19   75.19   74.42   73.39   74.16   78.55   77.00   78.29   78.04   79.33   79.33
    45: A0A1Q5I1E0   61.19   58.31   61.61   60.27   62.10   60.05   61.28   61.50   65.66   67.27   67.05   66.06   64.46   65.38   64.46   65.76   67.35   67.57   67.35   67.80   67.57   67.80   67.12   67.35   66.44   66.44   66.67   66.89   66.44   66.67   66.44   65.99   66.89   67.35   67.80   71.46   70.25   70.94   70.02   98.64   99.32   99.55   99.55   99.48  100.00   99.77   88.21   87.53   87.30   87.98   86.62   87.30   74.15   78.00   78.00   79.37   79.14   79.14   81.18   79.37   79.59   79.59   78.23   79.71   76.42   76.19   76.19   75.74   73.92   75.28   78.46   77.10   78.68   78.46   79.82   79.82
    46: A0A1Q4ZXS7   60.96   58.31   61.61   60.27   62.10   60.05   61.28   61.50   65.43   67.05   66.82   65.83   64.24   65.38   64.24   65.53   67.12   67.35   67.12   67.57   67.35   67.57   66.89   67.12   66.44   66.44   66.67   66.89   66.44   66.67   66.44   65.99   66.89   67.35   67.80   71.23   70.02   70.71   69.79   98.41   99.09   99.32   99.32   99.22   99.77  100.00   88.21   87.53   87.30   87.98   86.62   87.30   74.15   77.78   78.00   79.59   78.91   78.91   80.95   79.14   79.37   79.37   78.23   79.47   76.19   75.96   75.96   75.51   73.70   75.06   78.23   76.87   78.46   78.46   79.59   79.59
    47: A0A0T1SBM8   62.10   60.14   63.45   61.19   62.33   61.64   62.41   63.10   69.37   70.00   70.00   67.88   65.60   68.11   66.74   68.48   70.98   71.20   70.75   71.43   71.20   71.20   70.75   70.75   70.29   70.52   70.29   70.75   70.29   70.29   70.52   69.61   70.29   70.98   71.43   74.71   72.08   73.23   71.85   88.66   88.21   88.44   88.44   87.08   88.21   88.21  100.00   91.61   91.61   92.06   92.29   91.16   80.27   79.82   81.18   82.77   82.31   81.86   84.13   83.22   83.90   83.90   83.45   81.64   80.05   80.05   80.05   79.59   78.00   78.91   80.27   81.18   81.41   83.22   82.77   82.99
    48: F2R491       60.96   59.91   62.53   60.27   61.64   61.42   61.96   62.19   67.75   67.50   68.41   66.06   64.92   66.51   64.46   67.57   69.84   70.07   69.39   70.29   70.07   69.84   69.61   69.61   69.61   70.07   69.61   69.84   69.84   69.39   69.39   68.71   69.61   70.29   70.52   74.25   72.08   72.08   70.25   87.76   87.76   87.98   87.98   86.82   87.53   87.53   91.61  100.00   99.32   99.09   92.52   90.93   77.10   78.46   78.00   79.82   80.27   80.05   80.95   80.27   81.41   81.41   80.73   78.99   77.55   77.55   77.55   76.87   75.96   76.64   78.00   77.32   78.46   78.91   79.14   79.14
    49: A0A5P1ZEV8   60.96   59.91   62.30   60.27   61.87   61.19   62.41   62.64   67.75   67.50   68.41   66.06   64.69   66.74   64.69   67.57   69.84   70.07   69.39   70.29   70.07   69.84   69.61   69.61   69.61   70.07   69.61   69.84   69.84   69.39   69.61   68.71   69.61   70.29   70.52   74.48   72.08   72.31   70.48   87.53   87.53   87.76   87.76   86.56   87.30   87.30   91.61   99.32  100.00   99.09   92.52   90.93   77.10   78.46   78.00   79.82   80.50   80.27   80.95   80.27   81.41   81.41   80.95   78.99   77.55   77.55   77.55   76.87   75.96   76.64   78.00   77.32   78.46   78.91   79.14   79.14
    50: A0A5P2AHA8   61.19   60.14   62.99   60.96   62.10   61.87   62.64   62.87   68.45   68.18   69.09   66.51   65.15   66.97   64.92   67.57   70.29   70.52   69.84   70.75   70.52   70.29   70.07   70.07   70.07   70.52   70.07   70.29   70.29   69.84   70.07   69.16   70.07   70.75   70.98   74.71   72.77   72.54   70.71   87.98   87.98   88.21   88.21   87.34   87.98   87.98   92.06   99.09   99.09  100.00   92.97   91.38   77.78   79.14   78.46   80.50   80.50   80.50   81.63   80.95   82.09   82.09   81.18   79.71   78.23   78.23   78.23   77.55   76.64   77.32   78.46   77.78   79.14   79.37   79.59   79.59
    51: A0A926FQC5   62.56   60.82   64.60   63.01   62.79   63.47   63.33   64.01   68.91   69.55   69.32   68.11   65.15   68.56   65.60   69.16   70.75   70.98   70.29   71.20   70.98   70.75   70.29   70.52   70.75   70.52   70.29   70.52   70.29   70.29   70.07   69.39   70.75   71.43   71.43   75.17   73.00   73.68   71.85   87.30   86.85   87.07   87.07   85.53   86.62   86.62   92.29   92.52   92.52   92.97  100.00   95.46   77.32   79.14   80.27   81.41   80.05   80.05   81.18   80.95   82.31   82.31   82.31   81.88   78.91   78.46   78.46   77.78   76.64   77.32   79.82   79.14   79.82   80.95   80.95   80.95
    52: A0A1Q5J6T7   63.01   60.82   63.45   62.33   62.56   63.24   63.10   63.55   68.21   68.64   68.64   67.65   65.15   67.88   64.69   67.57   69.61   69.84   69.84   70.07   69.84   70.07   69.61   69.84   70.07   69.39   69.16   69.39   69.16   69.61   69.39   68.48   69.84   70.29   70.29   74.25   71.85   73.23   72.31   87.53   87.30   87.53   87.53   86.30   87.30   87.30   91.16   90.93   90.93   91.38   95.46  100.00   76.87   78.68   78.68   80.05   79.37   79.14   80.05   79.82   80.95   80.95   80.50   81.16   78.23   77.78   77.78   77.55   75.74   76.87   78.91   78.46   78.68   80.05   80.50   80.27
    53: A0A939F438   62.19   60.68   63.76   59.45   61.73   63.33   62.50   63.18   69.68   69.16   69.61   67.27   65.00   66.36   65.23   70.36   72.40   72.40   72.40   72.85   72.62   72.62   71.95   71.72   71.49   71.95   72.17   72.40   71.49   72.17   71.95   72.17   72.85   72.40   72.85   76.39   73.97   73.97   73.29   74.15   74.15   74.15   74.15   75.45   74.15   74.15   80.27   77.10   77.10   77.78   77.32   76.87  100.00   74.66   75.34   78.28   77.15   77.83   77.83   80.54   80.77   80.77   80.32   78.55   77.15   77.15   77.15   77.38   77.60   77.60   78.51   79.19   79.19   79.19   78.96   78.96
    54: A0A3Q8UY39   60.14   57.50   62.61   59.45   61.96   60.36   60.45   61.59   67.59   67.57   68.03   66.82   63.64   64.77   65.00   66.97   68.78   69.00   69.23   69.23   69.00   69.23   69.00   68.33   69.23   68.78   68.55   69.00   68.10   68.33   68.55   67.87   68.55   69.23   69.23   73.84   71.23   70.09   69.86   78.00   78.00   78.00   78.00   77.78   78.00   77.78   79.82   78.46   78.46   79.14   79.14   78.68   74.66  100.00   84.16   82.35   81.90   81.90   82.13   82.81   82.35   82.35   81.45   79.76   79.86   79.86   79.86   80.32   78.05   79.41   80.09   80.77   81.22   81.45   81.22   82.35
    55: A0A7G7BTJ6   59.45   56.82   60.55   58.31   59.23   58.09   58.86   59.55   67.82   68.71   68.48   67.05   65.00   65.00   65.23   65.38   68.10   67.19   67.19   67.65   67.42   67.19   66.97   66.74   67.19   67.42   67.87   68.33   67.19   66.74   66.97   66.97   67.65   67.87   68.10   74.31   71.92   71.46   71.46   78.00   78.00   78.23   78.23   76.74   78.00   78.00   81.18   78.00   78.00   78.46   80.27   78.68   75.34   84.16  100.00   83.26   84.39   84.16   82.81   83.71   83.71   83.71   83.71   80.00   82.58   82.35   82.35   81.00   79.86   79.64   82.35   83.48   83.94   85.29   84.62   85.52
    56: A0A1Q4ZDG9   58.77   56.82   60.09   58.77   58.31   58.09   58.86   60.00   68.06   68.25   69.39   67.50   65.68   67.27   67.05   69.46   71.27   71.27   71.04   71.95   71.72   71.49   70.81   70.36   71.95   72.17   72.17   72.17   71.27   71.04   70.81   70.59   71.95   72.40   72.17   75.69   73.06   73.29   72.60   78.91   79.14   79.14   79.14   78.29   79.37   79.59   82.77   79.82   79.82   80.50   81.41   80.05   78.28   82.35   83.26  100.00   87.78   88.24   88.91   89.37   90.05   90.05   89.59   83.86   84.39   84.16   84.16   84.16   82.58   83.03   84.84   86.43   86.88   86.65   86.20   86.88
    57: A0A1C5DD32   61.28   58.86   61.47   59.45   59.45   59.45   60.68   61.36   67.82   67.57   68.03   65.91   64.55   65.68   66.36   67.65   69.91   69.91   70.36   70.36   70.36   70.36   69.91   69.68   70.36   70.59   70.59   70.59   69.46   69.46   69.68   69.68   70.36   70.14   70.36   74.07   71.92   72.37   71.46   78.91   79.37   79.37   79.37   78.04   79.14   78.91   82.31   80.27   80.50   80.50   80.05   79.37   77.15   81.90   84.39   87.78  100.00   97.51   89.14   90.27   88.91   88.91   88.69   82.41   81.90   82.13   82.13   82.35   79.86   80.32   84.62   86.20   87.33   86.43   85.75   86.88
    58: A0A2Z5JNF0   60.59   58.41   61.47   60.14   59.45   59.91   60.91   61.59   67.82   67.80   68.03   66.82   65.00   65.91   67.05   68.10   70.59   70.59   71.04   71.04   71.04   71.04   70.59   70.59   70.36   70.36   70.36   70.36   69.46   69.46   69.68   70.14   70.36   70.36   70.59   74.31   72.37   73.29   71.92   78.91   79.14   79.14   79.14   78.04   79.14   78.91   81.86   80.05   80.27   80.50   80.05   79.14   77.83   81.90   84.16   88.24   97.51  100.00   89.59   90.50   88.69   88.69   88.46   82.89   82.13   82.35   82.35   82.81   80.32   80.77   85.07   85.75   87.78   86.43   85.97   87.10
    59: A0A6N2HW98   59.91   57.95   60.55   59.91   60.36   60.14   60.45   60.91   68.29   69.16   69.61   66.59   65.23   66.59   66.82   69.23   71.49   71.49   70.81   71.72   71.49   71.27   70.81   70.59   70.59   71.04   71.04   71.49   70.81   70.14   70.36   69.91   70.59   71.49   71.72   76.16   73.06   73.74   72.37   80.73   80.95   80.95   80.95   80.10   81.18   80.95   84.13   80.95   80.95   81.63   81.18   80.05   77.83   82.13   82.81   88.91   89.14   89.59  100.00   91.40   91.18   91.18   91.40   84.34   84.62   84.84   84.84   84.84   81.67   82.58   86.43   86.88   88.24   88.24   87.78   88.24
    60: A0A1K2EZH9   60.14   57.73   60.78   59.23   59.68   59.91   60.00   61.36   69.68   69.39   69.84   66.36   65.00   66.14   66.14   69.00   70.81   70.81   70.81   71.27   71.27   71.27   70.81   70.59   71.04   71.27   71.27   71.27   70.36   70.36   70.59   70.14   70.81   71.04   71.27   75.46   72.83   72.37   71.69   79.14   79.37   79.37   79.37   79.07   79.37   79.14   83.22   80.27   80.27   80.95   80.95   79.82   80.54   82.81   83.71   89.37   90.27   90.50   91.40  100.00   94.57   94.57   94.12   84.10   85.07   85.29   85.29   85.07   83.26   83.94   87.10   87.78   89.14   88.46   88.69   89.37
    61: A0A1C4RWE5   60.36   58.41   61.70   60.14   60.82   60.82   60.68   62.27   69.44   69.39   70.07   67.05   65.91   67.05   66.36   69.91   71.95   71.72   71.49   72.40   72.40   71.95   71.27   71.04   71.27   71.95   71.95   72.40   71.49   71.04   71.27   70.81   71.49   72.62   72.40   76.16   73.74   73.97   72.83   79.37   79.59   79.59   79.59   78.55   79.59   79.37   83.90   81.41   81.41   82.09   82.31   80.95   80.77   82.35   83.71   90.05   88.91   88.69   91.18   94.57  100.00  100.00   94.80   84.82   85.52   85.75   85.75   85.52   84.39   84.39   86.65   86.88   88.46   88.69   88.91   89.59
    62: A0A7K2HDG1   60.36   58.41   61.70   60.14   60.82   60.82   60.68   62.27   69.44   69.39   70.07   67.05   65.91   67.05   66.36   69.91   71.95   71.72   71.49   72.40   72.40   71.95   71.27   71.04   71.27   71.95   71.95   72.40   71.49   71.04   71.27   70.81   71.49   72.62   72.40   76.16   73.74   73.97   72.83   79.37   79.59   79.59   79.59   78.55   79.59   79.37   83.90   81.41   81.41   82.09   82.31   80.95   80.77   82.35   83.71   90.05   88.91   88.69   91.18   94.57  100.00  100.00   94.80   84.82   85.52   85.75   85.75   85.52   84.39   84.39   86.65   86.88   88.46   88.69   88.91   89.59
    63: A0A3N6HNC6   59.91   58.18   59.86   58.77   59.23   59.00   59.55   61.14   69.21   68.93   69.39   66.59   64.55   66.82   65.91   69.68   71.27   71.04   70.59   71.49   71.27   71.04   70.59   70.36   71.27   71.95   71.95   71.95   71.04   71.04   70.81   70.81   71.95   72.17   71.95   75.93   73.29   73.74   72.37   78.00   78.23   78.23   78.23   77.26   78.23   78.23   83.45   80.73   80.95   81.18   82.31   80.50   80.32   81.45   83.71   89.59   88.69   88.46   91.40   94.12   94.80   94.80  100.00   84.10   84.16   84.39   84.39   84.39   82.81   83.03   86.43   87.10   88.46   88.01   87.33   88.01
