#
#
#  Percent Identity  Matrix - created by Clustal2.1 
#
#

     1: A0A254NDR9_88.6_82.9_95.0_76.2_90.9_35.1  100.00   75.92   75.43   75.43   80.34   79.85
     2: A0A0Q7SDD8_86.9_78.7_93.9_74.2_90.3_36.0   75.92  100.00   84.52   84.52   85.12   85.12
     3: A0A0Q7BCE7_89.9_83.7_95.2_78.3_91.0_35.0   75.43   84.52  100.00  100.00   86.73   86.98
     4: A0A0Q8GDA1_88.9_82.9_95.0_76.0_90.9_33.7   75.43   84.52  100.00  100.00   86.73   86.98
     5: A0A0Q6WJQ0_87.1_80.9_94.7_73.6_90.4_33.8   80.34   85.12   86.73   86.73  100.00   96.83
     6: A0A0Q6T1S4_88.6_84.8_94.4_77.6_90.3_35.1   79.85   85.12   86.98   86.98   96.83  100.00
