#
#
#  Percent Identity  Matrix - created by Clustal2.1 
#
#

     1: A0A8S3JF75_-1_-1_-1_-1_-1_-1              100.00   98.69   98.69   98.69   82.89   83.55   72.85   72.85   88.74   84.77   85.43   74.83   74.17   72.85   72.85   74.83   75.50   72.85   72.85   72.85    -nan    -nan   70.20   68.87   68.49
     2: A0A816NNR9_80.4_76.5_74.2_19.1_73.5_19.1   98.69  100.00   94.69  100.00   84.68   84.58   72.67   72.38   84.08   82.54   82.11   72.46   72.46   75.91   75.91   76.23   76.23   75.58   75.98   75.98   88.68   73.27   74.06   63.06   63.61
     3: A0A819VWK6_-1_-1_-1_-1_-1_-1               98.69   94.69  100.00  100.00   81.24   81.15   70.25   69.96   80.75   78.77   78.48   70.54   70.39   73.00   73.00   73.33   73.33   72.35   72.93   72.93   87.26   68.14   71.04   61.90   62.14
     4: A0A8S3EMA6_-1_-1_-1_-1_-1_-1               98.69  100.00  100.00  100.00   82.89   83.55   72.85   72.85   88.08   84.77   84.77   74.83   74.17   72.85   72.85   74.83   75.50   72.85   72.85   72.85    -nan    -nan   70.20   68.87   68.49
     5: A0A818NVN2_79.7_76.6_74.1_20.3_70.6_20.3   82.89   84.68   81.24   82.89  100.00   99.72   72.45   72.31   86.56   82.66   82.66   72.45   72.60   75.75   75.75   75.21   75.21   76.02   76.40   76.40   87.74   72.44   74.25   60.93   62.26
     6: A0A815N8X2_77.6_74.8_73.6_19.9_73.4_19.9   83.55   84.58   81.15   83.55   99.72  100.00   72.60   72.45   86.02   82.69   82.69   72.45   72.60   75.75   75.75   75.21   75.21   76.02   76.40   76.40   87.74   72.09   74.25   61.23   62.41
     7: A0A813NIK4_76.6_74.8_73.5_20.4_73.0_20.4   72.85   72.67   70.25   72.85   72.45   72.60  100.00   99.44   71.55   73.13   73.42   83.64   83.50   80.00   80.00   79.18   79.32   81.43   80.62   80.62   90.09   75.06   76.54   61.14   62.11
     8: A0A819NWW5_76.8_74.6_73.3_19.4_73.2_19.4   72.85   72.38   69.96   72.85   72.31   72.45   99.44  100.00   71.26   72.99   73.28   83.36   83.22   80.00   80.00   79.18   79.32   81.28   80.48   80.48   89.62   75.29   76.83   61.28   62.26
     9: A0A818N9Z1_77.8_75.6_74.3_21.0_73.4_21.0   88.74   84.08   80.75   88.08   86.56   86.02   71.55   71.26  100.00   81.84   82.28   70.72   70.72   74.49   74.64   74.38   74.38   74.39   74.85   74.85   88.68   71.53   72.94   62.44   63.01
    10: A0A818PKU2_80.1_76.4_74.8_19.5_73.9_19.5   84.77   82.54   78.77   84.77   82.66   82.69   73.13   72.99   81.84  100.00   99.43   72.84   72.70   76.44   76.44   75.90   75.90   76.44   76.80   76.80   89.15   72.64   74.75   63.07   63.98
    11: A0A818RNE3_79.4_77.3_74.8_19.7_74.0_19.7   85.43   82.11   78.48   84.77   82.66   82.69   73.42   73.28   82.28   99.43  100.00   72.99   72.84   76.58   76.58   75.90   75.90   76.60   76.95   76.95   89.15   72.64   74.75   63.07   63.98
    12: A0A816DEK1_76.4_73.2_72.9_20.1_72.5_20.1   74.83   72.46   70.54   74.83   72.45   72.45   83.64   83.36   70.72   72.84   72.99  100.00   98.03   79.15   79.15   77.78   78.06   80.06   79.10   79.10   90.09   75.36   76.51   61.05   62.31
    13: A0A816D936_75.7_73.0_74.1_19.7_73.6_19.7   74.17   72.46   70.39   74.17   72.60   72.60   83.50   83.22   70.72   72.70   72.84   98.03  100.00   78.87   78.87   77.22   77.50   79.76   78.81   78.81   90.09   75.59   76.51   60.76   62.17
    14: A0A820CZH5_79.2_76.2_74.0_19.8_72.7_19.8   72.85   75.91   73.00   72.85   75.75   75.75   80.00   80.00   74.49   76.44   76.58   79.15   78.87  100.00   99.86   91.74   92.02   91.39   91.83   91.97   92.92   83.06   86.27   62.32   63.91
    15: A0A817F0U3_79.4_76.6_74.9_20.4_73.9_20.4   72.85   75.91   73.00   72.85   75.75   75.75   80.00   80.00   74.64   76.44   76.58   79.15   78.87   99.86  100.00   91.88   92.16   91.54   91.97   92.11   92.92   83.06   86.27   62.32   63.91
    16: A0A818JM09_79.5_74.9_74.7_21.0_74.2_21.0   74.83   76.23   73.33   74.83   75.21   75.21   79.18   79.18   74.38   75.90   75.90   77.78   77.22   91.74   91.88  100.00   99.72   89.93   89.73   89.73   92.92   81.92   84.62   62.81   64.11
    17: A0A814B6I2_79.2_75.4_75.2_22.0_74.5_22.0   75.50   76.23   73.33   75.50   75.21   75.21   79.32   79.32   74.38   75.90   75.90   78.06   77.50   92.02   92.16   99.72  100.00   90.22   90.01   90.01   92.92   82.16   84.62   62.95   64.25
    18: A0A818ZP43_55.2_67.9_76.7_25.2_76.0_21.4   72.85   75.58   72.35   72.85   76.02   76.02   81.43   81.28   74.39   76.44   76.60   80.06   79.76   91.39   91.54   89.93   90.22  100.00   99.70   99.70   93.40   82.94   85.63   62.83   65.46
    19: A0A821XLQ5_79.4_76.2_75.4_24.4_74.8_21.8   72.85   75.98   72.93   72.85   76.40   76.40   80.62   80.48   74.85   76.80   76.95   79.10   78.81   91.83   91.97   89.73   90.01   99.70  100.00   99.86   93.40   82.94   85.79   61.72   64.19
    20: A0A815Y5U8_78.4_75.9_75.4_21.8_74.5_21.8   72.85   75.98   72.93   72.85   76.40   76.40   80.62   80.48   74.85   76.80   76.95   79.10   78.81   91.97   92.11   89.73   90.01   99.70   99.86  100.00   93.40   82.94   85.94   61.86   64.19
    21: A0A822ALG1_-1_-1_-1_-1_73.4_36.8            -nan   88.68   87.26    -nan   87.74   87.74   90.09   89.62   88.68   89.15   89.15   90.09   90.09   92.92   92.92   92.92   92.92   93.40   93.40   93.40  100.00   97.64   97.64   71.56   72.04
    22: A0A8S2PLJ2_-1_-1_-1_-1_-1_-1                -nan   73.27   68.14    -nan   72.44   72.09   75.06   75.29   71.53   72.64   72.64   75.36   75.59   83.06   83.06   81.92   82.16   82.94   82.94   82.94   97.64  100.00   99.77   57.84   58.79
    23: A0A817ASH6_81.0_77.9_74.6_22.1_73.1_22.1   70.20   74.06   71.04   70.20   74.25   74.25   76.54   76.83   72.94   74.75   74.75   76.51   76.51   86.27   86.27   84.62   84.62   85.63   85.79   85.94   97.64   99.77  100.00   60.86   61.53
    24: A0A813YH44_77.2_74.4_70.8_18.2_71.0_18.2   68.87   63.06   61.90   68.87   60.93   61.23   61.14   61.28   62.44   63.07   63.07   61.05   60.76   62.32   62.32   62.81   62.95   62.83   61.72   61.86   71.56   57.84   60.86  100.00   84.58
    25: A0A813YPD1_76.8_74.2_72.3_19.8_72.7_19.8   68.49   63.61   62.14   68.49   62.26   62.41   62.11   62.26   63.01   63.98   63.98   62.31   62.17   63.91   63.91   64.11   64.25   65.46   64.19   64.19   72.04   58.79   61.53   84.58  100.00
