#
#
#  Percent Identity  Matrix - created by Clustal2.1 
#
#

     1: A0A9D4SD05  100.00   87.30   87.30   69.85   72.78   71.77
     2: A0A6P6YJ75   87.30  100.00  100.00   66.38   69.56   70.76
     3: A0A6P6YKB0   87.30  100.00  100.00   68.27   71.73   71.04
     4: A0A6P6YIF1   69.85   66.38   68.27  100.00   69.18   72.07
     5: A0A132A2N6   72.78   69.56   71.73   69.18  100.00   99.65
     6: A0A834VHZ4   71.77   70.76   71.04   72.07   99.65  100.00
