#
#
#  Percent Identity  Matrix - created by Clustal2.1 
#
#

     1: F7B262      100.00   70.96   71.27   68.25   67.74   68.20   69.30   71.94   67.98
     2: H2ZCF1       70.96  100.00   95.96   92.38   93.07   90.04   91.35   92.93   88.75
     3: H2ZCF2       71.27   95.96  100.00   94.12   94.62   90.30   91.59   94.08   88.53
     4: H2ZCF3       68.25   92.38   94.12  100.00   98.51   90.83   87.57   91.21   86.29
     5: H2ZCE6       67.74   93.07   94.62   98.51  100.00   92.38   88.45   91.82   86.94
     6: H2ZCF0       68.20   90.04   90.30   90.83   92.38  100.00   90.00   93.47   92.82
     7: H2ZCE7       69.30   91.35   91.59   87.57   88.45   90.00  100.00   96.64   97.26
     8: H2ZCE9       71.94   92.93   94.08   91.21   91.82   93.47   96.64  100.00   96.04
     9: H2ZCE8       67.98   88.75   88.53   86.29   86.94   92.82   97.26   96.04  100.00
