#
#
#  Percent Identity  Matrix - created by Clustal2.1 
#
#

     1: A0A093HZ18_96.6_97.1_95.3_59.3_85.6_28.9  100.00   70.53   73.06   75.80   74.09   76.81   75.61   76.81   76.33   76.33   78.06   77.64   76.33   78.05   76.02   77.29   82.13   77.67   81.16   77.02   79.23   80.68   80.59   80.19   82.70
     2: A0A091I9T3_94.0_90.4_83.9_22.8_80.7_22.8   70.53  100.00   72.34   77.07   86.45   68.33   70.12   69.68   68.33   68.78   70.92   70.92   69.23   71.71   72.11   69.68   71.81   71.18   72.40   72.91   72.85   73.30   74.10   75.11   73.31
     3: A0A091VB97_39.6_74.7_81.7_32.0_72.9_23.6   73.06   72.34  100.00   83.69   75.82   82.35   77.78   80.88   80.88   80.88   83.33   82.91   81.86   78.19   79.42   81.37   86.27   82.08   85.29   82.04   84.80   87.75   87.18   86.27   87.18
     4: A0A091L6P6_-1___-1___-1___-1___86.0_26.3   75.80   77.07   83.69  100.00   78.54   87.92   83.74   87.92   85.99   86.96   87.76   87.34   87.92   83.33   84.55   89.86   92.27   87.91   90.82   89.52   90.34   93.24   92.41   94.20   94.94
     5: A0A7L3N2A2_92.0_96.4_97.7_91.5_90.5_36.9   74.09   86.45   75.82   78.54  100.00   78.17   80.07   79.41   78.15   78.57   79.48   79.85   79.41   81.52   82.25   80.67   83.19   80.08   82.77   80.14   81.93   83.61   82.84   85.71   83.58
     6: A0A7L1K291_-1___-1___-1___-1___96.1_58.2   76.81   68.33   82.35   87.92   78.17  100.00   93.01   93.01   92.58   93.01   93.89   94.32   93.89   84.72   83.84   86.46   86.90   85.59   86.90   89.96   85.59   88.21   85.59   87.77   89.08
     7: A0A7L1I9V9_92.2_97.4_97.8_89.8_90.3_34.6   75.61   70.12   77.78   83.74   80.07   93.01  100.00   95.80   93.70   94.54   94.78   95.90   95.38   84.48   84.48   86.55   86.55   83.33   86.55   86.64   86.55   87.39   85.07   87.82   89.55
     8: A0A7L4MAA0_-1___-1___-1___-1___97.3_63.2   76.81   69.68   80.88   87.92   79.41   93.01   95.80  100.00   94.12   94.54   94.54   95.38   94.96   84.45   84.87   87.82   86.55   84.87   86.13   89.92   85.71   87.82   86.13   87.82   89.08
     9: A0A7L3S037_88.8_96.6_97.6_88.8_97.4_63.0   76.33   68.33   80.88   85.99   78.15   92.58   93.70   94.12  100.00   99.16   94.12   94.96   94.96   84.03   83.19   86.13   84.87   85.29   86.55   89.08   84.87   86.13   85.29   85.71   87.39
    10: A0A7L3ULQ0_85.6_96.2_97.6_85.6_97.4_63.5   76.33   68.78   80.88   86.96   78.57   93.01   94.54   94.54   99.16  100.00   94.12   95.80   95.80   84.03   83.19   86.13   85.29   85.29   86.55   89.50   85.71   86.13   85.29   86.55   88.24
    11: A0A7K5XAV5_91.0_97.0_97.7_89.8_93.3_37.9   78.06   70.92   83.33   87.76   79.48   93.89   94.78   94.54   94.12   94.12  100.00   97.01   94.96   86.19   85.45   88.24   87.82   85.77   88.24   90.30   86.97   89.08   86.94   88.66   89.93
    12: A0A7K9FER5_91.1_97.1_97.8_87.6_93.3_38.7   77.64   70.92   82.91   87.34   79.85   94.32   95.90   95.38   94.96   95.80   97.01  100.00   97.48   85.45   84.33   86.97   86.97   84.55   87.39   89.55   87.39   88.66   85.82   88.24   90.30
    13: A0A7L3TBH3_89.2_95.8_97.7_89.2_97.4_63.1   76.33   69.23   81.86   87.92   79.41   93.89   95.38   94.96   94.96   95.80   94.96   97.48  100.00   84.87   85.29   86.97   86.55   85.71   86.97   89.50   86.13   87.39   86.55   87.82   89.92
    14: A0A7L2YRF4_92.1_95.7_97.6_80.8_90.3_36.7   78.05   71.71   78.19   83.33   81.52   84.72   84.48   84.45   84.03   84.03   86.19   85.45   84.87  100.00   85.92   86.97   85.71   83.33   85.29   84.84   84.87   85.71   85.07   86.55   88.43
    15: A0A7L1X2A1_92.8_96.8_97.7_90.2_89.7_30.3   76.02   72.11   79.42   84.55   82.25   83.84   84.48   84.87   83.19   83.19   85.45   84.33   85.29   85.92  100.00   91.18   86.97   81.71   84.45   85.20   85.29   87.82   88.06   87.82   89.18
    16: A0A7K6P0N3_84.2_91.9_96.4_61.8_96.2_61.8   77.29   69.68   81.37   89.86   80.67   86.46   86.55   87.82   86.13   86.13   88.24   86.97   86.97   86.97   91.18  100.00   88.24   85.71   87.82   90.76   86.97   89.08   87.82   90.34   91.18
    17: A0A7K6U9Y8_86.9_96.8_96.9_58.0_96.7_58.0   82.13   71.81   86.27   92.27   83.19   86.90   86.55   86.55   84.87   85.29   87.82   86.97   86.55   85.71   86.97   88.24  100.00   89.92   91.18   92.86   92.86   92.44   92.44   93.28   94.54
    18: A0A7L0T439_86.9_96.2_97.6_86.9_95.6_33.2   77.67   71.18   82.08   87.91   80.08   85.59   83.33   84.87   85.29   85.29   85.77   84.55   85.71   83.33   81.71   85.71   89.92  100.00   92.44   88.21   89.08   89.92   88.62   90.76   89.84
    19: A0A7K5GYV8_86.3_95.8_97.6_86.3_97.4_63.8   81.16   72.40   85.29   90.82   82.77   86.90   86.55   86.13   86.55   86.55   88.24   87.39   86.97   85.29   84.45   87.82   91.18   92.44  100.00   90.76   90.76   90.76   92.02   92.86   92.02
    20: A0A7K7U1K7_92.1_96.3_97.7_90.8_89.6_31.9   77.02   72.91   82.04   89.52   80.14   89.96   86.64   89.92   89.08   89.50   90.30   89.55   89.50   84.84   85.20   90.76   92.86   88.21   90.76  100.00   91.18   92.86   91.04   93.70   94.40
    21: A0A7L0U849_89.2_96.6_97.5_89.2_97.3_62.5   79.23   72.85   84.80   90.34   81.93   85.59   86.55   85.71   84.87   85.71   86.97   87.39   86.13   84.87   85.29   86.97   92.86   89.08   90.76   91.18  100.00   91.60   90.76   92.44   93.70
    22: A0A7K8PIT5_88.4_95.6_97.6_88.4_97.4_65.2   80.68   73.30   87.75   93.24   83.61   88.21   87.39   87.82   86.13   86.13   89.08   88.66   87.39   85.71   87.82   89.08   92.44   89.92   90.76   92.86   91.60  100.00   92.02   94.12   94.12
    23: A0A7K4YP55_90.6_95.1_97.6_89.7_92.2_37.6   80.59   74.10   87.18   92.41   82.84   85.59   85.07   86.13   85.29   85.29   86.94   85.82   86.55   85.07   88.06   87.82   92.44   88.62   92.02   91.04   90.76   92.02  100.00   94.12   92.54
    24: A0A7K8THR3_-1___-1___-1___-1___97.3_63.8   80.19   75.11   86.27   94.20   85.71   87.77   87.82   87.82   85.71   86.55   88.66   88.24   87.82   86.55   87.82   90.34   93.28   90.76   92.86   93.70   92.44   94.12   94.12  100.00   95.38
    25: A0A7K4SVP2_93.1_97.1_97.8_89.8_92.5_36.6   82.70   73.31   87.18   94.94   83.58   89.08   89.55   89.08   87.39   88.24   89.93   90.30   89.92   88.43   89.18   91.18   94.54   89.84   92.02   94.40   93.70   94.12   92.54   95.38  100.00
