(
A0A3B0K7A5:0.07292,
A0A6I8UHZ4:0.00357,
B4GJ27:0.00194);
