(
C3Y4T7:0.05061,
A0A6P4ZSE0:0.02892,
A0A8J9Z787:0.02744);
