#
#
#  Percent Identity  Matrix - created by Clustal2.1 
#
#

     1: A0A2H3JIY7  100.00   61.30   47.26   53.12   51.13   55.21   54.24   54.51
     2: A0A165GAI3   61.30  100.00   51.25   56.05   55.75   62.00   58.16   56.85
     3: A0A550CET8   47.26   51.25  100.00   53.40   54.99   53.64   55.47   53.52
     4: W4K015       53.12   56.05   53.40  100.00   55.08   59.88   58.68   58.06
     5: A0A0L6WH24   51.13   55.75   54.99   55.08  100.00   60.17   61.77   59.88
     6: A0A0H2RQ44   55.21   62.00   53.64   59.88   60.17  100.00   63.83   62.59
     7: A0A369JVD8   54.24   58.16   55.47   58.68   61.77   63.83  100.00   91.84
     8: A0A369J1E7   54.51   56.85   53.52   58.06   59.88   62.59   91.84  100.00
