(
A0A1F6DIH4:0.18328,
A0A1F6DJJ3:0.17808,
A0A1F6DCQ4:0.15525);
