#
#
#  Percent Identity  Matrix - created by Clustal2.1 
#
#

     1: A0A8S3TTD1  100.00   96.20   96.11   95.54   82.59   81.28   84.74   83.81
     2: A0A8B6D6D9   96.20  100.00  100.00   96.53   83.06   81.49   84.73   83.78
     3: A0A8B6D3N0   96.11  100.00  100.00   96.53   82.89   81.49   84.78   83.89
     4: A0A8S3TPS9   95.54   96.53   96.53  100.00   82.89   80.83   84.73   83.78
     5: A0A6J8AMM2   82.59   83.06   82.89   82.89  100.00   82.37   87.10   86.30
     6: A0A8B6HF53   81.28   81.49   81.49   80.83   82.37  100.00   87.90   89.20
     7: A0A8B6D4H2   84.74   84.73   84.78   84.73   87.10   87.90  100.00   92.85
     8: A0A8B6HG83   83.81   83.78   83.89   83.78   86.30   89.20   92.85  100.00
