#
#
#  Percent Identity  Matrix - created by Clustal2.1 
#
#

     1: A0A2P8A1J3_89.0_94.8_92.3_32.0_86.4_23.9  100.00   51.23   49.39   53.27   48.99   53.33   55.63   54.24   54.34   49.65   51.49   46.56   50.90   49.91   51.26   51.17   51.17   51.17   50.99   51.17   51.17   51.17   51.17   51.17   51.17
     2: A0A2S6CFJ0_87.2_94.9_94.1_49.5_86.4_22.4   51.23  100.00   68.84   56.54   53.27   54.36   57.69   56.79   56.97   49.82   53.43   50.48   56.68   55.68   57.27   57.14   57.14   57.14   57.14   57.14   57.32   57.32   56.96   57.14   57.14
     3: N1PC29_88.1_94.8_93.8_43.8_86.5_22.6       49.39   68.84  100.00   56.57   52.46   53.46   55.81   56.89   56.64   48.06   53.11   47.53   52.93   52.30   52.77   52.49   52.67   52.67   52.67   52.67   52.85   52.85   52.49   52.67   52.67
     4: A0A1V8SDK0_88.9_96.1_94.8_49.2_89.2_28.1   53.27   56.54   56.57  100.00   89.61   54.97   58.01   61.27   61.55   53.33   53.00   50.97   56.52   55.88   56.55   56.26   56.44   56.44   56.62   56.44   56.62   56.62   56.26   56.44   56.44
     5: A0A1V8T6B7_-1___-1___-1___-1___82.6_23.2   48.99   53.27   52.46   89.61  100.00   50.40   53.16   56.80   56.91   50.31   50.70   54.99   54.27   54.16   54.08   53.97   53.97   53.97   54.18   53.97   54.18   54.18   53.77   53.97   53.97
     6: B2AZ90_89.8_95.6_94.1_42.6_85.5_25.8       53.33   54.36   53.46   54.97   50.40  100.00   67.36   63.18   63.11   50.27   51.57   49.16   54.84   53.13   54.32   54.22   54.22   54.22   54.04   54.22   54.22   54.22   54.22   54.22   54.22
     7: G2R092_88.3_95.6_94.7_37.2_89.5_26.7       55.63   57.69   55.81   58.01   53.16   67.36  100.00   69.28   69.58   53.60   55.93   51.85   59.06   58.41   58.98   58.98   58.80   58.98   58.80   58.98   59.17   59.17   58.80   58.98   58.98
     8: A0A5N5NSB5_84.1_95.6_94.4_48.2_88.5_26.5   54.24   56.79   56.89   61.27   56.80   63.18   69.28  100.00   96.01   51.72   51.96   54.09   60.55   59.53   60.58   60.11   59.93   60.11   59.93   60.11   60.11   60.11   59.93   60.11   60.11
     9: A0A5N5JAH7_85.3_95.6_94.5_43.2_87.9_24.9   54.34   56.97   56.64   61.55   56.91   63.11   69.58   96.01  100.00   52.26   52.05   54.00   59.93   59.45   60.69   60.40   60.22   60.40   60.22   60.40   60.40   60.40   60.22   60.40   60.40
    10: L7I266_90.4_96.2_93.9_51.9_87.0_26.3       49.65   49.82   48.06   53.33   50.31   50.27   53.60   51.72   52.26  100.00   50.78   47.00   54.96   54.69   54.19   53.90   54.08   54.08   54.26   54.08   54.26   54.26   54.08   54.08   54.08
    11: A0A3M0W0B3_89.6_95.3_94.0_49.4_86.4_25.2   51.49   53.43   53.11   53.00   50.70   51.57   55.93   51.96   52.05   50.78  100.00   49.43   54.72   54.80   54.93   54.99   54.99   54.82   54.82   54.82   54.99   54.99   54.64   54.82   54.82
    12: A0A4S8YWV7_-1___-1___-1___-1___80.2_22.6   46.56   50.48   47.53   50.97   54.99   49.16   51.85   54.09   54.00   47.00   49.43  100.00   78.08   79.04   81.36   81.27   81.27   81.47   81.66   81.85   81.66   81.47   81.66   81.47   81.66
    13: A0A074VVU6_92.8_96.9_95.2_52.0_88.2_25.7   50.90   56.68   52.93   56.52   54.27   54.84   59.06   60.55   59.93   54.96   54.72   78.08  100.00   93.15   92.92   92.27   92.61   92.61   92.96   93.13   92.78   92.78   92.78   92.78   92.96
    14: A0A074YAE3_94.1_96.9_95.8_66.1_88.0_25.9   49.91   55.68   52.30   55.88   54.16   53.13   58.41   59.53   59.45   54.69   54.80   79.04   93.15  100.00   93.62   93.31   93.48   93.65   94.00   94.17   93.83   93.65   93.83   93.83   94.00
    15: A0A4V4JRD5_94.4_97.2_95.5_54.9_89.0_25.3   51.26   57.27   52.77   56.55   54.08   54.32   58.98   60.58   60.69   54.19   54.93   81.36   92.92   93.62  100.00   98.28   98.62   98.79   99.14   99.31   98.97   98.79   98.97   98.79   98.97
    16: A0A4V4KE03_93.7_96.9_95.8_64.2_88.3_26.2   51.17   57.14   52.49   56.26   53.97   54.22   58.98   60.11   60.40   53.90   54.99   81.27   92.27   93.31   98.28  100.00   98.63   98.80   98.80   98.97   98.97   98.80   98.97   98.97   99.14
    17: A0A4S9DUQ5_93.9_96.9_95.5_52.2_87.9_24.8   51.17   57.14   52.67   56.44   53.97   54.22   58.80   59.93   60.22   54.08   54.99   81.27   92.61   93.48   98.62   98.63  100.00   99.14   99.14   99.31   99.31   99.14   99.31   99.14   99.31
    18: A0A4S9KFJ6_93.9_97.0_95.5_53.3_88.2_24.7   51.17   57.14   52.67   56.44   53.97   54.22   58.98   60.11   60.40   54.08   54.82   81.47   92.61   93.65   98.79   98.80   99.14  100.00   99.31   99.49   99.49   99.31   99.49   99.31   99.49
    19: A0A4S9RPU3_94.1_97.4_95.9_68.2_88.5_25.4   50.99   57.14   52.67   56.62   54.18   54.04   58.80   59.93   60.22   54.26   54.82   81.66   92.96   94.00   99.14   98.80   99.14   99.31  100.00   99.83   99.49   99.31   99.49   99.31   99.49
    20: A0A074X6Q6_94.2_97.2_95.8_61.4_88.0_24.3   51.17   57.14   52.67   56.44   53.97   54.22   58.98   60.11   60.40   54.08   54.82   81.85   93.13   94.17   99.31   98.97   99.31   99.49   99.83  100.00   99.66   99.49   99.66   99.49   99.66
    21: A0A4S9WYG9_93.9_96.9_95.4_48.0_87.8_27.0   51.17   57.32   52.85   56.62   54.18   54.22   59.17   60.11   60.40   54.26   54.99   81.66   92.78   93.83   98.97   98.97   99.31   99.49   99.49   99.66  100.00   99.83   99.66   99.49   99.66
    22: A0A4V4JI22_94.1_97.2_95.5_55.8_88.2_25.9   51.17   57.32   52.85   56.62   54.18   54.22   59.17   60.11   60.40   54.26   54.99   81.47   92.78   93.65   98.79   98.80   99.14   99.31   99.31   99.49   99.83  100.00   99.49   99.31   99.49
    23: A0A4S8XI27_93.6_96.9_95.4_55.2_87.9_27.3   51.17   56.96   52.49   56.26   53.77   54.22   58.80   59.93   60.22   54.08   54.64   81.66   92.78   93.83   98.97   98.97   99.31   99.49   99.49   99.66   99.66   99.49  100.00   99.49   99.66
    24: A0A4S8VWW2_92.7_95.9_95.1_42.5_88.1_27.2   51.17   57.14   52.67   56.44   53.97   54.22   58.98   60.11   60.40   54.08   54.82   81.47   92.78   93.83   98.79   98.97   99.14   99.31   99.31   99.49   99.49   99.31   99.49  100.00   99.83
    25: A0A4S8XMR0_93.6_97.0_95.4_48.5_87.9_24.1   51.17   57.14   52.67   56.44   53.97   54.22   58.98   60.11   60.40   54.08   54.82   81.66   92.96   94.00   98.97   99.14   99.31   99.49   99.49   99.66   99.66   99.49   99.66   99.83  100.00
