(
A0A7J9Z3A7_92.2_78.4_91.8_66.1_77.2_24.5:0.28066,
A0A5J6L734_91.9_76.9_89.7_50.2_86.0_30.6:0.15625,
A0A4R5DCZ0_88.1_66.9_91.5_66.9_87.2_31.5:0.13248);
