#
#
#  Percent Identity  Matrix - created by Clustal2.1 
#
#

     1: X0J8R6_93.9_96.2_93.6_36.1_89.6_21.7      100.00  100.00  100.00   98.90   98.89   99.08   99.08   99.27   99.27   99.27
     2: A0A8H6GVK6_-1_-1_-1_-1_-1_-1              100.00  100.00  100.00   98.90   98.89   99.08   99.08   99.27   99.27   99.27
     3: F9FPK4_92.9_95.4_92.8_40.0_73.9_20.3      100.00  100.00  100.00   96.37   96.35   96.47   96.47   99.27   96.47   99.27
     4: A0A420T4N9_91.8_94.4_92.0_34.6_78.5_21.4   98.90   98.90   96.37  100.00   98.59   98.68   99.56   99.63   99.55   99.63
     5: A0A420RRR5_92.4_95.1_90.9_33.3_76.8_21.5   98.89   98.89   96.35   98.59  100.00   99.91   98.85   99.63   98.82   99.63
     6: A0A420Q4C2_92.1_94.9_91.8_35.3_77.3_21.6   99.08   99.08   96.47   98.68   99.91  100.00   98.94   99.82   98.91   99.82
     7: A0A2H3HVT4_92.7_95.1_92.1_35.0_78.1_22.2   99.08   99.08   96.47   99.56   98.85   98.94  100.00   99.82   99.82   99.82
     8: A0A4Q2W526_93.9_96.5_94.1_38.9_89.9_20.4   99.27   99.27   99.27   99.63   99.63   99.82   99.82  100.00  100.00  100.00
     9: W9KIL9_92.0_94.6_91.3_30.2_75.7_19.2       99.27   99.27   96.47   99.55   98.82   98.91   99.82  100.00  100.00  100.00
    10: A0A3L6NM58_93.8_96.6_93.3_28.1_89.5_21.8   99.27   99.27   99.27   99.63   99.63   99.82   99.82  100.00  100.00  100.00
