#
#
#  Percent Identity  Matrix - created by Clustal2.1 
#
#

     1: A0A427XPJ5_88.8_94.0_95.0_64.4_90.2_29.5  100.00   55.24   54.38   56.03   52.77   55.76   52.59   54.21
     2: A0A5D3ATG8_92.2_95.3_96.0_83.9_90.3_23.0   55.24  100.00   97.62   96.94   54.72   57.55   55.51   57.30
     3: A0A1E3I734_86.5_92.7_94.4_47.7_89.4_21.1   54.38   97.62  100.00   98.78   54.04   56.22   54.60   55.84
     4: A0A1E3KFM3_-1___-1___-1___-1___93.9_52.1   56.03   96.94   98.78  100.00   56.85   59.22   55.62   58.78
     5: A0A427XWF3_91.5_96.1_96.1_81.9_87.1_21.2   52.77   54.72   54.04   56.85  100.00   63.75   59.77   59.06
     6: A0A0J0XGN4_91.3_95.6_95.7_75.6_89.5_24.2   55.76   57.55   56.22   59.22   63.75  100.00   58.27   63.55
     7: A0A7D8V1Z2_88.9_93.6_95.4_78.0_91.9_24.8   52.59   55.51   54.60   55.62   59.77   58.27  100.00   65.01
     8: A0A7D8Z1K0_93.8_96.1_95.8_80.8_86.7_21.5   54.21   57.30   55.84   58.78   59.06   63.55   65.01  100.00
