#
#
#  Percent Identity  Matrix - created by Clustal2.1 
#
#

     1: A0A061H7Y1  100.00  100.00   54.19   53.77   53.23   53.39   53.23   55.35   53.62   53.46   53.54   53.79   54.52   55.08   54.29
     2: A0A5C3F5R7  100.00  100.00   54.19   53.77   53.23   53.39   53.23   55.35   53.62   53.46   53.54   53.79   54.52   55.08   54.29
     3: R9PMR6       54.19   54.19  100.00   80.31   80.94   81.26   80.94   81.94   79.65   79.50   81.07   79.27   81.24   82.96   83.76
     4: A0A4U7L130   53.77   53.77   80.31  100.00   91.42   90.48   90.17   84.11   81.09   81.41   82.53   82.16   83.15   83.75   85.33
     5: A0A0F7SC99   53.23   53.23   80.94   91.42  100.00   91.28   91.12   84.45   81.25   81.56   83.75   82.45   83.60   84.36   85.62
     6: A0A2N8U7N2   53.39   53.39   81.26   90.48   91.28  100.00   99.07   84.45   81.25   81.56   82.81   81.19   83.28   83.73   84.83
     7: E6ZL47       53.23   53.23   80.94   90.17   91.12   99.07  100.00   84.11   80.94   81.25   82.50   80.88   82.97   83.41   84.52
     8: A0A5C3FDQ2   55.35   55.35   81.94   84.11   84.45   84.45   84.11  100.00   96.99   98.00   83.28   82.94   83.61   85.26   84.92
     9: M9LVK1       53.62   53.62   79.65   81.09   81.25   81.25   80.94   96.99  100.00   98.13   80.47   80.56   82.18   83.25   82.94
    10: W3VSV5       53.46   53.46   79.50   81.41   81.56   81.56   81.25   98.00   98.13  100.00   80.62   80.56   82.02   82.94   82.62
    11: V5EU07       53.54   53.54   81.07   82.53   83.75   82.81   82.50   83.28   80.47   80.62  100.00   81.85   82.83   84.86   85.33
    12: I2FW33       53.79   53.79   79.27   82.16   82.45   81.19   80.88   82.94   80.56   80.56   81.85  100.00   85.67   87.22   87.22
    13: A0A077QZ03   54.52   54.52   81.24   83.15   83.60   83.28   82.97   83.61   82.18   82.02   82.83   85.67  100.00   87.70   87.70
    14: A0A5C3DQ07   55.08   55.08   82.96   83.75   84.36   83.73   83.41   85.26   83.25   82.94   84.86   87.22   87.70  100.00   97.16
    15: A0A5C3DUK6   54.29   54.29   83.76   85.33   85.62   84.83   84.52   84.92   82.94   82.62   85.33   87.22   87.70   97.16  100.00
