(
A0A2L2YCI4_80.7_80.8_84.8_33.3_75.0_19.9:0.00682,
A0A2L2YCI6_80.6_81.2_83.2_30.2_73.3_19.8:0.00000,
A0A2L2YCW9_81.1_81.5_83.9_31.7_74.5_20.0:0.00273);
