(
A0A0A8L9C6:0.21996,
A0A5P2U832:0.02032,
Q6CN63:0.01502);
