#
#
#  Percent Identity  Matrix - created by Clustal2.1 
#
#

     1: A0A6L6EGN4_97.6_97.9_93.0_72.8_86.2_24.2  100.00   99.79   66.95   67.16   67.16   66.95   61.00   61.00   61.22   61.22   59.55   62.13   62.13
     2: A0A6J7U8C3_97.6_97.9_93.8_76.4_82.4_22.4   99.79  100.00   66.74   66.95   66.95   66.74   60.77   60.77   61.00   61.00   59.32   61.90   61.90
     3: A0A6J6NRG3_97.4_98.1_94.0_74.9_87.3_24.2   66.95   66.74  100.00   99.79   99.79   99.58   50.90   50.90   51.13   51.13   50.57   51.36   51.36
     4: A0A7K1AGK2_97.5_98.1_94.7_80.6_87.8_25.1   67.16   66.95   99.79  100.00  100.00   99.79   50.90   50.90   51.13   51.13   50.57   51.36   51.36
     5: A0A6J6FIZ3_97.4_98.1_94.2_79.6_87.4_24.8   67.16   66.95   99.79  100.00  100.00   99.79   50.90   50.90   51.13   51.13   50.57   51.36   51.36
     6: A0A6J6R7R8_97.4_98.1_93.9_72.7_87.1_24.0   66.95   66.74   99.58   99.79   99.79  100.00   50.90   50.90   51.13   51.13   50.57   51.36   51.36
     7: A0A6J7JA23_97.8_98.3_92.9_56.7_90.3_32.9   61.00   60.77   50.90   50.90   50.90   50.90  100.00  100.00   99.78   99.78   63.49   65.99   65.99
     8: A0A6I2WWS0_97.1_98.1_92.9_67.6_90.1_33.8   61.00   60.77   50.90   50.90   50.90   50.90  100.00  100.00   99.78   99.78   63.49   65.99   65.99
     9: A0A6J7PM98_97.6_98.2_92.5_57.1_90.1_32.9   61.22   61.00   51.13   51.13   51.13   51.13   99.78   99.78  100.00  100.00   63.72   65.76   65.76
    10: A0A7K0KWR5_97.8_98.3_92.7_53.4_90.5_32.4   61.22   61.00   51.13   51.13   51.13   51.13   99.78   99.78  100.00  100.00   63.72   65.76   65.76
    11: A0A094PZD2_96.4_97.8_92.9_60.1_90.1_27.6   59.55   59.32   50.57   50.57   50.57   50.57   63.49   63.49   63.72   63.72  100.00   78.83   78.83
    12: A0A6J6EQH6_97.4_98.2_93.5_66.9_90.2_25.1   62.13   61.90   51.36   51.36   51.36   51.36   65.99   65.99   65.76   65.76   78.83  100.00  100.00
    13: A0A7K1CNW9_97.8_98.5_94.7_79.6_91.5_26.3   62.13   61.90   51.36   51.36   51.36   51.36   65.99   65.99   65.76   65.76   78.83  100.00  100.00
