(
A0A1W0XCP6:0.27393,
A0A1D1V1L0:0.17208,
A0A1W0WYU0:0.17006);
