#
#
#  Percent Identity  Matrix - created by Clustal2.1 
#
#

     1: A0A538E2A1  100.00   99.77   72.39   77.18   50.00   49.77
     2: A0A1Q7W929   99.77  100.00   72.62   77.41   50.00   49.77
     3: A0A538N680   72.39   72.62  100.00   78.64   49.89   49.43
     4: A0A1Q7VV32   77.18   77.41   78.64  100.00   52.15   52.38
     5: A0A8T4F1C8   50.00   50.00   49.89   52.15  100.00   65.36
     6: A0A7W8A847   49.77   49.77   49.43   52.38   65.36  100.00
