(
A8PSH0_90.1_94.2_90.7_36.8_86.3_27.6:0.24135,
A0A0N0RSB8_81.8_90.9_90.0_33.7_85.2_26.4:0.23250,
A0A1M8A5L7_92.8_95.6_91.5_37.7_88.1_30.9:0.20825);
