(
A0A0R3TLH9_78.3_85.3_84.7_34.0_80.8_23.8:0.27323,
A0A564YN18_-1_-1_-1_-1_70.0_22.9:0.00473,
A0A0R3SVE7_78.8_82.7_82.8_29.5_81.2_28.3:0.00290);
