#
#
#  Percent Identity  Matrix - created by Clustal2.1 
#
#

     1: A0A6P7XY14_82.4_79.6_80.6_29.5_77.4_25.5  100.00   48.09   56.37   54.84   55.07   51.12   52.55   51.42   53.88   54.42   53.24   53.25   53.89   50.35   54.88   55.45   51.08   49.92   54.81   56.06   54.95   55.71   52.34   55.79   56.06
     2: M3XK54_82.3_78.4_83.1_30.6_80.6_26.4       48.09  100.00   52.73   52.73   52.55   58.20   58.20   58.20   60.19   60.26   60.56   60.56   60.56   57.54   58.17   59.88   57.93   57.56   59.05   60.00   59.21   59.52   58.92   59.80   59.35
     3: A0A6P7XZC8_84.9_83.2_71.6_20.2_71.9_20.2   56.37   52.73  100.00   99.86   95.45   58.21   58.50   58.54   60.70   60.54   60.83   60.83   60.83   57.07   61.01   60.94   58.26   57.81   60.47   61.69   60.14   60.25   59.33   61.59   61.58
     4: A0A6P7XTM0_84.6_83.0_73.8_20.9_72.4_20.9   54.84   52.73   99.86  100.00   96.13   56.15   56.40   56.45   58.56   58.56   58.84   58.84   58.84   57.07   61.31   60.94   56.18   55.78   60.47   61.69   60.46   60.57   57.14   61.88   61.69
     5: A0A6P7XYP3_84.7_83.4_80.5_25.7_77.5_22.7   55.07   52.55   95.45   96.13  100.00   56.60   56.86   56.90   59.44   59.20   59.48   59.48   59.48   57.25   61.31   61.12   56.64   56.22   60.47   61.69   60.46   60.57   57.92   61.88   61.87
     6: A0A151NLW0_83.0_77.1_82.6_34.0_79.4_24.2   51.12   58.20   58.21   56.15   56.60  100.00   98.65   96.22   74.32   74.17   72.43   72.90   73.51   67.86   76.45   77.40   73.34   72.02   75.13   75.76   75.61   75.35   73.79   76.80   76.29
     7: A0A3Q0FNC7_82.8_77.8_82.8_36.2_80.8_28.5   52.55   58.20   58.50   56.40   56.86   98.65  100.00  100.00   75.08   74.92   75.19   75.19   75.19   69.41   76.45   77.40   73.49   73.49   75.13   75.76   75.61   75.35   73.94   76.80   76.29
     8: A0A3Q0FT01_81.1_76.0_82.0_35.9_78.3_21.6   51.42   58.20   58.54   56.45   56.90   96.22  100.00  100.00   75.08   74.92   73.21   73.49   74.26   68.20   76.45   77.40   73.49   72.46   75.13   75.76   75.61   75.35   73.94   76.80   76.29
     9: A0A669QDN1_78.6_77.6_82.1_35.9_80.8_25.2   53.88   60.19   60.70   58.56   59.44   74.32   75.08   75.08  100.00   95.48   95.63   95.63   95.63   75.96   81.83   81.85   79.00   78.85   80.29   81.04   80.59   80.92   79.33   82.36   81.57
    10: A0A8V0XA28_-1_-1_-1_-1_-1_-1               54.42   60.26   60.54   58.56   59.20   74.17   74.92   74.92   95.48  100.00   99.85   99.85   99.85   75.79   81.51   81.70   78.55   78.70   80.11   80.89   80.63   80.60   79.64   82.39   81.79
    11: A0A8V0XD68_-1_-1_-1_-1_-1_-1               53.24   60.56   60.83   58.84   59.48   72.43   75.19   73.21   95.63   99.85  100.00   98.68   99.55   73.08   81.83   82.03   78.82   76.63   80.65   81.22   80.94   80.92   79.91   82.72   82.11
    12: A0A8V0XD61_-1_-1_-1_-1_-1_-1               53.25   60.56   60.83   58.84   59.48   72.90   75.19   73.49   95.63   99.85   98.68  100.00   99.70   74.36   81.83   82.03   78.82   77.66   80.65   81.22   80.94   80.92   79.91   82.72   82.11
    13: A0A8V0X3K2_-1_-1_-1_-1_-1_-1               53.89   60.56   60.83   58.84   59.48   73.51   75.19   74.26   95.63   99.85   99.55   99.70  100.00   75.00   81.83   82.03   78.82   78.09   80.65   81.22   80.94   80.92   79.91   82.72   82.11
    14: A0A3M0JL00_80.9_77.9_81.7_29.1_75.5_23.7   50.35   57.54   57.07   57.07   57.25   67.86   69.41   68.20   75.96   75.79   73.08   74.36   75.00  100.00   85.99   86.10   85.84   83.00   85.11   85.36   84.98   84.42   87.32   88.48   88.50
    15: A0A7K5IDN0_79.5_77.2_83.0_32.9_83.7_32.9   54.88   58.17   61.01   61.31   61.31   76.45   76.45   76.45   81.83   81.51   81.83   81.83   81.83   85.99  100.00   92.79   90.86   90.16   91.47   92.42   92.77   93.05   90.48   91.01   90.73
    16: A0A7L2D2X9_80.5_77.6_82.4_33.0_82.8_33.0   55.45   59.88   60.94   60.94   61.12   77.40   77.40   77.40   81.85   81.70   82.03   82.03   82.03   86.10   92.79  100.00   90.78   90.78   91.24   92.74   91.83   91.74   91.83   91.47   91.38
    17: H0ZTB1_78.7_75.9_82.1_32.3_80.7_28.2       51.08   57.93   58.26   56.18   56.64   73.34   73.49   73.49   79.00   78.55   78.82   78.82   78.82   85.84   90.86   90.78  100.00   96.69   91.23   89.66   92.33   91.73   90.91   89.63   89.48
    18: A0A3L8SL58_78.3_74.3_82.7_34.0_78.9_23.2   49.92   57.56   57.81   55.78   56.22   72.02   73.49   72.46   78.85   78.70   76.63   77.66   78.09   83.00   90.16   90.78   96.69  100.00   90.52   89.84   91.64   91.37   90.76   89.10   88.77
    19: A0A852BFN2_80.6_76.7_82.6_29.2_83.0_29.2   54.81   59.05   60.47   60.47   60.47   75.13   75.13   75.13   80.29   80.11   80.65   80.65   80.65   85.11   91.47   91.24   91.23   90.52  100.00   91.94   93.91   93.14   91.41   91.50   91.59
    20: A0A7L1UBU8_78.9_74.8_82.5_29.2_82.9_29.2   56.06   60.00   61.69   61.69   61.69   75.76   75.76   75.76   81.04   80.89   81.22   81.22   81.22   85.36   92.42   92.74   89.66   89.84   91.94  100.00   92.87   91.35   90.70   92.25   90.15
    21: A0A7L0YUA9_78.0_74.8_82.8_29.6_83.5_29.6   54.95   59.21   60.14   60.46   60.46   75.61   75.61   75.61   80.59   80.63   80.94   80.94   80.94   84.98   92.77   91.83   92.33   91.64   93.91   92.87  100.00   94.54   90.38   91.73   90.37
    22: A0A7K5MNH9_79.2_75.7_83.0_31.0_84.0_31.0   55.71   59.52   60.25   60.57   60.57   75.35   75.35   75.35   80.92   80.60   80.92   80.92   80.92   84.42   93.05   91.74   91.73   91.37   93.14   91.35   94.54  100.00   90.49   90.57   90.16
    23: A0A8C0U3Y8_-1_-1_-1_-1_-1_-1               52.34   58.92   59.33   57.14   57.92   73.79   73.94   73.94   79.33   79.64   79.91   79.91   79.91   87.32   90.48   91.83   90.91   90.76   91.41   90.70   90.38   90.49  100.00   91.36   91.27
    24: A0A7L2LKG9_82.6_78.6_83.2_34.1_84.2_34.1   55.79   59.80   61.59   61.88   61.88   76.80   76.80   76.80   82.36   82.39   82.72   82.72   82.72   88.48   91.01   91.47   89.63   89.10   91.50   92.25   91.73   90.57   91.36  100.00   93.58
    25: A0A7L2P490_81.8_77.1_83.3_34.6_84.4_34.6   56.06   59.35   61.58   61.69   61.87   76.29   76.29   76.29   81.57   81.79   82.11   82.11   82.11   88.50   90.73   91.38   89.48   88.77   91.59   90.15   90.37   90.16   91.27   93.58  100.00
