#
#
#  Percent Identity  Matrix - created by Clustal2.1 
#
#

     1: A0A317XUZ9  100.00   62.31   62.50   62.50   62.52   62.11   64.62   64.38   63.34   63.70   62.77   62.32   63.59   61.78   62.25   62.87   61.31
     2: W3VGH2       62.31  100.00   96.25   95.76   64.83   64.55   68.55   68.51   67.84   67.67   65.89   66.44   67.61   67.89   67.12   67.06   71.86
     3: M9MBA7       62.50   96.25  100.00   95.76   64.83   65.22   68.39   68.68   68.01   68.01   65.55   66.28   67.45   67.56   66.78   66.72   72.36
     4: A0A081CBX4   62.50   95.76   95.76  100.00   64.83   65.05   68.22   68.84   68.01   67.84   66.05   66.94   68.11   67.56   67.12   67.24   71.86
     5: A0A0D1DNZ5   62.52   64.83   64.83   64.83  100.00   77.44   76.55   74.88   75.61   76.43   71.17   72.20   72.20   71.69   70.05   70.25   73.13
     6: R9PLB5       62.11   64.55   65.22   65.05   77.44  100.00   74.31   75.08   75.16   75.32   72.56   71.73   71.41   69.97   68.87   69.23   74.63
     7: A0A4U7KSY9   64.62   68.55   68.39   68.22   76.55   74.31  100.00   85.42   85.37   86.01   71.96   75.36   74.40   72.33   72.14   72.48   77.89
     8: A0A0F7SBW7   64.38   68.51   68.68   68.84   74.88   75.08   85.42  100.00   85.67   85.99   73.70   75.32   74.68   72.61   73.30   73.83   77.39
     9: E6ZUN2       63.34   67.84   68.01   68.01   75.61   75.16   85.37   85.67  100.00   96.95   73.25   74.39   74.07   71.50   72.76   73.28   75.76
    10: A0A2N8UM31   63.70   67.67   68.01   67.84   76.43   75.32   86.01   85.99   96.95  100.00   73.57   74.55   74.23   71.66   72.26   72.61   75.25
    11: V5GIE4       62.77   65.89   65.55   66.05   71.17   72.56   71.96   73.70   73.25   73.57  100.00   74.11   72.49   71.06   71.93   71.91   76.62
    12: A0A5C3ERZ2   62.32   66.44   66.28   66.94   72.20   71.73   75.36   75.32   74.39   74.55   74.11  100.00   91.83   75.65   74.71   74.25   77.61
    13: A0A5C3E3B8   63.59   67.61   67.45   68.11   72.20   71.41   74.40   74.68   74.07   74.23   72.49   91.83  100.00   75.32   73.72   73.58   75.62
    14: A0A077RAR3   61.78   67.89   67.56   67.56   71.69   69.97   72.33   72.61   71.50   71.66   71.06   75.65   75.32  100.00   73.30   72.48   79.60
    15: I2FXL8       62.25   67.12   66.78   67.12   70.05   68.87   72.14   73.30   72.76   72.26   71.93   74.71   73.72   73.30  100.00   97.17   95.54
    16: A0A1K0GWL2   62.87   67.06   66.72   67.24   70.25   69.23   72.48   73.83   73.28   72.61   71.91   74.25   73.58   72.48   97.17  100.00  100.00
    17: A0A8H8QS84   61.31   71.86   72.36   71.86   73.13   74.63   77.89   77.39   75.76   75.25   76.62   77.61   75.62   79.60   95.54  100.00  100.00
