#
#
#  Percent Identity  Matrix - created by Clustal2.1 
#
#

     1: A0A1E4S3N6_-1___-1___-1___-1___94.4_41.1  100.00   51.54   51.75   52.07   51.85   52.72   48.91
     2: A0A0H5CFC0_87.4_94.6_95.7_83.6_89.9_21.1   51.54  100.00   96.62   51.98   52.16   51.89   51.44
     3: A0A1E4S3S5_86.1_94.4_95.6_80.6_88.5_23.2   51.75   96.62  100.00   50.70   50.88   51.15   51.15
     4: A0A1V2LBV1_85.1_94.5_95.6_67.8_89.5_24.7   52.07   51.98   50.70  100.00   97.91   54.45   51.93
     5: A0A061B638_85.0_94.3_95.0_56.1_89.0_23.8   51.85   52.16   50.88   97.91  100.00   54.28   51.58
     6: A0A1E3P3W4_84.2_92.8_95.0_58.5_88.6_23.6   52.72   51.89   51.15   54.45   54.28  100.00   67.19
     7: K0KVP2_92.4_96.6_95.8_71.7_91.9_29.2       48.91   51.44   51.15   51.93   51.58   67.19  100.00
