#
#
#  Percent Identity  Matrix - created by Clustal2.1 
#
#

     1: A0A2P7YUZ7  100.00   94.38   94.38   63.09   63.09   59.61   59.79   59.96   59.96   52.11   52.11   52.39   52.57   49.82   49.30   45.55   48.11   49.45   49.09   50.55   50.20   50.18   51.45   50.91   48.50   47.43   47.35   46.47   50.71   50.97   47.95   48.23   47.23   49.63   51.94   52.65   51.41   50.44   52.30   52.03   51.06   52.38   52.38   51.94   52.73   51.76   50.71   45.64   51.41   52.64   47.91   51.94   52.29   52.11
     2: A0A2V1A9T7   94.38  100.00  100.00   63.80   63.80   59.08   58.91   59.44   59.61   50.35   50.35   52.74   52.92   49.47   48.77   46.26   48.83   48.00   47.82   49.82   49.80   49.45   50.73   50.18   48.50   47.61   47.35   46.47   49.82   50.44   48.31   47.87   47.58   49.25   51.24   52.30   51.76   50.62   51.77   51.50   51.41   52.20   52.20   51.94   53.44   51.76   51.77   46.65   51.23   52.46   47.70   51.94   51.94   51.76
     3: A0A8F2LCG0   94.38  100.00  100.00   63.80   63.80   59.08   58.91   59.44   59.61   50.35   50.35   52.74   52.92   49.47   48.77   46.26   48.83   48.00   47.82   49.82   49.80   49.45   50.73   50.18   48.50   47.61   47.35   46.47   49.82   50.44   48.31   47.87   47.58   49.25   51.24   52.30   51.76   50.62   51.77   51.50   51.41   52.20   52.20   51.94   53.44   51.76   51.77   46.65   51.23   52.46   47.70   51.94   51.94   51.76
     4: A0A2V1AT35   63.09   63.80   63.80  100.00  100.00   68.84   69.14   69.49   69.66   56.82   56.82   55.83   55.83   54.02   55.59   47.17   51.25   50.72   50.54   50.63   50.90   51.90   52.44   52.08   52.20   52.02   53.16   53.16   54.13   53.06   53.27   51.94   51.87   54.83   57.54   58.07   52.45   53.43   52.63   52.71   54.56   55.52   55.52   55.24   56.92   55.07   55.79   49.50   56.29   54.90   51.66   57.52   56.29   56.29
     5: A0A8H4FS10   63.09   63.80   63.80  100.00  100.00   68.84   69.14   69.49   69.66   56.82   56.82   55.83   55.83   54.02   55.59   47.17   51.25   50.72   50.54   50.63   50.90   51.90   52.44   52.08   52.20   52.02   53.16   53.16   54.13   53.06   53.27   51.94   51.87   54.83   57.54   58.07   52.45   53.43   52.63   52.71   54.56   55.52   55.52   55.24   56.92   55.07   55.79   49.50   56.29   54.90   51.66   57.52   56.29   56.29
     6: A0A890D253   59.61   59.08   59.08   68.84   68.84  100.00   96.48   97.18   97.54   58.02   58.02   55.30   55.30   56.26   57.67   48.66   51.25   51.73   51.55   50.64   51.92   53.01   53.73   53.55   52.66   53.19   54.69   54.87   52.57   54.24   54.64   51.87   52.33   56.10   56.64   58.41   55.73   54.26   53.10   53.53   56.28   55.30   55.30   55.56   54.59   53.09   53.81   47.97   56.97   55.56   51.15   56.26   55.03   54.85
     7: A0A0L0P3E7   59.79   58.91   58.91   69.14   69.14   96.48  100.00   99.30   98.94   58.48   58.48   56.11   56.11   55.30   57.24   49.11   52.24   52.01   51.82   50.55   51.82   52.92   54.20   53.83   53.82   54.00   54.96   55.50   53.19   55.04   55.28   51.78   52.96   56.20   58.33   59.40   55.65   54.71   53.37   53.98   56.91   55.58   55.58   56.36   55.22   53.71   53.90   47.86   56.89   56.01   51.26   56.18   54.95   54.77
     8: A0A2H1A7B3   59.96   59.44   59.44   69.49   69.49   97.18   99.30  100.00   99.65   59.01   59.01   56.46   56.46   55.83   57.77   49.29   52.60   52.01   51.82   50.73   52.02   53.28   54.38   54.01   54.00   54.17   55.32   55.67   53.55   55.40   55.46   52.31   53.32   56.58   58.33   59.57   56.18   54.88   53.72   54.34   57.27   55.75   55.75   56.71   55.40   54.06   54.61   48.27   57.42   56.54   51.47   56.36   55.12   54.95
     9: A0A510P321   59.96   59.61   59.61   69.66   69.66   97.54   98.94   99.65  100.00   59.01   59.01   56.46   56.46   55.83   57.95   49.29   52.60   52.01   51.82   50.73   52.02   53.28   54.38   54.01   54.00   54.17   55.32   55.67   53.55   55.40   55.46   52.31   53.32   56.58   58.33   59.57   56.18   54.88   53.90   54.34   57.27   55.75   55.75   56.71   55.58   54.06   54.61   48.27   57.42   56.54   51.47   56.36   55.12   54.95
    10: A0A1L0BY22   52.11   50.35   50.35   56.82   56.82   58.02   58.48   59.01   59.01  100.00   99.83   60.95   61.31   59.09   60.66   50.53   51.79   57.22   56.86   52.44   52.91   55.33   52.98   52.98   49.56   49.74   55.09   54.21   51.76   56.22   55.85   53.79   53.91   56.24   57.19   56.84   55.69   56.16   53.78   54.39   58.17   54.74   54.74   56.57   58.25   56.57   57.12   52.02   59.72   58.67   54.56   59.54   58.84   58.67
    11: A0A1L0C0B9   52.11   50.35   50.35   56.82   56.82   58.02   58.48   59.01   59.01   99.83  100.00   60.95   61.31   59.09   60.66   50.53   51.79   57.22   56.86   52.44   52.91   55.33   52.98   52.98   49.56   49.74   55.09   54.21   51.94   56.22   55.85   53.79   53.91   56.24   57.19   56.84   55.69   56.16   53.78   54.39   58.17   54.74   54.74   56.57   58.25   56.57   57.12   52.02   59.72   58.67   54.56   59.54   58.84   58.67
    12: C4YB72       52.39   52.74   52.74   55.83   55.83   55.30   56.11   56.46   56.46   60.95   60.95  100.00   99.47   59.86   61.27   49.73   49.73   52.18   52.18   52.00   53.02   53.82   53.45   53.27   52.48   51.60   55.12   54.95   51.86   54.32   53.04   52.40   51.79   55.16   57.45   57.09   56.44   56.38   53.27   54.42   59.12   56.36   56.36   57.67   55.65   55.03   55.93   51.02   57.32   58.55   55.65   59.08   59.96   59.61
    13: A0A5Q0J8Z9   52.57   52.92   52.92   55.83   55.83   55.30   56.11   56.46   56.46   61.31   61.31   99.47  100.00   60.21   61.62   49.91   49.55   52.00   52.00   51.82   52.82   53.64   53.27   53.09   52.30   51.42   55.12   54.77   51.86   54.14   52.86   52.22   51.61   54.97   57.62   57.27   56.26   56.56   53.10   54.24   59.29   56.54   56.54   57.85   55.83   55.20   56.11   51.22   54.70   58.73   55.86   59.26   60.14   59.79
    14: A0A1A0H943   49.82   49.47   49.47   54.02   54.02   56.26   55.30   55.83   55.83   59.09   59.09   59.86   60.21  100.00   80.52   48.24   47.14   49.64   49.46   51.62   52.00   53.07   50.54   50.18   50.61   49.56   52.36   51.66   52.81   53.23   54.50   53.25   53.01   55.76   54.99   56.39   55.15   56.14   52.36   53.15   56.74   55.59   55.59   55.50   55.15   53.93   55.69   49.00   55.85   55.75   53.81   57.84   57.84   57.67
    15: A0A4P6XJW5   49.30   48.77   48.77   55.59   55.59   57.67   57.24   57.77   57.95   60.66   60.66   61.27   61.62   80.52  100.00   48.94   46.96   49.82   50.00   51.08   51.20   53.07   50.54   50.00   49.04   48.86   53.58   52.18   51.05   52.88   54.14   54.66   53.90   54.46   55.34   55.87   56.20   55.44   52.01   52.45   56.74   54.90   54.90   55.85   56.37   54.28   55.17   48.39   55.85   54.53   54.02   58.01   58.54   58.36
    16: A0A642UDK6   45.55   46.26   46.26   47.17   47.17   48.66   49.11   49.29   49.29   50.53   50.53   49.73   49.91   48.24   48.94  100.00   48.20   48.19   48.19   46.01   48.19   49.09   48.19   48.37   48.06   48.42   50.35   50.53   48.76   50.26   49.73   51.33   50.71   52.16   50.70   50.35   51.23   51.15   50.35   50.62   53.09   51.14   51.14   52.37   53.60   51.58   52.12   47.46   52.82   53.43   50.31   54.13   53.60   53.43
    17: A0A421J629   48.11   48.83   48.83   51.25   51.25   51.25   52.24   52.60   52.60   51.79   51.79   49.73   49.55   47.14   46.96   48.20  100.00   53.04   53.22   50.92   51.72   51.29   50.92   50.92   52.20   51.32   52.72   53.43   49.73   52.11   51.34   50.18   50.09   52.65   54.98   55.34   50.53   50.98   50.98   50.98   51.79   50.45   50.45   51.60   55.06   51.42   50.18   46.82   54.09   55.34   50.11   54.63   54.09   53.74
    18: A0A1L0G9A7   49.45   48.00   48.00   50.72   50.72   51.73   52.01   52.01   52.01   57.22   57.22   52.18   52.00   49.64   49.82   48.19   53.04  100.00   99.29   61.65   62.15   64.52   66.13   66.31   52.43   52.43   51.98   51.80   55.14   58.89   53.90   51.81   51.09   54.00   57.12   57.48   55.20   54.68   53.51   53.24   55.76   53.86   53.86   54.40   55.94   53.06   53.07   48.44   55.40   55.83   51.28   56.01   56.01   55.83
    19: A0A1L0BD29   49.09   47.82   47.82   50.54   50.54   51.55   51.82   51.82   51.82   56.86   56.86   52.18   52.00   49.46   50.00   48.19   53.22   99.29  100.00   61.65   62.15   64.16   65.59   65.77   52.43   52.43   51.98   51.80   54.77   58.71   54.08   51.62   50.91   53.82   56.76   57.12   54.84   54.32   53.51   53.24   55.76   53.86   53.86   54.40   55.94   52.70   52.71   48.02   55.22   55.83   51.28   56.19   56.19   56.01
    20: A0A4V1AE13   50.55   49.82   49.82   50.63   50.63   50.64   50.55   50.73   50.73   52.44   52.44   52.00   51.82   51.62   51.08   46.01   50.92   61.65   61.65  100.00   97.21   70.66   71.20   70.84   51.81   51.44   50.81   50.81   53.87   56.73   52.36   52.35   50.46   54.10   57.22   57.40   55.12   55.32   54.33   53.87   56.94   54.50   54.50   56.12   56.04   53.15   52.80   48.96   54.23   55.68   52.36   56.58   57.12   56.76
    21: A0A8H7LAK6   50.20   49.80   49.80   50.90   50.90   51.92   51.82   52.02   52.02   52.91   52.91   53.02   52.82   52.00   51.20   48.19   51.72   62.15   62.15   97.21  100.00   70.72   71.51   71.12   52.31   51.71   52.40   52.40   54.91   58.20   53.31   53.31   50.80   53.41   57.95   58.75   56.29   55.51   54.51   54.31   57.92   55.60   55.60   56.80   56.83   53.51   54.12   49.53   54.71   56.31   55.37   57.11   57.52   57.11
    22: A0A1A0HF69   50.18   49.45   49.45   51.90   51.90   53.01   52.92   53.28   53.28   55.33   55.33   53.82   53.64   53.07   53.07   49.09   51.29   64.52   64.16   70.66   70.72  100.00   80.32   80.68   52.89   53.25   54.95   54.05   54.77   58.89   54.00   54.15   53.75   56.72   57.22   57.76   55.48   56.04   55.23   54.77   58.56   55.76   55.76   55.94   57.12   54.41   54.43   50.42   56.04   58.02   55.15   58.20   59.10   58.92
    23: A0A8H7GNV0   51.45   50.73   50.73   52.44   52.44   53.73   54.20   54.38   54.38   52.98   52.98   53.45   53.27   50.54   50.54   48.19   50.92   66.13   65.59   71.20   71.51   80.32  100.00   99.11   52.89   52.53   53.87   52.97   56.22   59.07   54.00   53.61   53.38   56.72   57.22   58.12   56.37   55.14   55.05   54.59   58.20   54.86   54.86   56.65   57.84   54.77   53.71   49.17   56.40   59.28   55.79   59.10   59.46   59.10
    24: A0A4P6XTM2   50.91   50.18   50.18   52.08   52.08   53.55   53.83   54.01   54.01   52.98   52.98   53.27   53.09   50.18   50.00   48.37   50.92   66.31   65.77   70.84   71.12   80.68   99.11  100.00   52.35   51.99   54.05   53.15   55.86   59.07   53.64   53.07   53.20   56.53   57.04   57.94   56.37   55.14   54.69   54.23   58.02   54.32   54.32   56.12   57.66   54.23   53.53   49.38   56.22   59.10   55.79   59.10   59.46   59.10
    25: G8YCX5       48.50   48.50   48.50   52.20   52.20   52.66   53.82   54.00   54.00   49.56   49.56   52.48   52.30   50.61   49.04   48.06   52.20   52.43   52.43   51.81   52.31   52.89   52.89   52.35  100.00   92.31   49.57   49.74   50.26   56.13   50.09   50.96   51.59   53.90   58.51   58.33   51.57   53.06   53.32   54.80   53.50   55.23   55.23   55.83   53.21   53.93   52.71   46.39   55.15   55.92   49.59   55.92   55.05   54.70
    26: G8YFC6       47.43   47.61   47.61   52.02   52.02   53.19   54.00   54.17   54.17   49.74   49.74   51.60   51.42   49.56   48.86   48.42   51.32   52.43   52.43   51.44   51.71   53.25   52.53   51.99   92.31  100.00   50.95   50.95   49.56   55.79   50.96   51.13   52.47   53.53   58.33   57.99   52.09   53.06   52.27   53.75   53.32   54.88   54.88   55.65   53.21   52.88   52.19   46.39   54.28   55.75   49.38   55.57   54.53   54.36
    27: G8YCX4       47.35   47.35   47.35   53.16   53.16   54.69   54.96   55.32   55.32   55.09   55.09   55.12   55.12   52.36   53.58   50.35   52.72   51.98   51.98   50.81   52.40   54.95   53.87   54.05   49.57   50.95  100.00   93.32   52.27   51.30   55.44   54.20   54.34   56.59   57.67   58.01   53.31   53.24   54.90   54.97   58.39   53.58   53.58   56.45   58.33   54.53   53.85   47.70   56.62   56.35   53.50   57.39   56.87   56.52
    28: G8YFC5       46.47   46.47   46.47   53.16   53.16   54.87   55.50   55.67   55.67   54.21   54.21   54.95   54.77   51.66   52.18   50.53   53.43   51.80   51.80   50.81   52.40   54.05   52.97   53.15   49.74   50.95   93.32  100.00   51.57   51.47   54.74   52.80   53.98   56.59   58.01   58.19   52.26   52.71   53.67   53.58   57.69   53.05   53.05   55.57   57.64   54.18   53.85   47.90   56.27   55.48   52.88   57.39   56.52   56.17
    29: A0A1E4SFU1   50.71   49.82   49.82   54.13   54.13   52.57   53.19   53.55   53.55   51.76   51.94   51.86   51.86   52.81   51.05   48.76   49.73   55.14   54.77   53.87   54.91   54.77   56.22   55.86   50.26   49.56   52.27   51.57  100.00   52.79   56.44   55.61   55.58   58.10   56.69   56.87   55.85   59.47   56.74   57.34   59.47   58.99   58.99   59.16   58.39   57.24   57.97   53.41   58.64   60.91   54.24   59.16   58.64   58.29
    30: A0A1E4RT81   50.97   50.44   50.44   53.06   53.06   54.24   55.04   55.40   55.40   56.22   56.22   54.32   54.14   53.23   52.88   50.26   52.11   58.89   58.71   56.73   58.20   58.89   59.07   59.07   56.13   55.79   51.30   51.47   52.79  100.00   54.91   53.05   53.53   58.36   58.89   59.58   58.78   57.27   55.42   56.89   58.74   57.84   57.84   59.13   58.09   56.62   56.29   51.70   57.49   60.10   54.32   59.76   58.89   58.54
    31: A0A8J5ULD6   47.95   48.31   48.31   53.27   53.27   54.64   55.28   55.46   55.46   55.85   55.85   53.04   52.86   54.50   54.14   49.73   51.34   53.90   54.08   52.36   53.31   54.00   54.00   53.64   50.09   50.96   55.44   54.74   56.44   54.91  100.00   64.05   64.44   67.71   58.00   58.00   62.70   61.09   60.28   60.70   63.27   61.65   61.65   63.11   61.67   62.00   62.21   56.05   64.97   62.41   59.96   64.16   63.46   63.29
    32: G3AIB4       48.23   47.87   47.87   51.94   51.94   51.87   51.78   52.31   52.31   53.79   53.79   52.40   52.22   53.25   54.66   51.33   50.18   51.81   51.62   52.35   53.31   54.15   53.61   53.07   50.96   51.13   54.20   52.80   55.61   53.05   64.05  100.00   74.56   75.46   57.62   57.97   63.24   60.31   58.46   58.89   61.95   61.04   61.04   61.98   62.15   61.50   60.84   55.31   61.32   61.22   57.02   62.72   62.02   61.85
    33: A0A421JI67   47.23   47.58   47.58   51.87   51.87   52.33   52.96   53.32   53.32   53.91   53.91   51.79   51.61   53.01   53.90   50.71   50.09   51.09   50.91   50.46   50.80   53.75   53.38   53.20   51.59   52.47   54.34   53.98   55.58   53.53   64.44   74.56  100.00   76.80   57.09   57.62   60.98   60.49   58.80   58.52   62.32   60.00   60.00   63.22   61.86   61.16   60.85   54.25   62.39   61.05   56.99   63.80   62.57   62.39
    34: G3AT96       49.63   49.25   49.25   54.83   54.83   56.10   56.20   56.58   56.58   56.24   56.24   55.16   54.97   55.76   54.46   52.16   52.65   54.00   53.82   54.10   53.41   56.72   56.72   56.53   53.90   53.53   56.59   56.59   58.10   58.36   67.71   75.46   76.80  100.00   60.34   60.71   64.58   63.96   62.41   62.29   64.39   64.39   64.39   66.48   64.14   63.96   63.82   58.37   65.06   64.58   62.31   67.10   66.17   65.99
    35: A0A0V1Q4Y6   51.94   51.24   51.24   57.54   57.54   56.64   58.33   58.33   58.33   57.19   57.19   57.45   57.62   54.99   55.34   50.70   54.98   57.12   56.76   57.22   57.95   57.22   57.22   57.04   58.51   58.33   57.67   58.01   56.69   58.89   58.00   57.62   57.09   60.34  100.00   92.89   58.12   58.25   58.84   58.92   60.77   59.79   59.79   61.26   63.48   58.29   57.97   53.41   60.91   60.80   56.79   61.50   61.32   60.98
    36: Q6BHF5       52.65   52.30   52.30   58.07   58.07   58.41   59.40   59.57   59.57   56.84   56.84   57.09   57.27   56.39   55.87   50.35   55.34   57.48   57.12   57.40   58.75   57.76   58.12   57.94   58.33   57.99   58.01   58.19   56.87   59.58   58.00   57.97   57.62   60.71   92.89  100.00   59.16   58.07   58.14   58.22   60.42   58.57   58.57   59.86   63.13   57.77   57.79   52.81   60.56   60.98   56.17   61.32   60.98   60.63
    37: A5E443       51.41   51.76   51.76   52.45   52.45   55.73   55.65   56.18   56.18   55.69   55.69   56.44   56.26   55.15   56.20   51.23   50.53   55.20   54.84   55.12   56.29   55.48   56.37   56.37   51.57   52.09   53.31   52.26   55.85   58.78   62.70   63.24   60.98   64.58   58.12   59.16  100.00   68.58   65.51   66.78   71.97   68.39   68.39   72.24   60.83   65.22   66.15   61.63   67.47   67.30   60.45   67.30   66.09   65.92
    38: A0A8H8DAL6   50.44   50.62   50.62   53.43   53.43   54.26   54.71   54.88   54.88   56.16   56.16   56.38   56.56   56.14   55.44   51.15   50.98   54.68   54.32   55.32   55.51   56.04   55.14   55.14   53.06   53.06   53.24   52.71   59.47   57.27   61.09   60.31   60.49   63.96   58.25   58.07   68.58  100.00   73.61   75.22   78.16   79.72   79.72   76.08   59.13   65.04   64.40   59.80   67.30   65.80   60.82   66.09   65.57   65.39
    39: A0A8X7TAS4   52.30   51.77   51.77   52.63   52.63   53.10   53.37   53.72   53.90   53.78   53.78   53.27   53.10   52.36   52.01   50.35   50.98   53.51   53.51   54.33   54.51   55.23   55.05   54.69   53.32   52.27   54.90   53.67   56.74   55.42   60.28   58.46   58.80   62.41   58.84   58.14   65.51   73.61  100.00   94.65   74.00   78.24   78.24   79.10   59.72   63.19   62.20   57.09   65.45   64.30   58.64   64.24   64.06   63.72
    40: G8BI88       52.03   51.50   51.50   52.71   52.71   53.53   53.98   54.34   54.34   54.39   54.39   54.42   54.24   53.15   52.45   50.62   50.98   53.24   53.24   53.87   54.31   54.77   54.59   54.23   54.80   53.75   54.97   53.58   57.34   56.89   60.70   58.89   58.52   62.29   58.92   58.22   66.78   75.22   94.65  100.00   75.43   83.28   83.28   84.48   59.45   62.91   62.61   57.57   66.03   65.74   59.75   65.34   64.99   64.64
    41: A0A8H7ZHE5   51.06   51.41   51.41   54.56   54.56   56.28   56.91   57.27   57.27   58.17   58.17   59.12   59.29   56.74   56.74   53.09   51.79   55.76   55.76   56.94   57.92   58.56   58.20   58.02   53.50   53.32   58.39   57.69   59.47   58.74   63.27   61.95   62.32   64.39   60.77   60.42   71.97   78.16   74.00   75.43  100.00   78.20   78.20   85.66   63.19   66.32   67.42   62.28   68.23   68.28   65.02   70.49   69.27   68.92
    42: A0A8X7NIB2   52.38   52.20   52.20   55.52   55.52   55.30   55.58   55.75   55.75   54.74   54.74   56.36   56.54   55.59   54.90   51.14   50.45   53.86   53.86   54.50   55.60   55.76   54.86   54.32   55.23   54.88   53.58   53.05   58.99   57.84   61.65   61.04   60.00   64.39   59.79   58.57   68.39   79.72   78.24   83.28   78.20  100.00  100.00   86.06   60.49   65.16   65.57   60.36   66.38   67.47   61.60   67.76   66.72   66.55
    43: G8BI87       52.38   52.20   52.20   55.52   55.52   55.30   55.58   55.75   55.75   54.74   54.74   56.36   56.54   55.59   54.90   51.14   50.45   53.86   53.86   54.50   55.60   55.76   54.86   54.32   55.23   54.88   53.58   53.05   58.99   57.84   61.65   61.04   60.00   64.39   59.79   58.57   68.39   79.72   78.24   83.28   78.20  100.00  100.00   86.06   60.49   65.16   65.57   60.36   66.38   67.47   61.60   67.76   66.72   66.55
    44: A0A8X7NHQ5   51.94   51.94   51.94   55.24   55.24   55.56   56.36   56.71   56.71   56.57   56.57   57.67   57.85   55.50   55.85   52.37   51.60   54.40   54.40   56.12   56.80   55.94   56.65   56.12   55.83   55.65   56.45   55.57   59.16   59.13   63.11   61.98   63.22   66.48   61.26   59.86   72.24   76.08   79.10   84.48   85.66   86.06   86.06  100.00   61.94   65.40   66.49   60.64   69.72   69.43   63.93   71.11   69.20   68.86
    45: A3GGI9       52.73   53.44   53.44   56.92   56.92   54.59   55.22   55.40   55.58   58.25   58.25   55.65   55.83   55.15   56.37   53.60   55.06   55.94   55.94   56.04   56.83   57.12   57.84   57.66   53.21   53.21   58.33   57.64   58.39   58.09   61.67   62.15   61.86   64.14   63.48   63.13   60.83   59.13   59.72   59.45   63.19   60.49   60.49   61.94  100.00   66.09   64.93   59.44   67.65   65.98   61.96   67.88   67.70   67.36
    46: C5M2J1       51.76   51.76   51.76   55.07   55.07   53.09   53.71   54.06   54.06   56.57   56.57   55.03   55.20   53.93   54.28   51.58   51.42   53.06   52.70   53.15   53.51   54.41   54.77   54.23   53.93   52.88   54.53   54.18   57.24   56.62   62.00   61.50   61.16   63.96   58.29   57.77   65.22   65.04   63.19   62.91   66.32   65.16   65.16   65.40   66.09  100.00   84.75   76.98   80.83   73.58   69.94   74.09   73.40   73.23
    47: A0A367Y972   50.71   51.77   51.77   55.79   55.79   53.81   53.90   54.61   54.61   57.12   57.12   55.93   56.11   55.69   55.17   52.12   50.18   53.07   52.71   52.80   54.12   54.43   53.71   53.53   52.71   52.19   53.85   53.85   57.97   56.29   62.21   60.84   60.85   63.82   57.97   57.79   66.15   64.40   62.20   62.61   67.42   65.57   65.57   66.49   64.93   84.75  100.00   89.68   76.43   72.27   67.76   72.10   71.40   71.23
    48: A0A367XZR7   45.64   46.65   46.65   49.50   49.50   47.97   47.86   48.27   48.27   52.02   52.02   51.02   51.22   49.00   48.39   47.46   46.82   48.44   48.02   48.96   49.53   50.42   49.17   49.38   46.39   46.39   47.70   47.90   53.41   51.70   56.05   55.31   54.25   58.37   53.41   52.81   61.63   59.80   57.09   57.57   62.28   60.36   60.36   60.64   59.44   76.98   89.68  100.00   69.64   66.07   59.66   66.07   65.48   65.28
    49: C5M2J8       51.41   51.23   51.23   56.29   56.29   56.97   56.89   57.42   57.42   59.72   59.72   57.32   54.70   55.85   55.85   52.82   54.09   55.40   55.22   54.23   54.71   56.04   56.40   56.22   55.15   54.28   56.62   56.27   58.64   57.49   64.97   61.32   62.39   65.06   60.91   60.56   67.47   67.30   65.45   66.03   68.23   66.38   66.38   69.72   67.65   80.83   76.43   69.64  100.00   82.38   76.07   81.17   80.83   80.48
    50: M3JSY2       52.64   52.46   52.46   54.90   54.90   55.56   56.01   56.54   56.54   58.67   58.67   58.55   58.73   55.75   54.53   53.43   55.34   55.83   55.83   55.68   56.31   58.02   59.28   59.10   55.92   55.75   56.35   55.48   60.91   60.10   62.41   61.22   61.05   64.58   60.80   60.98   67.30   65.80   64.30   65.74   68.28   67.47   67.47   69.43   65.98   73.58   72.27   66.07   82.38  100.00   78.16   83.10   82.93   82.59
    51: A0A8H6F226   47.91   47.70   47.70   51.66   51.66   51.15   51.26   51.47   51.47   54.56   54.56   55.65   55.86   53.81   54.02   50.31   50.11   51.28   51.28   52.36   55.37   55.15   55.79   55.79   49.59   49.38   53.50   52.88   54.24   54.32   59.96   57.02   56.99   62.31   56.79   56.17   60.45   60.82   58.64   59.75   65.02   61.60   61.60   63.93   61.96   69.94   67.76   59.66   76.07   78.16  100.00   90.20   94.69   94.69
    52: B9WFZ9       51.94   51.94   51.94   57.52   57.52   56.26   56.18   56.36   56.36   59.54   59.54   59.08   59.26   57.84   58.01   54.13   54.63   56.01   56.19   56.58   57.11   58.20   59.10   59.10   55.92   55.57   57.39   57.39   59.16   59.76   64.16   62.72   63.80   67.10   61.50   61.32   67.30   66.09   64.24   65.34   70.49   67.76   67.76   71.11   67.88   74.09   72.10   66.07   81.17   83.10   90.20  100.00   95.34   95.00
    53: C4YHE8       52.29   51.94   51.94   56.29   56.29   55.03   54.95   55.12   55.12   58.84   58.84   59.96   60.14   57.84   58.54   53.60   54.09   56.01   56.19   57.12   57.52   59.10   59.46   59.46   55.05   54.53   56.87   56.52   58.64   58.89   63.46   62.02   62.57   66.17   61.32   60.98   66.09   65.57   64.06   64.99   69.27   66.72   66.72   69.20   67.70   73.40   71.40   65.48   80.83   82.93   94.69   95.34  100.00   99.66
    54: A0A1D8PLQ3   52.11   51.76   51.76   56.29   56.29   54.85   54.77   54.95   54.95   58.67   58.67   59.61   59.79   57.67   58.36   53.43   53.74   55.83   56.01   56.76   57.11   58.92   59.10   59.10   54.70   54.36   56.52   56.17   58.29   58.54   63.29   61.85   62.39   65.99   60.98   60.63   65.92   65.39   63.72   64.64   68.92   66.55   66.55   68.86   67.36   73.23   71.23   65.28   80.48   82.59   94.69   95.00   99.66  100.00
