#
#
#  Percent Identity  Matrix - created by Clustal2.1 
#
#

     1: A0A2A2LMJ7_77.2_85.1_77.6_22.3_74.0_20.1  100.00   99.60   68.60   66.12   67.61   70.43   67.61   70.43   66.07   65.90   65.98   63.90   64.50   64.84   67.32   67.32   64.71   65.05   65.49   65.05   65.18   54.03   56.45   59.62   60.24
     2: A0A2A2J246_58.7_80.4_74.7_22.1_71.0_20.3   99.60  100.00   68.36   65.81   67.30   70.24   67.30   70.24   66.08   65.90   65.99   63.91   64.55   65.04   67.86   67.86   64.91   65.13   65.60   65.13   65.13   53.11   56.53   59.63   60.28
     3: A0A6F7Q2G4_71.6_83.7_79.7_24.4_75.5_21.8   68.60   68.36  100.00   87.92   90.44   91.07   90.44   91.07   65.86   65.69   65.78   63.20   62.91   63.50   65.83   65.55   63.37   63.75   64.67   64.01   64.01   56.61   57.77   63.53   63.82
     4: A0A368G8C1_-1_-1_-1_-1_72.7_23.4           66.12   65.81   87.92  100.00   94.85   93.30   94.85   93.30   63.39   63.20   63.30   62.72   61.95   62.48   64.96   64.63   62.33   62.48   62.48   63.22   62.63   56.22   57.55   60.30   62.71
     5: A0A016SUT2_59.8_79.1_79.0_25.2_73.6_22.3   67.61   67.30   90.44   94.85  100.00  100.00   98.89   98.41   65.14   64.97   65.06   63.84   63.43   64.14   66.39   66.11   64.02   64.27   64.81   64.77   64.39   56.35   56.40   61.97   63.47
     6: A0A016SU87_-1_-1_-1_-1_74.6_22.6           70.43   70.24   91.07   93.30  100.00  100.00   98.41   98.41   68.26   68.01   68.01   66.42   66.79   67.52   67.52   67.34   67.34   67.52   68.70   67.70   67.52   56.96   56.31   61.97   64.88
     7: A0A016SV58_70.3_83.0_78.6_23.0_73.4_21.1   67.61   67.30   90.44   94.85   98.89   98.41  100.00  100.00   65.14   64.97   65.06   63.84   63.43   64.14   66.39   66.11   64.02   64.27   64.81   64.77   64.39   56.35   56.58   61.97   63.47
     8: A0A016SV80_-1_-1_-1_-1_73.8_21.3           70.43   70.24   91.07   93.30   98.41   98.41  100.00  100.00   68.26   68.01   68.01   66.42   66.79   67.52   67.52   67.34   67.34   67.52   68.70   67.70   67.52   56.96   56.57   61.97   64.88
     9: A0A8S1EIG0_-1_-1_-1_-1_-1_-1               66.07   66.08   65.86   63.39   65.14   68.26   65.14   68.26  100.00  100.00  100.00   72.19   72.29   72.51   74.44   74.58   72.64   72.22   72.28   72.73   72.47   54.22   56.50   59.21   60.73
    10: A0A8S1ESV1_-1_-1_-1_-1_-1_-1               65.90   65.90   65.69   63.20   64.97   68.01   64.97   68.01  100.00  100.00  100.00   72.01   72.11   72.33   74.24   74.38   72.45   72.04   72.09   72.54   72.29   54.22   56.50   59.21   60.73
    11: A0A8S1ELA9_-1_-1_-1_-1_-1_-1               65.98   65.99   65.78   63.30   65.06   68.01   65.06   68.01  100.00  100.00  100.00   72.01   72.20   72.42   74.24   74.38   72.54   72.13   72.18   72.64   72.38   54.29   56.57   59.21   60.81
    12: A0A8R1DZ66_-1_-1_-1_-1_-1_-1               63.90   63.91   63.20   62.72   63.84   66.42   63.84   66.42   72.19   72.01   72.01  100.00   86.62   86.48   88.14   87.72   86.36   87.11   86.64   88.11   86.98   51.02   55.27   56.78   57.01
    13: A0A2G5SRH6_72.3_83.3_78.9_23.5_73.8_19.7   64.50   64.55   62.91   61.95   63.43   66.79   63.43   66.79   72.29   72.11   72.20   86.62  100.00   92.64   93.80   93.39   92.77   92.01   90.85   92.26   91.01   51.59   54.67   57.01   58.22
    14: A0A261CRW2_70.1_84.0_80.3_24.0_75.1_19.7   64.84   65.04   63.50   62.48   64.14   67.52   64.14   67.52   72.51   72.33   72.42   86.48   92.64  100.00   98.76   98.62   99.13   93.01   91.79   94.76   93.76   51.66   54.87   57.71   58.69
    15: A0A261B8J5_76.1_83.0_79.4_24.7_75.2_21.0   67.32   67.86   65.83   64.96   66.39   67.52   66.39   67.52   74.44   74.24   74.24   88.14   93.80   98.76  100.00   99.45   99.31   93.52   92.20   95.03   93.93   53.72   57.79   57.71   60.23
    16: A0A2P4WN76_72.1_84.6_80.6_25.4_76.1_20.4   67.32   67.86   65.55   64.63   66.11   67.34   66.11   67.34   74.58   74.38   74.38   87.72   93.39   98.62   99.45  100.00   99.59   93.10   91.90   94.62   93.79   53.58   57.79   57.94   60.52
    17: A0A6A5FYC1_71.3_82.8_79.6_23.4_74.5_20.3   64.71   64.91   63.37   62.33   64.02   67.34   64.02   67.34   72.64   72.45   72.54   86.36   92.77   99.13   99.31   99.59  100.00   93.13   91.92   94.76   93.63   51.66   55.51   57.94   59.22
    18: X5LPS1_64.6_85.4_80.7_25.4_75.5_22.8       65.05   65.13   63.75   62.48   64.27   67.52   64.27   67.52   72.22   72.04   72.13   87.11   92.01   93.01   93.52   93.10   93.13  100.00   98.92   96.25   94.38   51.98   55.33   57.94   58.77
    19: X5LX59_63.7_82.2_79.2_24.5_77.7_24.5       65.49   65.60   64.67   62.48   64.81   68.70   64.81   68.70   72.28   72.09   72.18   86.64   90.85   91.79   92.20   91.90   91.92   98.92  100.00   95.29   93.27   53.50   57.48   60.15   60.00
    20: A0A1I7UAN6_66.8_81.1_79.5_26.8_74.2_20.3   65.05   65.13   64.01   63.22   64.77   67.70   64.77   67.70   72.73   72.54   72.64   88.11   92.26   94.76   95.03   94.62   94.76   96.25   95.29  100.00   96.75   52.49   55.84   58.18   59.29
    21: G0M7B6_66.2_82.4_79.0_24.7_73.9_20.5       65.18   65.13   64.01   62.63   64.39   67.52   64.39   67.52   72.47   72.29   72.38   86.98   91.01   93.76   93.93   93.79   93.63   94.38   93.27   96.75  100.00   51.98   55.20   57.94   58.90
    22: F1KSM1_-1_-1_-1_-1_69.8_19.9               54.03   53.11   56.61   56.22   56.35   56.96   56.35   56.96   54.22   54.22   54.29   51.02   51.59   51.66   53.72   53.58   51.66   51.98   53.50   52.49   51.98  100.00   59.90   63.54   64.54
    23: A0A2A6B4Q8_-1_-1_-1_-1_62.6_19.2           56.45   56.53   57.77   57.55   56.40   56.31   56.58   56.57   56.50   56.50   56.57   55.27   54.67   54.87   57.79   57.79   55.51   55.33   57.48   55.84   55.20   59.90  100.00   64.82   68.22
    24: A0A915H6F7_-1_-1_-1_-1_-1_-1               59.62   59.63   63.53   60.30   61.97   61.97   61.97   61.97   59.21   59.21   59.21   56.78   57.01   57.71   57.71   57.94   57.94   57.94   60.15   58.18   57.94   63.54   64.82  100.00  100.00
    25: A0A915H543_-1_-1_-1_-1_-1_-1               60.24   60.28   63.82   62.71   63.47   64.88   63.47   64.88   60.73   60.73   60.81   57.01   58.22   58.69   60.23   60.52   59.22   58.77   60.00   59.29   58.90   64.54   68.22  100.00  100.00
