#
#
#  Percent Identity  Matrix - created by Clustal2.1 
#
#

     1: S8G505_89.6_96.4_94.9_69.6_94.4_49.8      100.00   46.28   48.29   45.18   51.20   51.00
     2: A0A5E3X9E8_89.9_93.0_95.8_77.3_89.5_23.7   46.28  100.00   80.98   56.93   61.98   62.13
     3: A0A166GEN2_91.1_93.2_95.6_65.4_94.9_41.2   48.29   80.98  100.00   61.39   67.98   68.81
     4: A0A166ILW3_95.0_96.8_93.9_51.6_93.2_33.8   45.18   56.93   61.39  100.00   74.39   76.36
     5: A0A5E3XMJ3_93.3_96.5_95.9_60.9_88.1_27.0   51.20   61.98   67.98   74.39  100.00   86.32
     6: A0A166HLI2_94.9_96.8_95.8_58.3_89.4_28.6   51.00   62.13   68.81   76.36   86.32  100.00
