(
A0A2L2YCI4:0.00682,
A0A2L2YCI6:0.00000,
A0A2L2YCW9:0.00273);
