#
#
#  Percent Identity  Matrix - created by Clustal2.1 
#
#

     1: A0A1X7R151_91.3_92.8_95.0_56.8_87.7_22.8  100.00   86.08   56.02   57.52   58.14   58.99   59.54   59.72   59.72   59.72   59.72   59.72   52.44   52.60   53.12   53.30   53.65   51.65   55.11   53.32   50.70   50.35   50.35   52.70   51.83
     2: A0A8H2VFS6_-1_-1_-1_-1_-1_-1               86.08  100.00   53.85   56.57   57.37   57.34   57.72   58.07   58.07   57.89   57.89   57.89   52.53   52.17   52.17   52.52   52.87   51.22   53.62   52.36   50.96   50.79   50.79   52.44   51.05
     3: A0A0W0DQK1_83.8_92.3_95.3_74.6_88.6_21.6   56.02   53.85  100.00   57.32   56.94   56.08   58.20   58.55   58.55   58.38   58.38   58.38   51.41   50.53   51.40   51.93   51.58   51.49   51.96   52.04   49.11   49.11   49.11   51.33   49.20
     4: G0W5K1_87.8_92.6_93.4_37.5_87.4_22.0       57.52   56.57   57.32  100.00   62.59   60.35   60.46   60.46   60.46   60.64   60.64   60.64   52.66   54.24   53.18   53.89   54.06   54.93   55.52   56.46   54.67   54.85   54.85   54.50   53.26
     5: A0A0L8RG91_90.4_92.6_95.1_69.4_88.7_23.4   58.14   57.37   56.94   62.59  100.00   89.22   88.89   88.89   88.89   89.06   89.06   89.06   55.75   55.58   55.40   56.99   57.17   57.87   58.96   57.98   53.98   53.98   53.98   54.34   52.74
     6: H0GWL5_84.5_93.2_95.2_71.1_88.1_22.3       58.99   57.34   56.08   60.35   89.22  100.00   92.00   92.00   92.00   92.17   92.17   92.17   53.97   54.50   54.85   56.08   56.26   57.89   58.57   56.46   53.53   52.65   52.65   53.53   52.65
     7: A6ZQG1_89.4_93.8_95.3_64.6_88.3_21.7       59.54   57.72   58.20   60.46   88.89   92.00  100.00   99.65   99.65   99.83   99.83   99.83   55.04   55.22   55.22   56.81   56.99   57.89   59.50   57.80   53.98   53.81   53.81   53.45   53.10
     8: P27614_91.6_95.3_95.9_75.7_89.6_24.5       59.72   58.07   58.55   60.46   88.89   92.00   99.65  100.00  100.00   99.83   99.83   99.83   55.22   55.40   55.40   56.99   57.17   57.72   59.86   58.16   54.16   53.98   53.98   53.81   53.45
     9: A0A8H4FAG1_-1_-1_-1_-1_-1_-1               59.72   58.07   58.55   60.46   88.89   92.00   99.65  100.00  100.00   99.83   99.83   99.83   55.22   55.40   55.40   56.99   57.17   57.72   59.86   58.16   54.16   53.98   53.98   53.81   53.45
    10: A0A6C1DTE2_88.8_92.8_95.0_68.4_88.2_22.5   59.72   57.89   58.38   60.64   89.06   92.17   99.83   99.83   99.83  100.00  100.00  100.00   55.22   55.40   55.40   56.99   57.17   57.89   59.68   57.98   54.16   53.98   53.98   53.63   53.27
    11: B3LPV2_89.5_93.7_95.2_68.5_88.6_22.7       59.72   57.89   58.38   60.64   89.06   92.17   99.83   99.83   99.83  100.00  100.00  100.00   55.22   55.40   55.40   56.99   57.17   57.89   59.68   57.98   54.16   53.98   53.98   53.63   53.27
    12: A0A0L8VMI1_89.3_93.1_94.9_62.7_88.2_23.1   59.72   57.89   58.38   60.64   89.06   92.17   99.83   99.83   99.83  100.00  100.00  100.00   55.22   55.40   55.40   56.99   57.17   57.89   59.68   57.98   54.16   53.98   53.98   53.63   53.27
    13: A0A6C1EFJ1_87.8_92.9_95.1_73.2_88.3_23.5   52.44   52.53   51.41   52.66   55.75   53.97   55.04   55.22   55.22   55.22   55.22   55.22  100.00   80.48   82.21   81.69   81.69   53.24   55.85   55.73   55.81   55.99   55.99   53.60   53.43
    14: J5RIY5_89.1_91.2_95.3_75.9_88.3_23.1       52.60   52.17   50.53   54.24   55.58   54.50   55.22   55.40   55.40   55.40   55.40   55.40   80.48  100.00   87.95   86.57   86.57   52.36   56.01   55.18   55.44   55.61   55.61   53.42   52.36
    15: A0A8B8UZ17_-1_-1_-1_-1_-1_-1               53.12   52.17   51.40   53.18   55.40   54.85   55.22   55.40   55.40   55.40   55.40   55.40   82.21   87.95  100.00   93.12   92.94   51.83   55.48   55.71   56.14   56.14   56.14   53.77   52.01
    16: P0C155_92.3_94.7_96.2_78.5_89.9_21.4       53.30   52.52   51.93   53.89   56.99   56.08   56.81   56.99   56.99   56.99   56.99   56.99   81.69   86.57   93.12  100.00   99.14   52.36   55.83   56.59   56.14   56.32   56.32   53.94   52.19
    17: A0A6C1DZX0_88.9_91.8_95.3_78.1_89.0_28.1   53.65   52.87   51.58   54.06   57.17   56.26   56.99   57.17   57.17   57.17   57.17   57.17   81.69   86.57   92.94   99.14  100.00   52.36   56.18   56.59   56.14   56.32   56.32   53.94   52.19
    18: A0A7H9B9H2_88.4_90.7_94.6_67.9_87.9_20.1   51.65   51.22   51.49   54.93   57.87   57.89   57.89   57.72   57.72   57.89   57.89   57.89   53.24   52.36   51.83   52.36   52.36  100.00   58.20   57.17   57.67   58.01   58.01   55.92   55.23
    19: A0A7H9HNQ4_87.9_90.2_95.5_73.2_89.6_21.2   55.11   53.62   51.96   55.52   58.96   58.57   59.50   59.86   59.86   59.68   59.68   59.68   55.85   56.01   55.48   55.83   56.18   58.20  100.00   62.12   59.08   58.55   58.55   60.14   57.67
    20: A0A1Q3A6P4_83.5_91.0_95.4_71.1_89.0_22.1   53.32   52.36   52.04   56.46   57.98   56.46   57.80   58.16   58.16   57.98   57.98   57.98   55.73   55.18   55.71   56.59   56.59   57.17   62.12  100.00   65.03   64.51   64.51   65.56   65.03
    21: A0A1S7HQV6_89.9_93.5_95.3_69.4_88.8_22.0   50.70   50.96   49.11   54.67   53.98   53.53   53.98   54.16   54.16   54.16   54.16   54.16   55.81   55.44   56.14   56.14   56.14   57.67   59.08   65.03  100.00   97.39   97.39   66.38   64.81
    22: A0A1S7HZU9_90.1_94.6_95.6_72.9_88.8_21.5   50.35   50.79   49.11   54.85   53.98   52.65   53.81   53.98   53.98   53.98   53.98   53.98   55.99   55.61   56.14   56.32   56.32   58.01   58.55   64.51   97.39  100.00  100.00   65.85   64.29
    23: A0A8J2TC42_-1_-1_-1_-1_-1_-1               50.35   50.79   49.11   54.85   53.98   52.65   53.81   53.98   53.98   53.98   53.98   53.98   55.99   55.61   56.14   56.32   56.32   58.01   58.55   64.51   97.39  100.00  100.00   65.85   64.29
    24: A0A1Q3AHP3_87.6_92.9_92.3_23.2_88.7_23.2   52.70   52.44   51.33   54.50   54.34   53.53   53.45   53.81   53.81   53.63   53.63   53.63   53.60   53.42   53.77   53.94   53.94   55.92   60.14   65.56   66.38   65.85   65.85  100.00   83.65
    25: A0A4C2EDG7_84.1_91.4_94.6_70.4_88.5_22.8   51.83   51.05   49.20   53.26   52.74   52.65   53.10   53.45   53.45   53.27   53.27   53.27   53.43   52.36   52.01   52.19   52.19   55.23   57.67   65.03   64.81   64.29   64.29   83.65  100.00
