#
#
#  Percent Identity  Matrix - created by Clustal2.1 
#
#

     1: A4AF42_-1_-1_-1_-1_91.1_23.9              100.00   73.28   72.84   48.64   50.45   53.36   53.36   53.36   53.59   53.59   54.71   53.71   53.41   55.74   51.35   53.25   51.32   51.32   49.12   49.12
     2: A0A1H1SQW1_-1_-1_-1_-1_90.2_28.6           73.28  100.00   98.50   46.49   50.00   55.46   55.46   55.46   55.68   55.68   53.45   54.02   53.29   55.85   51.00   53.23   53.51   53.51   51.75   51.75
     3: A0A1H5PYJ1_-1_-1_-1_-1_90.2_29.3           72.84   98.50  100.00   46.03   49.55   55.01   55.01   55.01   55.23   55.23   53.45   53.79   53.06   55.37   51.00   53.23   53.29   53.29   51.32   51.32
     4: A0A969X980_-1_-1_-1_-1_-1_-1               48.64   46.49   46.03  100.00   51.79   51.11   51.11   51.11   50.89   50.89   50.90   51.57   52.98   57.11   52.89   54.57   53.17   53.17   52.71   52.71
     5: A0A2E9UED7_98.4_98.8_95.7_73.7_91.3_27.9   50.45   50.00   49.55   51.79  100.00   62.03   62.03   61.81   61.81   61.81   59.20   60.98   61.87   69.69   64.02   59.12   59.51   59.51   58.17   58.17
     6: A0A0Q8KX25_98.4_98.7_94.5_70.4_90.6_28.7   53.36   55.46   55.01   51.11   62.03  100.00  100.00   99.78   98.48   98.70   89.72   90.57   72.52   75.06   67.17   55.24   60.09   60.09   59.19   59.19
     7: A0A6M7U3N5_98.2_98.6_94.8_71.2_90.8_28.3   53.36   55.46   55.01   51.11   62.03  100.00  100.00   99.78   98.48   98.70   89.72   90.57   72.52   75.06   67.17   55.24   60.09   60.09   59.19   59.19
     8: A0A6M7VPC2_98.2_98.6_94.5_70.2_90.5_28.9   53.36   55.46   55.01   51.11   61.81   99.78   99.78  100.00   98.70   98.92   89.72   90.57   72.52   75.06   67.17   55.24   60.09   60.09   59.19   59.19
     9: A0A6M7WCE2_98.0_98.6_93.9_67.8_90.3_28.7   53.59   55.68   55.23   50.89   61.81   98.48   98.48   98.70  100.00   99.57   89.50   90.13   72.30   74.82   66.96   55.02   59.87   59.87   58.97   58.97
    10: A0A504BWY3_98.3_98.6_94.5_69.1_90.5_30.1   53.59   55.68   55.23   50.89   61.81   98.70   98.70   98.92   99.57  100.00   89.72   90.13   72.30   74.82   66.96   55.24   59.87   59.87   58.97   58.97
    11: A0A2N5AWS5_98.1_98.6_94.6_55.7_91.0_32.6   54.71   53.45   53.45   50.90   59.20   89.72   89.72   89.72   89.50   89.72  100.00   93.64   71.33   73.40   66.89   55.51   58.52   58.52   56.73   56.73
    12: A0A1Q4AIK6_96.2_97.4_93.9_49.5_90.7_25.0   53.71   54.02   53.79   51.57   60.98   90.57   90.57   90.57   90.13   90.13   93.64  100.00   72.40   75.06   67.91   56.51   59.42   59.42   58.52   58.52
    13: A0A6G6WRF5_97.6_97.9_95.1_64.6_92.5_25.8   53.41   53.29   53.06   52.98   61.87   72.52   72.52   72.52   72.30   72.30   71.33   72.40  100.00   78.20   74.05   56.98   59.95   59.95   57.89   57.89
    14: A0A961YRZ4_-1_-1_-1_-1_-1_-1               55.74   55.85   55.37   57.11   69.69   75.06   75.06   75.06   74.82   74.82   73.40   75.06   78.20  100.00   86.97   64.44   63.01   63.01   61.34   61.34
    15: A0A1G6BWC1_97.6_97.8_94.7_66.8_89.7_27.1   51.35   51.00   51.00   52.89   64.02   67.17   67.17   67.17   66.96   66.96   66.89   67.91   74.05   86.97  100.00   59.13   57.94   57.94   56.38   56.38
    16: A0A7K2AJP0_97.7_97.9_94.7_65.6_88.5_29.8   53.25   53.23   53.23   54.57   59.12   55.24   55.24   55.24   55.02   55.24   55.51   56.51   56.98   64.44   59.13  100.00   65.51   65.51   63.99   63.99
    17: A0A6J7CE41_95.9_97.3_94.7_67.2_90.1_29.0   51.32   53.51   53.29   53.17   59.51   60.09   60.09   60.09   59.87   59.87   58.52   59.42   59.95   63.01   57.94   65.51  100.00  100.00   91.97   91.97
    18: A0A6I2YPD7_97.2_98.2_95.2_69.2_90.5_28.3   51.32   53.51   53.29   53.17   59.51   60.09   60.09   60.09   59.87   59.87   58.52   59.42   59.95   63.01   57.94   65.51  100.00  100.00   91.97   91.97
    19: A0A6J7A8S8_96.6_97.9_93.8_50.8_89.6_28.9   49.12   51.75   51.32   52.71   58.17   59.19   59.19   59.19   58.97   58.97   56.73   58.52   57.89   61.34   56.38   63.99   91.97   91.97  100.00  100.00
    20: A0A7K0TST4_98.5_98.7_95.4_66.0_90.7_29.3   49.12   51.75   51.32   52.71   58.17   59.19   59.19   59.19   58.97   58.97   56.73   58.52   57.89   61.34   56.38   63.99   91.97   91.97  100.00  100.00
