#
#
#  Percent Identity  Matrix - created by Clustal2.1 
#
#

     1: A0A399ZJI7  100.00   84.88   58.63   58.63   57.88   60.33
     2: A0A7C4ULU2   84.88  100.00   58.46   58.15   57.55   59.67
     3: A0A8T7L152   58.63   58.46  100.00  100.00   58.90   61.36
     4: A0A7C3PMX8   58.63   58.15  100.00  100.00   58.90   61.36
     5: A0A350G5A2   57.88   57.55   58.90   58.90  100.00   63.83
     6: A0A8T7LPV8   60.33   59.67   61.36   61.36   63.83  100.00
