#
#
#  Percent Identity  Matrix - created by Clustal2.1 
#
#

     1: A0A5C7JAP0_54.9_95.8_91.7_31.7_85.3_27.4  100.00   64.10   52.23   50.42   50.42   53.93   51.37   55.43   54.47   52.78   52.53
     2: A0A5C7JBW0_59.9_95.1_89.6_29.2_80.6_23.4   64.10  100.00   48.35   47.57   47.04   50.00   49.73   50.83   49.45   49.03   51.34
     3: A0A7V8X656_85.4_94.7_94.3_43.8_89.0_33.8   52.23   48.35  100.00   53.72   56.20   58.65   61.31   64.07   52.09   54.29   56.23
     4: A0A7V9VUT6_70.2_85.8_93.3_41.2_87.4_28.1   50.42   47.57   53.72  100.00   78.49   55.14   63.96   59.72   52.09   52.41   51.94
     5: A0A838GGM3_74.4_94.6_93.2_38.8_87.2_30.4   50.42   47.04   56.20   78.49  100.00   55.41   63.41   60.00   49.30   50.71   52.78
     6: A0A7W0SCJ9_90.2_96.2_94.0_40.8_87.4_31.9   53.93   50.00   58.65   55.14   55.41  100.00   60.96   63.19   53.39   53.33   56.18
     7: A0A7V8VVU8_69.8_94.2_93.1_41.4_87.0_31.6   51.37   49.73   61.31   63.96   63.41   60.96  100.00   65.11   50.97   54.65   59.18
     8: A0A7V8WTW8_84.6_95.2_93.8_45.0_89.5_33.5   55.43   50.83   64.07   59.72   60.00   63.19   65.11  100.00   54.55   57.34   58.06
     9: A0A7V9KHT5_-1___-1___-1___-1___86.6_30.2   54.47   49.45   52.09   52.09   49.30   53.39   50.97   54.55  100.00   53.39   57.07
    10: A0A7V9VD25_84.0_94.5_91.7_32.7_88.4_32.7   52.78   49.03   54.29   52.41   50.71   53.33   54.65   57.34   53.39  100.00   58.68
    11: A0A6J4UME6_-1___-1___-1___-1___84.9_27.3   52.53   51.34   56.23   51.94   52.78   56.18   59.18   58.06   57.07   58.68  100.00
