(
E4XGC5:0.04245,
E4YK88:-0.00406,
E4YNW7:0.00406);
