(
A0A6L7U1S7_92.2_93.8_93.1_61.1_86.6_28.2:0.01552,
A0A845C827_92.4_94.9_92.8_62.6_86.2_28.8:0.00222,
A0A6B1DV08_92.3_94.9_93.6_59.2_86.8_30.9:0.00222);
