(
A0A402ABI3_-1___-1___-1___-1___84.8_26.9:0.13256,
A0A402AAB6_96.2_96.2_94.7_80.3_90.5_30.8:0.12493,
A0A402BK66_97.7_98.0_94.6_74.0_91.6_28.1:0.12199);
