#
#
#  Percent Identity  Matrix - created by Clustal2.1 
#
#

     1: A0A162IF15_77.6_89.2_92.6_36.9_87.4_27.1  100.00   50.08   49.92   54.27   56.33   56.15   53.74   55.03
     2: A0A364L5H4_89.8_95.2_95.3_74.8_87.6_24.9   50.08  100.00   92.35   93.75   58.52   58.69   54.67   56.38
     3: A0A2H3IE65_89.1_94.9_94.7_57.4_84.9_25.3   49.92   92.35  100.00   99.80   59.32   59.15   55.15   56.68
     4: A0A6V8H5Q9_-1___-1___-1___-1___94.1_51.1   54.27   93.75   99.80  100.00   64.59   64.39   60.44   61.52
     5: A0A3D8RUE5_94.3_95.9_94.4_52.2_89.0_25.5   56.33   58.52   59.32   64.59  100.00   95.39   67.24   68.56
     6: A0A3D8QIE3_95.4_97.1_95.1_55.2_88.5_24.8   56.15   58.69   59.15   64.39   95.39  100.00   67.07   68.04
     7: A0A194XNP8_88.8_94.3_94.3_54.3_88.9_29.7   53.74   54.67   55.15   60.44   67.24   67.07  100.00   77.15
     8: A0A1L7XQI1_87.7_94.3_94.5_48.1_89.9_28.8   55.03   56.38   56.68   61.52   68.56   68.04   77.15  100.00
