#
#
#  Percent Identity  Matrix - created by Clustal2.1 
#
#

     1: A0A147BHM3_85.2_85.1_83.3_38.2_83.4_34.6  100.00   67.00   56.64   57.64   55.98   58.72   58.05   55.24   55.24   55.41   55.17   55.82   55.99   67.31   59.41   58.57   59.59   58.90   56.50   57.33   56.83
     2: A0A1E1XIY7_83.2_80.1_83.6_32.5_82.0_26.8   67.00  100.00   53.41   53.87   52.48   55.17   54.94   51.03   52.44   51.82   52.36   51.85   51.85   54.01   55.75   55.99   55.92   55.99   52.45   52.92   52.76
     3: A0A6M2CK72_84.2_82.9_84.4_30.4_79.7_23.6   56.64   53.41  100.00   81.05   78.13   59.70   58.89   55.49   58.41   56.40   58.62   57.10   57.10   52.35   64.14   63.53   64.14   63.98   62.28   60.87   60.57
     4: A0A1E1XJ76_83.9_83.2_83.8_30.8_76.6_20.6   57.64   53.87   81.05  100.00   87.15   58.87   58.20   53.41   56.10   54.01   58.19   54.65   54.50   50.00   61.96   61.38   62.12   61.67   57.83   56.94   59.00
     5: B5U6P0_85.1_84.1_84.9_32.1_77.1_23.6       55.98   52.48   78.13   87.15  100.00   57.33   56.83   53.41   55.94   53.71   56.03   54.35   54.20   50.00   60.55   60.61   61.31   61.05   56.78   56.58   58.06
     6: A0A1Z5KXD4_76.4_79.2_84.1_35.6_79.3_24.0   58.72   55.17   59.70   58.87   57.33  100.00   82.34   56.52   59.39   56.82   61.47   56.90   56.90   56.00   65.37   64.73   65.53   64.73   61.43   59.57   61.19
     7: A0A293MVL7_79.8_78.7_84.4_35.0_79.0_22.6   58.05   54.94   58.89   58.20   56.83   82.34  100.00   55.92   58.76   56.52   59.74   56.90   56.90   56.67   64.85   64.68   64.85   64.53   61.19   59.04   60.39
     8: A0A131XWS2_85.6_84.8_82.4_32.9_78.2_25.6   55.24   51.03   55.49   53.41   53.41   56.52   55.92  100.00   97.95   94.23   96.14   94.91   94.61   90.91   64.68   63.91   64.68   64.21   61.16   60.71   61.50
     9: A0A147BTW7_85.1_84.6_82.6_34.3_81.7_28.6   55.24   52.44   58.41   56.10   55.94   59.39   58.76   97.95  100.00   95.26   96.57   96.00   96.00   97.52   66.33   65.76   66.67   66.08   62.82   62.97   64.32
    10: A0A4D5S178_83.7_83.9_82.7_32.0_78.7_24.8   55.41   51.82   56.40   54.01   53.71   56.82   56.52   94.23   95.26  100.00  100.00   98.65   98.05   97.40   65.15   64.51   65.31   64.81   62.35   62.20   62.71
    11: W0FJX5_-1___-1___-1___-1___79.8_39.2       55.17   52.36   58.62   58.19   56.03   61.47   59.74   96.14   96.57  100.00  100.00   99.11   99.11    -nan   67.38   67.38   67.38   67.38   66.95   66.52   66.52
    12: A0A4D5S2K9_82.4_83.1_82.5_31.1_78.5_24.5   55.82   51.85   57.10   54.65   54.35   56.90   56.90   94.91   96.00   98.65   99.11  100.00   99.40   98.70   65.82   64.99   65.82   65.30   63.10   62.95   63.62
    13: F7VJP5_84.1_83.9_82.6_31.4_78.4_24.6       55.99   51.85   57.10   54.50   54.20   56.90   56.90   94.61   96.00   98.05   99.11   99.40  100.00  100.00   65.98   65.14   65.98   65.45   62.95   62.65   63.62
    14: B7Q7F9_-1___-1___-1___-1___78.3_36.8       67.31   54.01   52.35   50.00   50.00   56.00   56.67   90.91   97.52   97.40    -nan   98.70  100.00  100.00   67.55   66.89   68.21   68.21   61.59   59.60   61.59
    15: A0A4D5RNN2_82.8_81.2_83.0_31.8_78.7_23.0   59.41   55.75   64.14   61.96   60.55   65.37   64.85   64.68   66.33   65.15   67.38   65.82   65.98   67.55  100.00   97.56   98.02   98.02   78.90   72.57   71.96
    16: A0A131Y0H1_81.4_81.7_82.1_30.6_77.1_20.2   58.57   55.99   63.53   61.38   60.61   64.73   64.68   63.91   65.76   64.51   67.38   64.99   65.14   66.89   97.56  100.00   99.24   99.12   77.45   72.12   71.68
    17: V5HFD7_82.2_82.2_83.0_33.2_78.7_21.2       59.59   55.92   64.14   62.12   61.31   65.53   64.85   64.68   66.67   65.31   67.38   65.82   65.98   68.21   98.02   99.24  100.00  100.00   78.59   72.88   72.27
    18: V5HKH9_81.1_81.9_82.8_32.0_77.8_21.1       58.90   55.99   63.98   61.67   61.05   64.73   64.53   64.21   66.08   64.81   67.38   65.30   65.45   68.21   98.02   99.12  100.00  100.00   77.60   72.27   71.83
    19: A0A4D5RKH3_82.8_82.1_82.5_31.0_72.1_21.9   56.50   52.45   62.28   57.83   56.78   61.43   61.19   61.16   62.82   62.35   66.95   63.10   62.95   61.59   78.90   77.45   78.59   77.60  100.00   93.04   90.57
    20: A0A4D5RJ54_83.7_82.9_83.4_32.8_72.8_22.0   57.33   52.92   60.87   56.94   56.58   59.57   59.04   60.71   62.97   62.20   66.52   62.95   62.65   59.60   72.57   72.12   72.88   72.27   93.04  100.00   95.76
    21: A0A131Y1E6_84.3_84.2_83.4_31.7_78.5_24.4   56.83   52.76   60.57   59.00   58.06   61.19   60.39   61.50   64.32   62.71   66.52   63.62   63.62   61.59   71.96   71.68   72.27   71.83   90.57   95.76  100.00
