#
#
#  Percent Identity  Matrix - created by Clustal2.1 
#
#

     1: S3BR26      100.00   58.10   58.87   58.87   47.26   53.55   54.98   52.63   51.27   52.17   51.71   53.60   52.99   52.81   48.90   49.27   49.54   49.17   49.36   49.36   49.18   47.28   47.30   47.30   46.21   50.09   50.46   48.36   49.64   48.82   50.64   49.55   54.30   54.40   54.50   55.56   55.37   55.37   54.41   56.19   54.50   55.05   55.05   53.20   52.79   54.37   49.73   52.28   52.77   52.77   52.29   51.64
     2: A0A0C2FMX5   58.10  100.00   96.38   96.55   46.32   52.83   53.46   53.39   49.64   49.73   49.46   51.08   50.54   50.90   49.27   48.36   48.45   48.89   48.63   48.63   48.45   49.19   48.57   48.57   47.51   48.73   48.90   48.83   47.11   49.55   49.73   50.09   54.46   53.21   54.38   52.61   52.34   52.34   53.21   53.30   53.90   53.54   53.54   52.26   52.31   53.36   52.88   53.49   53.38   53.56   52.34   51.98
     3: U7Q1V5       58.87   96.38  100.00   99.83   45.93   52.84   53.48   54.07   50.00   50.09   50.18   51.27   50.91   50.55   50.18   49.08   49.17   49.63   49.36   49.36   49.17   49.36   48.56   48.56   47.50   49.82   49.63   49.55   48.18   49.91   50.27   50.27   55.05   53.96   55.15   53.54   53.26   53.26   53.78   53.87   54.30   54.11   54.11   52.82   52.51   53.56   53.26   54.05   53.96   54.14   52.90   52.36
     4: A0A0F2MIS7   58.87   96.55   99.83  100.00   45.93   53.01   53.48   54.25   50.00   50.09   50.18   51.27   50.91   50.55   50.37   49.08   49.17   49.63   49.36   49.36   49.17   49.54   48.74   48.74   47.68   49.63   49.81   49.55   48.18   50.09   50.45   50.45   55.05   53.96   55.15   53.54   53.26   53.26   53.96   53.87   54.30   54.11   54.11   52.82   52.51   53.56   53.26   54.05   53.96   54.14   52.90   52.54
     5: A0A545UUP0   47.26   46.32   45.93   45.93  100.00   51.35   52.09   51.88   48.21   48.30   48.22   50.73   48.75   49.19   56.20   56.93   56.47   56.64   56.47   56.12   56.10   57.53   57.84   57.84   56.67   54.30   54.17   56.58   57.40   58.29   57.40   50.27   56.28   56.04   55.92   53.51   52.70   52.70   52.59   54.03   54.32   54.50   54.50   55.38   54.59   53.23   53.87   54.36   56.53   56.35   56.06   54.48
     6: A0A167Z0J4   53.55   52.83   52.84   53.01   51.35  100.00   61.43   58.15   58.62   58.88   58.20   57.76   58.88   57.07   51.18   51.00   50.64   51.29   50.82   50.73   50.72   51.08   50.62   50.62   49.82   51.91   51.38   51.89   52.70   53.89   54.26   55.30   53.97   53.19   54.17   55.58   56.01   56.01   55.24   56.28   56.60   56.60   56.60   55.50   56.89   56.08   53.60   54.74   57.43   57.25   55.50   55.50
     7: F0XNV2       54.98   53.46   53.48   53.48   52.09   61.43  100.00   57.59   59.16   57.77   57.27   59.74   60.88   61.43   52.84   52.66   52.56   53.43   52.75   52.94   52.56   52.27   51.89   51.89   50.91   51.74   52.69   55.37   55.47   55.03   53.85   55.46   57.40   56.83   57.72   58.11   58.18   58.18   57.99   58.67   58.06   58.06   58.06   57.66   60.14   57.55   55.19   55.52   59.00   59.00   57.92   58.11
     8: A0A507AQC9   52.63   53.39   54.07   54.25   51.88   58.15   57.59  100.00   59.89   60.50   60.36   61.45   60.78   60.25   53.23   56.01   55.72   56.26   55.54   55.74   55.35   54.56   53.90   53.90   52.99   54.73   54.04   55.21   56.67   56.16   55.90   58.06   60.77   59.86   60.70   59.85   59.67   59.67   59.67   60.30   58.56   58.56   58.56   59.45   60.55   61.40   56.81   56.23   58.33   58.70   58.60   59.03
     9: A0A4Q4YPE2   51.27   49.64   50.00   50.00   48.21   58.62   59.16   59.89  100.00   90.33   88.99   67.81   67.67   66.49   52.75   53.12   52.66   52.48   52.48   52.29   52.29   51.82   50.73   50.73   49.72   53.99   53.85   54.56   55.84   56.31   53.58   59.57   60.37   59.71   60.29   61.43   62.34   62.34   60.44   62.71   61.40   61.58   61.58   61.17   60.94   62.12   56.14   57.99   59.49   59.67   58.30   58.92
    10: A0A4Q4YNJ0   52.17   49.73   50.09   50.09   48.30   58.88   57.77   60.50   90.33  100.00   92.15   68.05   66.90   66.43   53.38   53.94   53.85   53.78   53.66   53.48   53.30   53.19   51.54   51.54   50.93   54.61   55.03   54.64   55.92   56.20   54.03   59.21   59.93   59.82   60.04   61.06   61.79   61.79   60.07   62.18   61.21   61.40   61.40   60.81   61.48   61.40   56.68   58.17   59.49   59.67   59.03   58.74
    11: A0A4Q4WB37   51.71   49.46   50.18   50.18   48.22   58.20   57.27   60.36   88.99   92.15  100.00   67.86   66.02   66.26   52.73   53.47   53.01   53.11   53.01   52.82   52.82   52.17   51.08   51.08   50.09   52.70   53.82   52.54   55.80   56.44   53.55   58.71   60.15   60.04   60.26   60.55   60.91   60.91   59.39   61.62   60.51   60.69   60.69   60.29   61.51   61.25   55.66   56.96   57.89   58.26   57.09   57.53
    12: A0A1Y2DE14   53.60   51.08   51.27   51.27   50.73   57.76   59.74   61.45   67.81   68.05   67.86  100.00   68.29   69.01   56.04   54.86   54.76   54.98   54.76   54.76   54.76   53.82   52.89   52.89   52.13   55.88   55.39   54.63   54.99   58.05   55.54   60.43   62.92   61.23   62.96   61.10   61.83   61.83   60.44   61.82   63.47   63.65   63.65   62.02   62.16   64.04   57.85   60.77   61.86   62.04   62.04   63.02
    13: A0A1W2TVA3   52.99   50.54   50.91   50.91   48.75   58.88   60.88   60.78   67.67   66.90   66.02   68.29  100.00   82.17   51.65   52.21   51.57   51.67   51.38   51.57   51.75   51.46   51.27   51.27   50.09   54.00   54.41   55.68   56.41   57.92   55.76   58.78   60.48   59.86   60.77   60.55   60.37   60.37   60.29   60.89   61.65   62.02   62.02   60.51   62.52   60.64   55.02   55.71   59.60   59.78   58.06   59.39
    14: A0A1V1SQW7   52.81   50.90   50.55   50.55   49.19   57.07   61.43   60.25   66.49   66.43   66.26   69.01   82.17  100.00   52.94   53.32   52.85   52.78   52.67   52.67   53.04   52.01   51.64   51.64   50.65   56.36   55.70   57.14   58.24   58.29   56.31   57.71   61.76   61.48   61.88   60.18   60.55   60.55   60.11   61.64   62.57   63.12   63.12   61.43   62.88   61.54   55.73   57.40   60.33   60.69   58.96   60.11
    15: A0A395NYE4   48.90   49.27   50.18   50.37   56.20   51.18   52.84   53.23   52.75   53.38   52.73   56.04   51.65   52.94  100.00   84.08   83.36   83.21   83.36   83.04   83.04   81.61   81.28   81.28   80.40   58.74   57.92   56.22   59.17   59.34   58.27   51.27   55.31   55.11   54.58   53.61   53.61   53.61   53.69   53.85   55.09   54.73   54.73   53.55   57.56   55.09   53.85   56.49   57.30   57.86   56.59   56.96
    16: A0A2K0U0U5   49.27   48.36   49.08   49.08   56.93   51.00   52.66   56.01   53.12   53.94   53.47   54.86   52.21   53.32   84.08  100.00   97.68   98.01   98.04   97.67   96.97   86.07   85.56   85.56   84.98   57.63   55.54   58.09   61.04   60.15   60.18   52.36   56.23   56.93   56.41   55.50   54.95   54.95   55.76   56.12   56.73   56.73   56.73   56.00   60.15   56.73   54.96   55.76   57.78   57.96   56.43   56.99
    17: A0A0F9ZZA5   49.54   48.45   49.17   49.17   56.47   50.64   52.56   55.72   52.66   53.85   53.01   54.76   51.57   52.85   83.36   97.68  100.00   99.28   99.29   99.46   98.75   84.82   84.31   84.31   83.88   57.55   55.82   57.37   60.50   59.85   59.16   52.36   55.68   56.39   55.86   54.95   54.77   54.77   55.40   55.94   55.45   55.45   55.45   55.64   59.78   56.99   54.41   55.76   56.93   57.12   55.78   56.33
    18: A0A2T4AA03   49.17   48.89   49.63   49.63   56.64   51.29   53.43   56.26   52.48   53.78   53.11   54.98   51.67   52.78   83.21   98.01   99.28  100.00  100.00   99.28   98.92   85.35   85.02   85.02   84.42   57.38   55.43   57.38   60.55   59.70   59.55   52.57   55.72   56.43   55.90   55.19   54.83   54.83   55.45   56.01   56.07   56.07   56.07   55.88   60.22   57.25   54.44   56.19   57.54   57.73   56.38   56.93
    19: A0A2N1LE18   49.36   48.63   49.36   49.36   56.47   50.82   52.75   55.54   52.48   53.66   53.01   54.76   51.38   52.67   83.36   98.04   99.29  100.00  100.00   99.28   98.93   85.18   84.85   84.85   84.25   57.37   55.64   57.37   60.68   59.85   59.16   52.00   55.68   56.39   55.86   54.95   54.59   54.59   55.22   55.76   55.82   55.82   55.82   55.64   59.96   56.81   54.23   55.76   57.30   57.49   56.15   56.70
    20: A0A1T3D1F2   49.36   48.63   49.36   49.36   56.12   50.73   52.94   55.74   52.29   53.48   52.82   54.76   51.57   52.67   83.04   97.67   99.46   99.28   99.28  100.00   99.29   84.97   84.46   84.46   84.04   57.12   55.37   57.48   60.43   59.71   59.19   52.28   55.60   56.31   55.78   54.69   54.51   54.51   55.14   55.68   55.56   55.56   55.56   55.56   59.85   56.83   54.31   55.86   57.12   57.30   55.96   56.51
    21: A0A8G0LM33   49.18   48.45   49.17   49.17   56.10   50.72   52.56   55.35   52.29   53.30   52.82   54.76   51.75   53.04   83.04   96.97   98.75   98.92   98.93   99.29  100.00   84.67   84.52   84.52   83.91   57.27   55.54   57.45   60.57   59.85   58.79   51.91   55.76   56.47   55.94   54.68   54.50   54.50   55.12   55.66   55.54   55.54   55.54   55.54   59.85   56.81   54.13   55.66   56.75   57.12   56.15   56.51
    22: A0A2T4BBX9   47.28   49.19   49.36   49.54   57.53   51.08   52.27   54.56   51.82   53.19   52.17   53.82   51.46   52.01   81.61   86.07   84.82   85.35   85.18   84.97   84.67  100.00   93.99   93.99   93.83   57.89   56.70   57.17   59.75   60.25   59.02   52.16   55.47   55.88   55.47   54.14   54.50   54.50   54.30   55.66   54.89   54.53   54.53   54.45   58.05   55.04   53.82   55.88   56.70   56.88   55.82   56.18
    23: A0A024SJW4   47.30   48.57   48.56   48.74   57.84   50.62   51.89   53.90   50.73   51.54   51.08   52.89   51.27   51.64   81.28   85.56   84.31   85.02   84.85   84.46   84.52   93.99  100.00  100.00   97.66   58.32   56.42   56.66   59.86   58.09   57.22   50.89   55.74   56.09   55.74   54.04   54.22   54.22   54.35   55.19   55.33   54.79   54.79   54.95   57.81   54.46   53.43   55.30   55.74   55.92   54.87   55.96
    24: G0RBV9       47.30   48.57   48.56   48.74   57.84   50.62   51.89   53.90   50.73   51.54   51.08   52.89   51.27   51.64   81.28   85.56   84.31   85.02   84.85   84.46   84.52   93.99  100.00  100.00   97.66   58.32   56.42   56.66   59.86   58.09   57.22   50.89   55.74   56.09   55.74   54.04   54.22   54.22   54.35   55.19   55.33   54.79   54.79   54.95   57.81   54.46   53.43   55.30   55.74   55.92   54.87   55.96
    25: A0A2H3A2R3   46.21   47.51   47.50   47.68   56.67   49.82   50.91   52.99   49.72   50.93   50.09   52.13   50.09   50.65   80.40   84.98   83.88   84.42   84.25   84.04   83.91   93.83   97.66   97.66  100.00   57.54   55.39   55.29   58.76   57.12   56.22   49.72   54.68   55.06   54.68   52.95   53.14   53.14   53.10   54.12   53.72   53.35   53.35   53.89   56.64   53.76   52.32   54.06   55.06   55.24   53.80   54.92
    26: A0A0L0N8C7   50.09   48.73   49.82   49.63   54.30   51.91   51.74   54.73   53.99   54.61   52.70   55.88   54.00   56.36   58.74   57.63   57.55   57.38   57.37   57.12   57.27   57.89   58.32   58.32   57.54  100.00   84.60   64.99   68.53   63.14   61.43   54.99   59.01   59.05   59.01   58.02   57.84   57.84   57.66   58.90   59.20   58.83   58.83   59.09   57.77   59.38   55.58   58.86   58.26   58.44   57.48   58.02
    27: A0A2S4L7T7   50.46   48.90   49.63   49.81   54.17   51.38   52.69   54.04   53.85   55.03   53.82   55.39   54.41   55.70   57.92   55.54   55.82   55.43   55.64   55.37   55.54   56.70   56.42   56.42   55.39   84.60  100.00   62.79   66.73   62.18   60.81   55.05   58.55   58.41   58.55   57.19   56.65   56.65   56.47   58.07   59.48   59.12   59.12   58.46   58.60   58.01   54.36   58.05   56.51   56.88   56.10   56.65
    28: A0A0B2WS89   48.36   48.83   49.55   49.55   56.58   51.89   55.37   55.21   54.56   54.64   52.54   54.63   55.68   57.14   56.22   58.09   57.37   57.38   57.37   57.48   57.45   57.17   56.66   56.66   55.29   64.99   62.79  100.00   74.07   61.19   60.69   56.55   60.44   60.58   60.26   56.65   56.47   56.47   56.68   57.40   59.35   59.71   59.71   59.03   61.37   57.91   56.34   58.20   59.60   59.41   57.89   58.98
    29: A0A7U3SN75   49.64   47.11   48.18   48.18   57.40   52.70   55.47   56.67   55.84   55.92   55.80   54.99   56.41   58.24   59.17   61.04   60.50   60.55   60.68   60.43   60.57   59.75   59.86   59.86   58.76   68.53   66.73   74.07  100.00   63.36   62.32   55.48   59.23   58.95   59.41   58.35   58.53   58.53   58.11   59.12   58.51   58.51   58.51   58.48   61.66   59.53   56.99   58.12   60.33   61.24   59.17   59.71
    30: A0A8K0VP64   48.82   49.55   49.91   50.09   58.29   53.89   55.03   56.16   56.31   56.20   56.44   58.05   57.92   58.29   59.34   60.15   59.85   59.70   59.85   59.71   59.85   60.25   58.09   58.09   57.12   63.14   62.18   61.19   63.36  100.00   81.64   56.47   60.48   60.91   61.34   58.47   57.92   57.92   58.95   59.00   60.85   61.03   61.03   61.06   64.20   61.76   58.76   59.17   63.12   63.30   61.02   61.75
    31: A0A0P7AB64   50.64   49.73   50.27   50.45   57.40   54.26   53.85   55.90   53.58   54.03   53.55   55.54   55.76   56.31   58.27   60.18   59.16   59.55   59.16   59.19   58.79   59.02   57.22   57.22   56.22   61.43   60.81   60.69   62.32   81.64  100.00   56.58   60.97   60.40   61.38   59.05   59.23   59.23   59.17   58.66   61.07   61.25   61.25   59.82   62.79   61.51   57.88   58.91   62.06   62.62   60.88   61.06
    32: A0A0G2GJX4   49.55   50.09   50.27   50.45   50.27   55.30   55.46   58.06   59.57   59.21   58.71   60.43   58.78   57.71   51.27   52.36   52.36   52.57   52.00   52.28   51.91   52.16   50.89   50.89   49.72   54.99   55.05   56.55   55.48   56.47   56.58  100.00   62.01   60.74   61.87   62.66   62.72   62.72   61.81   62.84   62.43   62.79   62.79   63.10   64.78   65.61   58.51   60.46   61.91   61.73   60.99   61.35
    33: A0A8H6JZM2   54.30   54.46   55.05   55.05   56.28   53.97   57.40   60.77   60.37   59.93   60.15   62.92   60.48   61.76   55.31   56.23   55.68   55.72   55.68   55.60   55.76   55.47   55.74   55.74   54.68   59.01   58.55   60.44   59.23   60.48   60.97   62.01  100.00   94.65   96.61   78.42   78.99   78.99   76.71   78.57   78.70   78.16   78.16   77.40   67.94   66.06   62.64   64.73   67.66   68.59   67.58   67.22
    34: A0A8H6MN84   54.40   53.21   53.96   53.96   56.04   53.19   56.83   59.86   59.71   59.82   60.04   61.23   59.86   61.48   55.11   56.93   56.39   56.43   56.39   56.31   56.47   55.88   56.09   56.09   55.06   59.05   58.41   60.58   58.95   60.91   60.40   60.74   94.65  100.00   95.72   78.52   78.74   78.74   76.11   78.43   78.74   78.56   78.56   77.38   66.79   64.36   61.51   63.69   67.09   67.82   66.55   66.19
    35: A0A8H6NGZ7   54.50   54.38   55.15   55.15   55.92   54.17   57.72   60.70   60.29   60.04   60.26   62.96   60.77   61.88   54.58   56.41   55.86   55.90   55.86   55.78   55.94   55.47   55.74   55.74   54.68   59.01   58.55   60.26   59.41   61.34   61.38   61.87   96.61   95.72  100.00   78.80   79.39   79.39   77.26   78.90   79.20   79.20   79.20   77.72   67.88   66.49   62.27   65.03   67.78   68.72   67.40   66.85
    36: A0A166LZE5   55.56   52.61   53.54   53.54   53.51   55.58   58.11   59.85   61.43   61.06   60.55   61.10   60.55   60.18   53.61   55.50   54.95   55.19   54.95   54.69   54.68   54.14   54.04   54.04   52.95   58.02   57.19   56.65   58.35   58.47   59.05   62.66   78.42   78.52   78.80  100.00   96.84   96.66   89.36   90.47   80.36   80.18   80.18   80.18   65.88   66.19   60.87   63.60   65.44   66.18   64.31   63.77
    37: A0A1S1VWF5   55.37   52.34   53.26   53.26   52.70   56.01   58.18   59.67   62.34   61.79   60.91   61.83   60.37   60.55   53.61   54.95   54.77   54.83   54.59   54.51   54.50   54.50   54.22   54.22   53.14   57.84   56.65   56.47   58.53   57.92   59.23   62.72   78.99   78.74   79.39   96.84  100.00   99.82   88.67   91.02   80.93   80.93   80.93   80.04   65.95   66.97   60.58   63.13   65.62   66.18   64.56   63.83
    38: A0A166ZN36   55.37   52.34   53.26   53.26   52.70   56.01   58.18   59.67   62.34   61.79   60.91   61.83   60.37   60.55   53.61   54.95   54.77   54.83   54.59   54.51   54.50   54.50   54.22   54.22   53.14   57.84   56.65   56.47   58.53   57.92   59.23   62.72   78.99   78.74   79.39   96.66   99.82  100.00   88.67   91.02   80.93   80.93   80.93   80.04   65.95   66.97   60.58   63.13   65.62   66.18   64.56   63.83
    39: E3QKF0       54.41   53.21   53.78   53.96   52.59   55.24   57.99   59.67   60.44   60.07   59.39   60.44   60.29   60.11   53.69   55.76   55.40   55.45   55.22   55.14   55.12   54.30   54.35   54.35   53.10   57.66   56.47   56.68   58.11   58.95   59.17   61.81   76.71   76.11   77.26   89.36   88.67   88.67  100.00   92.46   77.68   77.50   77.50   78.51   64.53   64.72   60.04   62.21   65.03   65.57   63.80   63.62
    40: A0A066WYE0   56.19   53.30   53.87   53.87   54.03   56.28   58.67   60.30   62.71   62.18   61.62   61.82   60.89   61.64   53.85   56.12   55.94   56.01   55.76   55.68   55.66   55.66   55.19   55.19   54.12   58.90   58.07   57.40   59.12   59.00   58.66   62.84   78.57   78.43   78.90   90.47   91.02   91.02   92.46  100.00   78.99   78.80   78.80   80.25   65.81   66.67   61.51   64.47   66.29   66.85   65.38   65.01
    41: T0LUL9       54.50   53.90   54.30   54.30   54.32   56.60   58.06   58.56   61.40   61.21   60.51   63.47   61.65   62.57   55.09   56.73   55.45   56.07   55.82   55.56   55.54   54.89   55.33   55.33   53.72   59.20   59.48   59.35   58.51   60.85   61.07   62.43   78.70   78.74   79.20   80.36   80.93   80.93   77.68   78.99  100.00   97.34   97.34   82.21   68.17   67.03   59.31   63.13   67.03   67.40   64.56   64.74
    42: A0A7J6JQ80   55.05   53.54   54.11   54.11   54.50   56.60   58.06   58.56   61.58   61.40   60.69   63.65   62.02   63.12   54.73   56.73   55.45   56.07   55.82   55.56   55.54   54.53   54.79   54.79   53.35   58.83   59.12   59.71   58.51   61.03   61.25   62.79   78.16   78.56   79.20   80.18   80.93   80.93   77.50   78.80   97.34  100.00  100.00   82.21   68.72   66.85   59.31   63.13   67.03   67.40   64.20   64.56
    43: A0A8S9CWN4   55.05   53.54   54.11   54.11   54.50   56.60   58.06   58.56   61.58   61.40   60.69   63.65   62.02   63.12   54.73   56.73   55.45   56.07   55.82   55.56   55.54   54.53   54.79   54.79   53.35   58.83   59.12   59.71   58.51   61.03   61.25   62.79   78.16   78.56   79.20   80.18   80.93   80.93   77.50   78.80   97.34  100.00  100.00   82.21   68.72   66.85   59.31   63.13   67.03   67.40   64.20   64.56
    44: A0A1Q8S4B0   53.20   52.26   52.82   52.82   55.38   55.50   57.66   59.45   61.17   60.81   60.29   62.02   60.51   61.43   53.55   56.00   55.64   55.88   55.64   55.56   55.54   54.45   54.95   54.95   53.89   59.09   58.46   59.03   58.48   61.06   59.82   63.10   77.40   77.38   77.72   80.18   80.04   80.04   78.51   80.25   82.21   82.21   82.21  100.00   65.95   66.97   60.18   63.26   63.74   64.10   62.70   62.88
    45: A0A3E2HLK5   52.79   52.31   52.51   52.51   54.59   56.89   60.14   60.55   60.94   61.48   61.51   62.16   62.52   62.88   57.56   60.15   59.78   60.22   59.96   59.85   59.85   58.05   57.81   57.81   56.64   57.77   58.60   61.37   61.66   64.20   62.79   64.78   67.94   66.79   67.88   65.88   65.95   65.95   64.53   65.81   68.17   68.72   68.72   65.95  100.00   69.19   62.08   63.93   67.88   68.07   65.41   66.13
    46: R8BJ02       54.37   53.36   53.56   53.56   53.23   56.08   57.55   61.40   62.12   61.40   61.25   64.04   60.64   61.54   55.09   56.73   56.99   57.25   56.81   56.83   56.81   55.04   54.46   54.46   53.76   59.38   58.01   57.91   59.53   61.76   61.51   65.61   66.06   64.36   66.49   66.19   66.97   66.97   64.72   66.67   67.03   66.85   66.85   66.97   69.19  100.00   66.91   70.16   72.36   72.55   71.07   71.61
    47: A0A423WVP3   49.73   52.88   53.26   53.26   53.87   53.60   55.19   56.81   56.14   56.68   55.66   57.85   55.02   55.73   53.85   54.96   54.41   54.44   54.23   54.31   54.13   53.82   53.43   53.43   52.32   55.58   54.36   56.34   56.99   58.76   57.88   58.51   62.64   61.51   62.27   60.87   60.58   60.58   60.04   61.51   59.31   59.31   59.31   60.18   62.08   66.91  100.00   69.79   74.34   74.51   74.74   74.56
    48: A0A2P5HWN1   52.28   53.49   54.05   54.05   54.36   54.74   55.52   56.23   57.99   58.17   56.96   60.77   55.71   57.40   56.49   55.76   55.76   56.19   55.76   55.86   55.66   55.88   55.30   55.30   54.06   58.86   58.05   58.20   58.12   59.17   58.91   60.46   64.73   63.69   65.03   63.60   63.13   63.13   62.21   64.47   63.13   63.13   63.13   63.26   63.93   70.16   69.79  100.00   78.41   78.76   76.17   76.13
    49: A0A194W1H7   52.77   53.38   53.96   53.96   56.53   57.43   59.00   58.33   59.49   59.49   57.89   61.86   59.60   60.33   57.30   57.78   56.93   57.54   57.30   57.12   56.75   56.70   55.74   55.74   55.06   58.26   56.51   59.60   60.33   63.12   62.06   61.91   67.66   67.09   67.78   65.44   65.62   65.62   65.03   66.29   67.03   67.03   67.03   63.74   67.88   72.36   74.34   78.41  100.00   98.58   89.73   90.27
    50: A0A194UVK1   52.77   53.56   54.14   54.14   56.35   57.25   59.00   58.70   59.67   59.67   58.26   62.04   59.78   60.69   57.86   57.96   57.12   57.73   57.49   57.30   57.12   56.88   55.92   55.92   55.24   58.44   56.88   59.41   61.24   63.30   62.62   61.73   68.59   67.82   68.72   66.18   66.18   66.18   65.57   66.85   67.40   67.40   67.40   64.10   68.07   72.55   74.51   78.76   98.58  100.00   89.56   89.38
    51: A0A423WXT4   52.29   52.34   52.90   52.90   56.06   55.50   57.92   58.60   58.30   59.03   57.09   62.04   58.06   58.96   56.59   56.43   55.78   56.38   56.15   55.96   56.15   55.82   54.87   54.87   53.80   57.48   56.10   57.89   59.17   61.02   60.88   60.99   67.58   66.55   67.40   64.31   64.56   64.56   63.80   65.38   64.56   64.20   64.20   62.70   65.41   71.07   74.74   76.17   89.73   89.56  100.00   93.55
    52: A0A423WIK0   51.64   51.98   52.36   52.54   54.48   55.50   58.11   59.03   58.92   58.74   57.53   63.02   59.39   60.11   56.96   56.99   56.33   56.93   56.70   56.51   56.51   56.18   55.96   55.96   54.92   58.02   56.65   58.98   59.71   61.75   61.06   61.35   67.22   66.19   66.85   63.77   63.83   63.83   63.62   65.01   64.74   64.56   64.56   62.88   66.13   71.61   74.56   76.13   90.27   89.38   93.55  100.00
