(
A0A376BAZ6:0.26742,
A0A1E5RI92:0.19359,
A0A1B7TIY2:0.23258);
