#
#
#  Percent Identity  Matrix - created by Clustal2.1 
#
#

     1: A0A6N6KQS8_90.7_96.2_88.6_22.1_83.6_22.1  100.00   49.35   53.97   57.93   56.78   54.38
     2: A0A3N5RNP3_-1___-1___-1___-1___83.7_22.5   49.35  100.00   52.29   61.11   58.49   57.12
     3: A0A1F8QG74_89.1_96.2_89.0_24.3_83.8_24.3   53.97   52.29  100.00   63.77   59.69   59.05
     4: A0A7C2XN80_-1___-1___-1___-1___84.0_25.2   57.93   61.11   63.77  100.00   66.53   63.64
     5: A0A3N5ME32_91.9_97.1_88.0_24.6_82.3_23.8   56.78   58.49   59.69   66.53  100.00   70.18
     6: A0A3N5WX43_87.4_96.3_88.6_22.7_82.1_21.6   54.38   57.12   59.05   63.64   70.18  100.00
