(
A0A7V2PU32:0.14212,
A0A3M1HS10:0.07472,
A0A3M1F0B1:0.08880);
