#
#
#  Percent Identity  Matrix - created by Clustal2.1 
#
#

     1: A0A9E4EXX0  100.00   91.80   71.13   71.36   72.77   71.60   72.07   69.03   69.03   72.77   70.75   73.00   71.36   60.38   60.24   51.19   56.60
     2: A0A845CEL9   91.80  100.00   69.95   69.95   71.20   69.95   70.66   66.43   66.43   71.83   69.34   71.07   69.25   59.57   59.42   50.60   56.97
     3: A0A931YUY2   71.13   69.95  100.00   89.91   91.36   90.85   91.08   78.72   78.72   81.22   81.37   82.92   81.22   62.59   62.95   53.83   60.43
     4: A0A2V7DPC5   71.36   69.95   89.91  100.00   97.64   96.48   97.18   79.43   79.43   81.46   80.90   82.37   80.75   64.03   64.16   53.35   59.95
     5: A0A1Q7U4P3   72.77   71.20   91.36   97.64  100.00   98.95   99.21   77.95   77.95   81.94   80.89   82.37   81.41   63.32   63.32   52.67   60.05
     6: A0A2V6VCN5   71.60   69.95   90.85   96.48   98.95  100.00   99.33   77.88   78.25   81.22   80.42   82.09   80.28   62.59   62.71   52.87   59.24
     7: A0A2V7BBS6   72.07   70.66   91.08   97.18   99.21   99.33  100.00   78.35   78.72   81.69   80.90   82.64   80.75   62.83   62.95   53.11   59.72
     8: A0A1F7SWM9   69.03   66.43   78.72   79.43   77.95   77.88   78.35  100.00  100.00   79.67   81.56   82.60   82.98   62.32   62.93   51.44   58.95
     9: A0A1F7TBG8   69.03   66.43   78.72   79.43   77.95   78.25   78.72  100.00  100.00   79.67   81.56   82.60   82.98   62.32   62.93   51.44   58.95
    10: A0A932I4W8   72.77   71.83   81.22   81.46   81.94   81.22   81.69   79.67   79.67  100.00   90.09   91.46   89.20   63.31   63.44   51.67   57.82
    11: A0A932ZWR5   70.75   69.34   81.37   80.90   80.89   80.42   80.90   81.56   81.56   90.09  100.00   96.14   94.34   63.61   63.99   50.72   57.62
    12: A0A1F7TD82   73.00   71.07   82.92   82.37   82.37   82.09   82.64   82.60   82.60   91.46   96.14  100.00  100.00   65.56   65.56   52.11   60.17
    13: A0A1F7SWN3   71.36   69.25   81.22   80.75   81.41   80.28   80.75   82.98   82.98   89.20   94.34  100.00  100.00   64.51   65.38   50.96   57.82
    14: A0A1F7SY12   60.38   59.57   62.59   64.03   63.32   62.59   62.83   62.32   62.32   63.31   63.61   65.56   64.51  100.00   99.76   58.21   65.31
    15: A0A1F7TCW7   60.24   59.42   62.95   64.16   63.32   62.71   62.95   62.93   62.93   63.44   63.99   65.56   65.38   99.76  100.00   58.54   65.70
    16: A0A1Q7GAD4   51.19   50.60   53.83   53.35   52.67   52.87   53.11   51.44   51.44   51.67   50.72   52.11   50.96   58.21   58.54  100.00   89.29
    17: A0A1Q7ESR9   56.60   56.97   60.43   59.95   60.05   59.24   59.72   58.95   58.95   57.82   57.62   60.17   57.82   65.31   65.70   89.29  100.00
