#
#
#  Percent Identity  Matrix - created by Clustal2.1 
#
#

     1: A0A179HB98_85.4_93.6_93.3_44.1_89.0_24.6  100.00   96.65   52.29   51.69   55.86   57.17   56.99   57.17   56.81   56.81   44.76   54.15   45.23   53.42   53.78   55.14   55.62
     2: A0A179HYE2_86.4_94.8_93.4_44.4_89.2_23.8   96.65  100.00   51.19   51.33   55.68   56.62   56.44   56.99   56.62   56.62   44.29   53.53   45.01   52.88   53.24   54.77   55.62
     3: A0A0A1TRE3_91.6_96.6_93.9_32.7_89.9_25.3   52.29   51.19  100.00   56.23   53.56   56.88   56.88   56.52   56.52   56.70   44.55   53.97   45.60   51.91   51.55   51.09   51.94
     4: A0A168GXM7_87.6_95.7_92.1_30.8_88.1_23.4   51.69   51.33   56.23  100.00   55.78   58.47   58.65   58.11   58.65   58.65   44.03   51.55   43.30   51.07   50.71   51.35   51.90
     5: G9N5R1_92.0_96.6_94.2_43.6_90.7_22.1       55.86   55.68   53.56   55.78  100.00   79.96   79.96   78.51   79.05   78.87   46.24   53.54   48.40   52.58   52.77   52.77   54.49
     6: A0A2T3Z3C5_85.5_95.9_94.1_47.3_90.1_20.5   57.17   56.62   56.88   58.47   79.96  100.00   97.85   93.91   93.91   93.73   45.20   55.30   48.42   51.55   51.55   51.00   53.42
     7: A0A6V8QZX6_85.4_96.4_94.4_47.7_90.4_23.4   56.99   56.44   56.88   58.65   79.96   97.85  100.00   94.09   94.62   94.44   44.73   56.34   48.87   52.46   52.28   51.55   53.60
     8: G9NGL8_85.0_95.4_93.9_41.4_89.9_23.2       57.17   56.99   56.52   58.11   78.51   93.91   94.09  100.00   95.88   95.70   44.96   56.76   48.42   51.37   51.37   51.55   53.79
     9: A0A2P4ZSC4_83.6_95.0_94.1_43.9_90.0_19.8   56.81   56.62   56.52   58.65   79.05   93.91   94.62   95.88  100.00   99.64   44.96   57.59   48.87   52.09   52.28   51.91   53.79
    10: A0A2K0TMV5_84.7_94.7_93.7_42.9_90.1_24.4   56.81   56.62   56.70   58.65   78.87   93.73   94.44   95.70   99.64  100.00   44.73   57.59   48.87   52.28   52.09   52.09   53.60
    11: A0A084RCW5_-1_-1_-1_-1_82.5_22.5           44.76   44.29   44.55   44.03   46.24   45.20   44.73   44.96   44.96   44.73  100.00   51.62   47.09   55.68   55.68   55.32   56.28
    12: A0A1G4BQ32_-1_-1_-1_-1_87.7_22.6           54.15   53.53   53.97   51.55   53.54   55.30   56.34   56.76   57.59   57.59   51.62  100.00   56.42   62.37   62.16   62.82   62.11
    13: A0A4Q4T838_-1_-1_-1_-1_70.8_17.4           45.23   45.01   45.60   43.30   48.40   48.42   48.87   48.42   48.87   48.87   47.09   56.42  100.00   62.93   63.36   63.62   63.78
    14: A0A1Y2V453_93.2_96.9_93.3_35.6_88.6_23.2   53.42   52.88   51.91   51.07   52.58   51.55   52.46   51.37   52.09   52.28   55.68   62.37   62.93  100.00   97.91   86.77   86.92
    15: A0A1Y2THN0_93.3_96.8_93.3_37.2_89.0_24.0   53.78   53.24   51.55   50.71   52.77   51.55   52.28   51.37   52.28   52.09   55.68   62.16   63.36   97.91  100.00   86.77   86.74
    16: A0A1Y2W162_91.9_96.0_94.6_56.6_89.8_23.2   55.14   54.77   51.09   51.35   52.77   51.00   51.55   51.55   51.91   52.09   55.32   62.82   63.62   86.77   86.77  100.00   84.97
    17: A0A1Y2XCD9_93.0_96.8_94.7_58.0_90.4_25.0   55.62   55.62   51.94   51.90   54.49   53.42   53.60   53.79   53.79   53.60   56.28   62.11   63.78   86.92   86.74   84.97  100.00
