#
#
#  Percent Identity  Matrix - created by Clustal2.1 
#
#

     1: G3B6C8_89.3_95.5_96.0_78.4_89.6_21.4      100.00   53.05   53.23   54.12   50.26   52.17   52.17   53.77   53.05   53.83   54.18   55.75   52.44   53.36   53.71   54.17   54.51   54.51   56.00   56.00
     2: A3GGM0_87.8_95.2_95.4_59.5_87.1_22.0       53.05  100.00   56.75   58.42   53.95   54.95   53.75   55.57   55.04   56.13   56.13   54.62   52.22   53.38   53.90   53.07   52.90   55.73   57.36   57.87
     3: G8BHZ8_90.8_96.4_95.6_70.2_89.0_23.9       53.23   56.75  100.00   82.94   61.82   64.86   62.99   56.01   57.36   55.06   56.87   54.03   53.44   55.83   56.17   56.60   56.43   59.20   56.97   56.80
     4: H8X6P7_91.6_96.9_95.9_77.9_89.8_26.2       54.12   58.42   82.94  100.00   62.41   66.44   65.25   56.38   58.25   55.15   56.28   55.40   52.32   56.47   56.99   56.11   55.94   58.01   57.00   57.17
     5: A0A367XZ96_92.6_96.6_95.1_64.1_89.0_24.3   50.26   53.95   61.82   62.41  100.00   66.78   66.44   56.30   56.97   55.34   55.17   53.36   54.48   55.79   55.96   54.45   54.62   58.78   57.24   57.24
     6: A0A1D8PLD9_93.7_97.6_96.8_86.8_90.2_21.8   52.17   54.95   64.86   66.44   66.78  100.00   91.62   56.16   58.02   58.12   58.73   56.10   54.16   57.79   57.96   55.61   55.61   61.01   59.70   59.70
     7: B9WFN3_92.4_96.5_95.9_81.8_88.6_24.9       52.17   53.75   62.99   65.25   66.44   91.62  100.00   56.68   59.04   58.80   59.42   55.76   53.65   57.61   57.79   54.59   54.59   60.83   59.19   59.19
     8: A0A0V1Q5J1_92.2_95.4_95.1_53.5_89.3_30.1   53.77   55.57   56.01   56.38   56.30   56.16   56.68  100.00   86.25   57.78   58.73   58.32   55.82   59.65   60.35   58.39   58.22   61.04   59.80   59.97
     9: Q6BHI4_92.0_95.6_94.8_59.0_88.2_26.9       53.05   55.04   57.36   58.25   56.97   58.02   59.04   86.25  100.00   57.65   57.92   58.12   56.22   60.59   61.28   58.97   58.97   61.70   61.46   61.63
    10: A5DGK5_91.1_94.8_95.6_68.9_87.8_20.9       53.83   56.13   55.06   55.15   55.34   58.12   58.80   57.78   57.65  100.00   90.15   56.73   56.61   57.91   58.61   54.87   54.87   60.66   61.76   61.76
    11: A0A421J9U8_92.8_96.0_95.9_77.9_88.5_23.0   54.18   56.13   56.87   56.28   55.17   58.73   59.42   58.73   57.92   90.15  100.00   57.00   56.37   58.09   58.78   56.07   55.90   61.70   61.36   61.19
    12: A0A512U715_92.6_95.6_94.3_52.5_86.8_21.2   55.75   54.62   54.03   55.40   53.36   56.10   55.76   58.32   58.12   56.73   57.00  100.00   70.69   57.67   58.36   57.36   57.19   64.30   65.08   65.08
    13: A0A4P6XRT7_-1___-1___-1___-1___86.3_23.9   52.44   52.22   53.44   52.32   54.48   54.16   53.65   55.82   56.22   56.61   56.37   70.69  100.00   57.22   57.57   57.26   57.26   60.58   61.15   61.32
    14: A0A0L0NSK5_92.8_96.4_95.3_64.2_89.1_25.2   53.36   53.38   55.83   56.47   55.79   57.79   57.61   59.65   60.59   57.91   58.09   57.67   57.22  100.00   98.63   69.93   69.76   63.51   64.03   63.68
    15: A0A2H1A1U6_93.6_96.8_95.7_60.1_89.3_23.1   53.71   53.90   56.17   56.99   55.96   57.96   57.79   60.35   61.28   58.61   58.78   58.36   57.57   98.63  100.00   69.59   70.45   63.86   64.20   63.86
    16: A0A2P7YS14_90.1_95.8_95.4_65.2_88.2_24.3   54.17   53.07   56.60   56.11   54.45   55.61   54.59   58.39   58.97   54.87   56.07   57.36   57.26   69.93   69.59  100.00   96.62   62.00   63.11   63.11
    17: A0A2V1AD87_90.1_95.8_95.6_65.5_88.4_24.0   54.51   52.90   56.43   55.94   54.62   55.61   54.59   58.22   58.97   54.87   55.90   57.19   57.26   69.76   70.45   96.62  100.00   61.49   62.61   62.61
    18: A0A5Q0HV25_92.8_95.6_96.0_83.3_86.0_24.2   54.51   55.73   59.20   58.01   58.78   61.01   60.83   61.04   61.70   60.66   61.70   64.30   60.58   63.51   63.86   62.00   61.49  100.00   70.29   70.12
    19: A0A1L0C027_92.2_95.2_95.5_73.2_87.6_22.5   56.00   57.36   56.97   57.00   57.24   59.70   59.19   59.80   61.46   61.76   61.36   65.08   61.15   64.03   64.20   63.11   62.61   70.29  100.00   98.67
    20: A0A1L0DYY1_93.1_95.8_95.4_73.1_87.5_21.4   56.00   57.87   56.80   57.17   57.24   59.70   59.19   59.97   61.63   61.76   61.19   65.08   61.32   63.68   63.86   63.11   62.61   70.12   98.67  100.00
