#
#
#  Percent Identity  Matrix - created by Clustal2.1 
#
#

     1: A0A4U9F8Q0_86.7_94.5_93.8_53.2_89.2_20.4  100.00   51.25   56.62   56.67   57.04   56.83   57.59   57.59   57.22   57.22   57.04   57.22   57.40   55.14   54.79   58.61   56.53   55.64   53.45
     2: A0A428QJ31_89.1_95.3_92.3_47.6_86.7_22.1   51.25  100.00   56.14   55.83   55.66   55.46   55.83   55.83   56.37   56.37   56.19   56.19   56.19   62.02   58.58   61.37   61.20   59.96   58.90
     3: A0A0J0BZR0_90.9_93.9_92.2_40.6_88.1_21.9   56.62   56.14  100.00   93.81   94.16   94.16   94.51   94.51   94.16   94.16   94.51   94.69   94.87   63.76   59.78   62.55   61.81   62.34   59.87
     4: A0A4Q2VE26_87.7_93.4_93.0_41.7_89.3_26.2   56.67   55.83   93.81  100.00   98.24   98.24   98.24   98.24   98.24   98.24   98.77   98.77   98.94   62.40   60.36   63.47   62.01   62.72   59.45
     5: X0I3H9_89.2_93.9_90.3_27.3_89.0_26.2       57.04   55.66   94.16   98.24  100.00  100.00   98.59   98.59   98.59   98.59   98.77   98.77   99.30   62.02   60.36   63.11   61.66   62.19   58.60
     6: F9G947_89.3_93.6_93.0_41.4_88.9_23.1       56.83   55.46   94.16   98.24  100.00  100.00   98.59   98.59   98.59   98.59   98.77   98.77   99.30   61.78   60.32   62.88   61.44   61.97   58.35
     7: N1RU22_89.0_93.6_92.9_43.0_89.0_24.8       57.59   55.83   94.51   98.24   98.59   98.59  100.00  100.00   98.59   98.59   98.77   98.77   99.30   62.21   60.36   63.29   62.19   62.19   58.60
     8: A0A5C6SMC9_89.7_93.3_92.9_42.2_88.9_23.0   57.59   55.83   94.51   98.24   98.59   98.59  100.00  100.00   98.59   98.59   98.77   98.77   99.30   62.21   60.36   63.29   62.19   62.19   58.60
     9: A0A2H3GFS2_91.3_94.2_93.2_42.3_89.2_25.2   57.22   56.37   94.16   98.24   98.59   98.59   98.59   98.59  100.00  100.00   98.77   98.77   99.30   62.60   60.54   63.47   62.37   62.90   59.24
    10: A0A420T3I8_90.6_93.8_92.8_40.6_88.5_22.2   57.22   56.37   94.16   98.24   98.59   98.59   98.59   98.59  100.00  100.00   98.77   98.77   99.30   62.60   60.54   63.47   62.37   62.90   59.24
    11: X0LLY6_88.7_92.8_90.1_25.6_88.7_22.8       57.04   56.19   94.51   98.77   98.77   98.77   98.77   98.77   98.77   98.77  100.00   99.65   99.47   62.21   60.54   63.29   62.01   62.54   59.02
    12: W9NL79_88.7_93.6_93.1_36.2_88.8_17.8       57.22   56.19   94.69   98.77   98.77   98.77   98.77   98.77   98.77   98.77   99.65  100.00   99.47   62.40   60.71   63.47   62.19   62.72   59.24
    13: A0A559KWK4_90.4_94.1_92.9_38.8_89.0_24.6   57.40   56.19   94.87   98.94   99.30   99.30   99.30   99.30   99.30   99.30   99.47   99.47  100.00   62.40   60.71   63.47   62.19   62.72   59.24
    14: A0A7C8MUF0_-1___-1___-1___-1___86.1_23.6   55.14   62.02   63.76   62.40   62.02   61.78   62.21   62.21   62.60   62.60   62.21   62.40   62.40  100.00   64.37   65.37   66.10   66.29   64.52
    15: A0A024S275_89.4_91.9_91.5_31.6_87.0_22.1   54.79   58.58   59.78   60.36   60.36   60.32   60.36   60.36   60.54   60.54   60.54   60.71   60.71   64.37  100.00   76.49   74.05   74.74   71.43
    16: G9MV10_86.0_94.4_92.3_30.9_88.3_24.1       58.61   61.37   62.55   63.47   63.11   62.88   63.29   63.29   63.47   63.47   63.29   63.47   63.47   65.37   76.49  100.00   79.12   80.00   78.11
    17: A0A0G0A0F1_91.6_95.6_93.1_46.0_87.6_21.1   56.53   61.20   61.81   62.01   61.66   61.44   62.19   62.19   62.37   62.37   62.01   62.19   62.19   66.10   74.05   79.12  100.00   87.84   86.91
    18: A0A2T3ZV96_90.2_94.7_92.7_40.1_87.4_21.1   55.64   59.96   62.34   62.72   62.19   61.97   62.19   62.19   62.90   62.90   62.54   62.72   62.72   66.29   74.74   80.00   87.84  100.00   89.57
    19: A0A2K0T957_-1___-1___-1___-1___85.6_22.8   53.45   58.90   59.87   59.45   58.60   58.35   58.60   58.60   59.24   59.24   59.02   59.24   59.24   64.52   71.43   78.11   86.91   89.57  100.00
