(
A0A662T616_90.1_93.2_94.1_44.9_94.4_44.9:0.00000,
A0A7J2X394_91.6_94.4_93.9_38.7_94.3_38.7:0.00000,
A0A662T3G7_-1___-1___-1___-1___92.9_46.1:0.06991);
