#
#
#  Percent Identity  Matrix - created by Clustal2.1 
#
#

     1: A0A146KWP1_64.4_77.6_82.0_37.0_82.0_37.0  100.00  100.00   99.62   99.70   99.57   52.77   55.03   57.14
     2: A0A146LM72_69.2_79.8_82.1_37.3_77.6_22.1  100.00  100.00   98.98   98.65   98.24   53.16   53.08   54.43
     3: A0A0A9XNJ6_68.2_79.6_82.9_32.3_78.7_22.2   99.62   98.98  100.00  100.00  100.00   53.16   52.76   54.27
     4: A0A0A9XW63_-1___-1___-1___-1___83.1_31.4   99.70   98.65  100.00  100.00  100.00   55.83   54.44   55.15
     5: A0A0K8T5J4_-1___-1___-1___-1___84.3_31.8   99.57   98.24  100.00  100.00  100.00   57.67   55.21   56.42
     6: T1I8L4_56.8_71.6_84.0_32.6_84.4_32.6       52.77   53.16   53.16   55.83   57.67  100.00   60.50   59.76
     7: T1IDL3_64.2_72.1_81.4_38.2_80.1_25.2       55.03   53.08   52.76   54.44   55.21   60.50  100.00   80.74
     8: A0A224XLG1_74.9_84.2_85.6_41.3_83.2_26.3   57.14   54.43   54.27   55.15   56.42   59.76   80.74  100.00
