#
#
#  Percent Identity  Matrix - created by Clustal2.1 
#
#

     1: A0A0C3FTA5_92.6_96.6_95.3_64.1_88.9_26.3  100.00   62.36   60.19   62.94   66.89   56.62   56.85   57.93   57.93   60.73   59.41   63.26   59.41
     2: A0A8H7L557_-1_-1_-1_-1_-1_-1               62.36  100.00   89.87   91.08   93.94   58.19   58.00   56.68   57.06   59.12   56.32   60.21   56.32
     3: A0A8H7KVF4_-1_-1_-1_-1_-1_-1               60.19   89.87  100.00   94.80   92.77   55.79   55.60   54.49   54.88   57.69   54.70   58.65   54.70
     4: A0A8H7G0U2_-1_-1_-1_-1_-1_-1               62.94   91.08   94.80  100.00   96.89   57.92   56.98   55.89   56.26   59.21   56.10   60.08   56.10
     5: A0A8H7KTH2_-1_-1_-1_-1_-1_-1               66.89   93.94   92.77   96.89  100.00   60.85   59.38   59.82   60.27   62.11   59.38   59.38   59.38
     6: A0A4Y7Q9K5_89.4_93.0_94.6_54.0_89.9_29.7   56.62   58.19   55.79   57.92   60.85  100.00   57.79   57.51   57.69   59.72   58.38   61.91   58.55
     7: A0A067TNI5_88.0_94.8_94.9_50.8_88.1_25.7   56.85   58.00   55.60   56.98   59.38   57.79  100.00   58.97   59.31   58.18   58.76   62.55   58.93
     8: A0A5C3PWF2_89.5_95.8_94.8_47.1_87.7_25.1   57.93   56.68   54.49   55.89   59.82   57.51   58.97  100.00   99.15   75.56   78.02   80.37   78.19
     9: A0A371DNY5_86.5_95.3_94.7_40.4_87.4_26.4   57.93   57.06   54.88   56.26   60.27   57.69   59.31   99.15  100.00   75.90   78.36   80.75   78.53
    10: A0A1M2V2U5_87.8_95.4_95.2_47.8_87.3_23.4   60.73   59.12   57.69   59.21   62.11   59.72   58.18   75.56   75.90  100.00   75.59   80.49   75.42
    11: A0A4Q9NVB9_93.8_97.0_95.3_47.5_87.9_24.1   59.41   56.32   54.70   56.10   59.38   58.38   58.76   78.02   78.36   75.59  100.00   99.81   99.83
    12: A0A4Q9MTJ7_93.9_97.3_95.5_53.2_94.6_33.0   63.26   60.21   58.65   60.08   59.38   61.91   62.55   80.37   80.75   80.49   99.81  100.00  100.00
    13: A0A4Q9Q1M3_93.4_96.9_95.3_45.7_88.2_25.0   59.41   56.32   54.70   56.10   59.38   58.55   58.93   78.19   78.53   75.42   99.83  100.00  100.00
