(
A0A1Y2C7R2:0.32875,
A0A507DK72:0.00054,
A0A507DQA3:0.01899);
