#
#
#  Percent Identity  Matrix - created by Clustal2.1 
#
#

     1: A0A5C2THX8  100.00  100.00   47.05   49.62   49.62   50.47   51.14   50.28   49.14   50.48   51.14   50.96   49.21   48.77   49.72   48.78   50.67   50.67   50.77   50.77   48.65   49.13   46.52   48.68   48.21   48.39   46.88   47.07   46.88   47.07   47.92   48.64   51.04   51.80   51.04   51.24   47.75
     2: A0A5C2SKJ7  100.00  100.00   47.05   49.62   49.62   50.47   51.14   50.28   49.14   50.48   51.14   50.96   49.21   48.77   49.72   48.78   50.67   50.67   50.77   50.77   48.65   49.13   46.52   48.68   48.21   48.39   46.88   47.07   46.88   47.07   47.92   48.64   51.04   51.80   51.04   51.24   47.75
     3: A0A165PTD5   47.05   47.05  100.00   51.48   51.67   51.57   53.02   51.85   51.97   52.28   52.76   52.95   49.49   51.47   50.49   50.98   50.39   50.39   50.29   50.29   49.71   50.39   50.88   53.22   51.03   49.69   48.68   48.88   50.10   50.59   50.88   50.10   52.14   53.11   53.91   52.64   49.80
     4: A0A5B1QIV3   49.62   49.62   51.48  100.00   84.35   83.61   68.76   68.59   59.62   59.85   59.62   60.08   57.59   55.95   59.40   57.65   57.20   57.20   56.74   56.74   57.20   57.79   57.97   57.14   53.15   52.63   50.68   50.87   53.38   52.35   53.66   55.28   55.41   57.28   57.79   59.24   51.48
     5: A0A4Y9YXJ6   49.62   49.62   51.67   84.35  100.00   95.60   66.99   65.74   56.07   59.01   55.07   57.53   51.28   52.43   54.47   55.71   51.75   51.75   52.98   52.98   53.44   53.00   54.91   53.79   50.00   51.41   48.04   48.23   50.25   49.57   50.68   55.96   53.82   57.86   55.09   54.47   53.05
     6: A0A5B1QHI6   50.47   50.47   51.57   83.61   95.60  100.00   71.09   68.70   60.53   60.04   59.59   60.04   56.67   56.01   58.12   57.04   56.85   56.85   55.93   55.93   56.10   56.79   58.13   57.28   54.04   51.20   49.71   49.90   53.64   52.71   53.83   56.15   56.79   59.77   59.74   60.61   52.75
     7: A0A4S4M4M9   51.14   51.14   53.02   68.76   66.99   71.09  100.00   74.47   56.73   61.14   56.40   58.82   50.59   51.50   54.62   57.32   52.24   52.24   53.75   53.75   55.09   53.56   53.86   54.64   51.24   55.40   52.04   52.23   52.28   52.81   51.53   56.49   54.55   56.88   54.40   53.72   54.30
     8: W4K1E2       50.28   50.28   51.85   68.59   65.74   68.70   74.47  100.00   55.06   58.93   56.37   59.49   49.48   50.67   53.09   54.92   52.26   52.26   52.79   52.79   53.06   52.03   53.61   54.39   51.33   55.40   52.33   52.51   51.69   50.17   51.27   55.92   54.56   56.23   53.73   53.76   54.30
     9: A0A067PB54   49.14   49.14   51.97   59.62   56.07   60.53   56.73   55.06  100.00   65.93   62.89   65.02   54.51   55.40   56.79   59.49   55.15   55.15   56.45   56.45   55.56   55.63   54.74   55.99   54.68   57.69   54.88   55.07   54.55   56.16   53.94   59.07   53.82   57.54   53.33   54.75   56.10
    10: S7RPY4       50.48   50.48   52.28   59.85   59.01   60.04   61.14   58.93   65.93  100.00   82.20   83.81   57.83   59.18   58.63   59.81   59.18   59.18   58.05   58.05   58.24   59.29   56.83   60.00   57.95   57.32   54.83   55.02   59.26   56.38   57.22   58.80   56.93   57.68   57.84   59.74   55.93
    11: A0A165SIH4   51.14   51.14   52.76   59.62   55.07   59.59   56.40   56.37   62.89   82.20  100.00   86.81   53.29   54.51   55.67   58.72   53.18   53.18   54.77   54.77   54.95   54.56   55.28   56.18   55.41   57.86   55.15   55.34   56.82   53.87   56.74   60.89   56.03   58.47   56.12   55.88   55.80
    12: A0A5C3NEF6   50.96   50.96   52.95   60.08   57.53   60.04   58.82   59.49   65.02   83.81   86.81  100.00   55.74   58.24   59.02   60.27   55.48   55.48   57.58   57.58   56.82   56.35   56.61   59.25   57.39   58.06   56.14   56.34   59.00   57.01   60.00   60.69   58.47   59.66   58.04   58.95   55.01
    13: A0A2G8RUP5   49.21   49.21   49.49   57.59   51.28   56.67   50.59   49.48   54.51   57.83   53.29   55.74  100.00   70.43   72.99   76.12   76.33   76.33   75.09   75.09   75.86   73.14   60.78   61.92   54.21   59.67   56.20   56.40   56.72   56.56   56.94   61.39   54.64   56.81   54.68   53.24   57.09
    14: A0A1M2VY12   48.77   48.77   51.47   55.95   52.43   56.01   51.50   50.67   55.40   59.18   54.51   58.24   70.43  100.00   76.40   79.96   71.55   71.22   72.74   72.74   73.08   71.12   61.95   63.48   58.07   61.97   57.43   57.62   61.14   58.91   58.35   63.34   55.71   57.04   55.27   55.65   58.51
    15: A0A060SHZ8   49.72   49.72   50.49   59.40   54.47   58.12   54.62   53.09   56.79   58.63   55.67   59.02   72.99   76.40  100.00   85.36   74.02   73.85   73.83   73.83   75.22   75.47   64.25   63.17   57.76   62.00   59.09   59.28   60.41   58.13   58.51   62.40   58.51   60.26   58.73   57.42   58.71
    16: A0A1Y2IZ75   48.78   48.78   50.98   57.65   55.71   57.04   57.32   54.92   59.49   59.81   58.72   60.27   76.12   79.96   85.36  100.00   77.64   77.46   76.52   76.52   77.96   78.82   65.95   65.42   61.80   62.32   58.98   59.17   63.75   60.18   61.40   63.22   60.58   59.19   59.20   58.23   57.93
    17: A0A4Q9P005   50.67   50.67   50.39   57.20   51.75   56.85   52.24   52.26   55.15   59.18   53.18   55.48   76.33   71.55   74.02   77.64  100.00   99.68   77.24   77.24   76.78   74.96   62.41   62.89   56.74   59.80   56.20   56.39   58.88   57.39   57.34   60.42   55.11   57.49   57.02   53.59   57.34
    18: A0A4Q9MW64   50.67   50.67   50.39   57.20   51.75   56.85   52.24   52.26   55.15   59.18   53.18   55.48   76.33   71.22   73.85   77.46   99.68  100.00   77.24   77.24   76.78   74.96   62.41   63.06   56.74   59.80   56.20   56.39   58.71   57.22   57.17   60.42   55.11   57.49   57.02   53.59   57.34
    19: A0A5C2SJM9   50.77   50.77   50.29   56.74   52.98   55.93   53.75   52.79   56.45   58.05   54.77   57.58   75.09   72.74   73.83   76.52   77.24   77.24  100.00  100.00   87.80   89.29   62.50   64.21   57.09   61.24   58.65   58.85   59.12   57.24   56.81   60.08   56.27   57.59   56.68   56.46   56.27
    20: A0A5C2TH24   50.77   50.77   50.29   56.74   52.98   55.93   53.75   52.79   56.45   58.05   54.77   57.58   75.09   72.74   73.83   76.52   77.24   77.24  100.00  100.00   87.80   89.29   62.50   64.21   57.09   61.24   58.65   58.85   59.12   57.24   56.81   60.08   56.27   57.59   56.68   56.46   56.27
    21: A0A5C3PV74   48.65   48.65   49.71   57.20   53.44   56.10   55.09   53.06   55.56   58.24   54.95   56.82   75.86   73.08   75.22   77.96   76.78   76.78   87.80   87.80  100.00   97.22   62.79   63.09   57.12   59.52   57.12   57.31   59.61   57.95   57.37   59.39   56.63   56.67   56.86   55.75   56.27
    22: A0A371DE74   49.13   49.13   50.39   57.79   53.00   56.79   53.56   52.03   55.63   59.29   54.56   56.35   73.14   71.12   75.47   78.82   74.96   74.96   89.29   89.29   97.22  100.00   62.67   62.98   57.07   60.56   57.39   57.58   59.15   57.29   56.38   59.81   56.56   56.96   56.57   54.98   56.97
    23: M2RKN3       46.52   46.52   50.88   57.97   54.91   58.13   53.86   53.61   54.74   56.83   55.28   56.61   60.78   61.95   64.25   65.95   62.41   62.41   62.50   62.50   62.79   62.67  100.00   78.45   58.83   62.48   58.61   58.80   61.36   59.97   60.95   64.89   54.27   56.64   55.83   55.65   58.59
    24: A0A8E2DLJ9   48.68   48.68   53.22   57.14   53.79   57.28   54.64   54.39   55.99   60.00   56.18   59.25   61.92   63.48   63.17   65.42   62.89   63.06   64.21   64.21   63.09   62.98   78.45  100.00   59.12   64.34   60.41   60.60   62.54   60.75   63.03   65.77   54.63   57.01   56.54   58.61   58.40
    25: A0A165FLA0   48.21   48.21   51.03   53.15   50.00   54.04   51.24   51.33   54.68   57.95   55.41   57.39   54.21   58.07   57.76   61.80   56.74   56.74   57.09   57.09   57.12   57.07   58.83   59.12  100.00   69.28   64.60   64.80   67.65   67.43   70.98   75.55   54.12   55.84   53.42   55.56   58.39
    26: B8NZF5       48.39   48.39   49.69   52.63   51.41   51.20   55.40   55.40   57.69   57.32   57.86   58.06   59.67   61.97   62.00   62.32   59.80   59.80   61.24   61.24   59.52   60.56   62.48   64.34   69.28  100.00   99.80   99.60   72.46   74.80   70.00   70.65   54.71   54.60   57.03   60.48   58.95
    27: A0A1X6MU70   46.88   46.88   48.68   50.68   48.04   49.71   52.04   52.33   54.88   54.83   55.15   56.14   56.20   57.43   59.09   58.98   56.20   56.20   58.65   58.65   57.12   57.39   58.61   60.41   64.60   99.80  100.00   99.63   67.77   69.61   65.74   69.17   53.20   52.79   55.11   57.36   58.78
    28: A0A8H7P5Y0   47.07   47.07   48.88   50.87   48.23   49.90   52.23   52.51   55.07   55.02   55.34   56.34   56.40   57.62   59.28   59.17   56.39   56.39   58.85   58.85   57.31   57.58   58.80   60.60   64.80   99.60   99.63  100.00   67.96   69.80   65.93   69.37   53.40   52.99   55.30   57.74   58.97
    29: A0A2H3IXS9   46.88   46.88   50.10   53.38   50.25   53.64   52.28   51.69   54.55   59.26   56.82   59.00   56.72   61.14   60.41   63.75   58.88   58.71   59.12   59.12   59.61   59.15   61.36   62.54   67.65   72.46   67.77   67.96  100.00   66.33   67.83   73.18   53.12   56.19   55.11   58.15   58.24
    30: J4H1E4       47.07   47.07   50.59   52.35   49.57   52.71   52.81   50.17   56.16   56.38   53.87   57.01   56.56   58.91   58.13   60.18   57.39   57.22   57.24   57.24   57.95   57.29   59.97   60.75   67.43   74.80   69.61   69.80   66.33  100.00   70.71   76.44   53.12   56.38   54.51   56.82   57.17
    31: A0A4Y9Z4C1   47.92   47.92   50.88   53.66   50.68   53.83   51.53   51.27   53.94   57.22   56.74   60.00   56.94   58.35   58.51   61.40   57.34   57.17   56.81   56.81   57.37   56.38   60.95   63.03   70.98   70.00   65.74   65.93   67.83   70.71  100.00   89.10   53.48   55.84   53.53   57.24   57.65
    32: A0A165MKI5   48.64   48.64   50.10   55.28   55.96   56.15   56.49   55.92   59.07   58.80   60.89   60.69   61.39   63.34   62.40   63.22   60.42   60.42   60.08   60.08   59.39   59.81   64.89   65.77   75.55   70.65   69.17   69.37   73.18   76.44   89.10  100.00   56.13   57.36   57.50   61.27   59.09
    33: A0A8K0UTT9   51.04   51.04   52.14   55.41   53.82   56.79   54.55   54.56   53.82   56.93   56.03   58.47   54.64   55.71   58.51   60.58   55.11   55.11   56.27   56.27   56.63   56.56   54.27   54.63   54.12   54.71   53.20   53.40   53.12   53.12   53.48   56.13  100.00   75.65   74.22   58.33   55.17
    34: A0A4R0RKS2   51.80   51.80   53.11   57.28   57.86   59.77   56.88   56.23   57.54   57.68   58.47   59.66   56.81   57.04   60.26   59.19   57.49   57.49   57.59   57.59   56.67   56.96   56.64   57.01   55.84   54.60   52.79   52.99   56.19   56.38   55.84   57.36   75.65  100.00   79.01   61.18   54.58
    35: A0A4S4N837   51.04   51.04   53.91   57.79   55.09   59.74   54.40   53.73   53.33   57.84   56.12   58.04   54.68   55.27   58.73   59.20   57.02   57.02   56.68   56.68   56.86   56.57   55.83   56.54   53.42   57.03   55.11   55.30   55.11   54.51   53.53   57.50   74.22   79.01  100.00   58.53   56.14
    36: A0A2R6NE66   51.24   51.24   52.64   59.24   54.47   60.61   53.72   53.76   54.75   59.74   55.88   58.95   53.24   55.65   57.42   58.23   53.59   53.59   56.46   56.46   55.75   54.98   55.65   58.61   55.56   60.48   57.36   57.74   58.15   56.82   57.24   61.27   58.33   61.18   58.53  100.00   62.04
    37: A0A0C3PDW9   47.75   47.75   49.80   51.48   53.05   52.75   54.30   54.30   56.10   55.93   55.80   55.01   57.09   58.51   58.71   57.93   57.34   57.34   56.27   56.27   56.27   56.97   58.59   58.40   58.39   58.95   58.78   58.97   58.24   57.17   57.65   59.09   55.17   54.58   56.14   62.04  100.00
