(
A0A7M7STT1_76.7_81.8_80.1_25.9_76.4_20.6:0.02257,
A0A7M7HE08_79.2_82.8_79.7_32.6_75.2_20.0:0.00385,
A0A7M7N3C3_79.9_82.8_82.8_25.5_78.9_19.9:-0.00216);
