#
#
#  Percent Identity  Matrix - created by Clustal2.1 
#
#

     1: A0A8S9ZV75  100.00   85.50   86.87   86.39   86.73   50.00   56.34   58.85   61.82   59.73   57.53   58.59   61.68   58.68   58.68   60.47   56.61   58.40   61.10   59.77   62.14   61.00   61.71   59.55   60.37   56.56   56.65   60.00   57.53   59.16   60.23   56.54   55.07   54.94   55.07   55.74   55.57   55.31   55.56   55.24   54.96   55.41   55.41   55.41   55.96   56.22   56.22   56.02   55.85   56.61   59.92   57.70
     2: A0A1I8C1G8   85.50  100.00   93.52   93.62   93.21   51.60   58.64   60.65   64.19   61.25   57.25   59.64   63.08   60.21   60.21   62.63   58.42   60.59   63.32   61.27   63.94   62.65   63.41   61.71   61.95   58.93   59.16   62.80   60.58   61.76   62.39   59.78   55.06   56.77   56.89   57.18   57.33   56.81   57.16   56.74   56.64   57.04   57.04   57.04   57.10   57.16   57.16   57.66   57.70   57.50   60.74   58.59
     3: A0A6V7VXD1   86.87   93.52  100.00   97.78   98.06   51.83   57.99   59.85   63.07   61.19   57.33   59.73   63.08   60.29   60.29   62.57   58.36   60.89   63.56   61.51   64.04   62.74   63.21   62.39   61.90   58.87   58.96   62.43   60.06   61.56   62.34   60.39   54.84   56.41   56.09   56.98   56.83   56.60   56.66   56.39   56.29   56.68   56.68   56.68   57.34   56.80   56.80   57.29   57.21   57.00   60.42   58.38
     4: A0A914KTL4   86.39   93.62   97.78  100.00   98.20   51.11   58.30   59.69   63.16   60.76   57.33   59.53   63.03   60.12   60.12   62.50   58.25   61.04   63.43   61.39   63.77   62.97   63.17   62.11   61.64   59.13   59.19   63.06   60.77   61.41   62.72   60.37   54.02   56.77   56.44   57.36   57.21   56.97   57.06   56.75   56.64   57.06   57.06   57.06   57.66   57.28   57.28   58.64   57.75   57.38   60.99   58.80
     5: A0A6V7UW19   86.73   93.21   98.06   98.20  100.00   51.35   58.21   59.75   63.38   60.97   57.43   59.60   63.09   60.18   60.18   62.56   58.06   60.71   63.33   61.45   63.98   63.03   63.22   62.06   61.70   59.34   59.25   62.97   60.68   61.32   62.63   60.51   54.17   56.84   56.57   57.49   57.34   57.10   57.19   56.88   56.77   57.19   57.19   57.19   57.79   57.41   57.25   58.62   57.73   57.52   60.95   58.77
     6: A0A2A6BQB7   50.00   51.60   51.83   51.11   51.35  100.00   50.85   52.06   54.59   53.20   47.57   50.00   53.45   50.69   50.69   53.14   51.72   53.13   54.35   53.11   52.75   53.51   53.21   53.08   52.60   53.34   54.66   53.41   52.62   53.08   53.93   52.16   53.43   55.08   57.59   56.97   56.81   56.57   56.81   56.50   56.35   56.50   56.50   56.50   54.23   54.90   54.90   54.80   54.64   55.11   56.56   55.42
     7: A0A1I8CNJ6   56.34   58.64   57.99   58.30   58.21   50.85  100.00   62.84   66.77   64.02   60.75   62.35   65.86   63.34   63.34   64.74   61.76   64.65   65.44   64.42   66.22   64.90   65.68   64.20   64.20   62.10   61.90   66.07   67.30   67.64   67.49   65.14   58.19   58.53   59.04   59.19   58.73   58.65   58.56   58.73   58.47   58.73   58.73   58.73   58.99   59.24   59.24   60.54   60.81   58.89   61.58   60.54
     8: A0A0N5B0X1   58.85   60.65   59.85   59.69   59.75   52.06   62.84  100.00   72.17   68.85   64.22   67.01   70.99   68.09   68.09   69.34   66.06   69.93   69.58   68.37   68.80   70.06   69.83   69.55   69.83   61.64   62.33   66.26   67.11   68.93   68.92   65.14   57.87   57.33   58.57   59.02   58.87   58.33   58.69   58.57   58.72   58.72   58.72   58.72   59.48   60.63   60.63   60.36   60.84   61.14   62.62   61.70
     9: A0A158Q6I8   61.82   64.19   63.07   63.16   63.38   54.59   66.77   72.17  100.00   75.00   71.95   73.84   78.82   74.89   74.89   76.60   72.54   76.71   76.06   74.81   76.18   75.64   76.48   75.87   76.02   64.86   65.43   71.32   69.91   72.02   71.93   68.94   61.48   62.94   63.79   64.41   63.94   63.54   64.06   63.94   63.94   63.94   63.94   63.94   64.63   62.62   62.62   65.02   65.28   63.89   66.16   64.00
    10: A0A0N5CJS8   59.73   61.25   61.19   60.76   60.97   53.20   64.02   68.85   75.00  100.00   77.38   80.32   83.31   81.24   81.24   83.52   79.45   83.50   84.29   82.26   82.95   82.74   84.98   85.57   83.98   64.17   64.66   68.96   67.10   68.21   69.86   67.76   58.95   59.73   60.24   61.13   60.68   60.24   60.83   60.39   60.09   60.09   60.09   60.09   60.73   59.94   59.94   62.50   62.05   60.71   64.10   61.90
    11: A0A0R3QQN2   57.53   57.25   57.33   57.33   57.43   47.57   60.75   64.22   71.95   77.38  100.00   95.54   99.22   96.07   96.07   84.56   79.77   85.11   82.97   84.23   83.87   86.20   85.46   87.05   86.54   59.78   60.89   64.14   61.83   63.32   64.77   60.77   54.46   57.84   58.19   58.76   58.19   58.27   58.57   58.38   58.19   58.19   58.19   58.19   57.20   57.69   57.69   59.43   59.81   57.92   62.81   59.06
    12: A0A0N4TPY8   58.59   59.64   59.73   59.53   59.60   50.00   62.35   67.01   73.84   80.32   95.54  100.00   99.68   99.56   99.56   86.30   82.51   86.44   86.01   86.90   87.03   88.21   88.05   89.46   88.78   61.26   62.01   66.92   63.95   66.72   67.51   64.72   57.10   58.13   59.33   59.64   59.18   59.24   59.48   59.48   59.18   59.18   59.18   59.18   58.71   58.63   58.63   60.94   60.79   59.27   64.60   60.18
    13: A0A7I4NNC0   61.68   63.08   63.08   63.03   63.09   53.45   65.86   70.99   78.82   83.31   99.22   99.68  100.00  100.00  100.00   89.61   85.88   90.08   88.82   89.47   90.08   90.41   90.55   92.86   91.34   65.21   66.02   71.57   68.32   71.38   72.23   70.02   61.26   61.99   63.88   64.20   63.71   63.61   64.04   63.88   63.71   63.71   63.71   63.71   63.27   63.14   63.14   65.62   65.13   63.65   64.64   64.64
    14: A0A0K0JQL8   58.68   60.21   60.29   60.12   60.18   50.69   63.34   68.09   74.89   81.24   96.07   99.56  100.00  100.00  100.00   87.16   83.77   87.73   87.01   88.04   87.88   89.05   89.18   90.80   89.75   62.11   62.85   67.87   65.05   67.79   68.58   65.95   57.72   58.27   59.91   60.21   59.76   59.67   60.06   60.06   59.76   59.76   59.76   59.76   59.30   59.37   59.37   61.50   61.35   60.00   64.64   60.75
    15: A0A4E9FDN8   58.68   60.21   60.29   60.12   60.18   50.69   63.34   68.09   74.89   81.24   96.07   99.56  100.00  100.00  100.00   87.16   83.77   87.73   87.01   88.04   87.88   89.05   89.18   90.80   89.75   62.11   62.85   67.87   65.05   67.79   68.58   65.95   57.72   58.27   59.91   60.21   59.76   59.67   60.06   60.06   59.76   59.76   59.76   59.76   59.30   59.37   59.37   61.50   61.35   60.00   64.64   60.75
    16: A0A238BY54   60.47   62.63   62.57   62.50   62.56   53.14   64.74   69.34   76.60   83.52   84.56   86.30   89.61   87.16   87.16  100.00   89.04   94.12   88.83   87.27   87.54   87.41   89.40   90.36   89.83   62.98   63.13   69.27   66.33   68.76   69.68   66.72   58.98   59.76   60.66   61.40   60.95   60.71   61.10   61.40   60.95   60.95   60.95   60.95   60.51   60.87   60.87   62.54   62.54   61.64   64.31   61.94
    17: A0A182DWP8   56.61   58.42   58.36   58.25   58.06   51.72   61.76   66.06   72.54   79.45   79.77   82.51   85.88   83.77   83.77   89.04  100.00   93.54   84.63   83.43   83.26   84.35   85.08   90.38   85.39   60.03   60.50   66.03   63.78   66.36   66.72   67.45   54.78   55.30   56.27   56.90   56.58   56.65   57.05   57.21   56.74   56.74   56.74   56.74   57.37   57.57   57.57   57.61   58.87   57.77   60.35   57.93
    18: A0A8R1Y1R6   58.40   60.59   60.89   61.04   60.71   53.13   64.65   69.93   76.71   83.50   85.11   86.44   90.08   87.73   87.73   94.12   93.54  100.00   88.24   86.84   87.80   87.68   89.24   90.21   89.53   62.68   63.27   68.24   65.38   68.21   68.29   66.45   58.89   59.32   60.42   61.01   60.57   60.48   60.86   61.01   60.30   60.57   60.57   60.57   60.90   61.23   61.23   62.00   62.41   61.66   65.02   62.44
    19: A0A915PZT2   61.10   63.32   63.56   63.43   63.33   54.35   65.44   69.58   76.06   84.29   82.97   86.01   88.82   87.01   87.01   88.83   84.63   88.24  100.00   87.27   87.98   88.73   90.56   91.22   89.27   65.24   65.00   70.25   67.88   70.45   71.22   68.69   58.80   60.03   61.07   61.52   61.37   61.57   61.96   61.52   61.52   61.52   61.52   61.52   61.72   61.29   61.29   62.20   63.10   62.50   65.41   62.80
    20: A0A3P6SV13   59.77   61.27   61.51   61.39   61.45   53.11   64.42   68.37   74.81   82.26   84.23   86.90   89.47   88.04   88.04   87.27   83.43   86.84   87.27  100.00   89.99   89.43   90.84   90.72   89.41   63.65   63.65   69.19   67.10   68.83   70.13   68.02   58.04   59.09   60.41   61.15   60.71   60.47   61.00   60.71   60.62   60.71   60.71   60.71   60.72   60.33   60.33   61.83   61.30   61.74   63.36   61.39
    21: A0A8J2M0F1   62.14   63.94   64.04   63.77   63.98   52.75   66.22   68.80   76.18   82.95   83.87   87.03   90.08   87.88   87.88   87.54   83.26   87.80   87.98   89.99  100.00   89.99   91.40   91.22   90.26   64.90   65.19   70.01   67.78   70.22   70.12   67.70   59.51   59.53   60.86   61.90   61.46   61.22   61.76   61.31   61.46   61.46   61.46   61.46   61.03   61.98   61.98   62.89   63.64   63.04   65.85   63.34
    22: A0A0R3RWW9   61.00   62.65   62.74   62.97   63.03   53.51   64.90   70.06   75.64   82.74   86.20   88.21   90.41   89.05   89.05   87.41   84.35   87.68   88.73   89.43   89.99  100.00   91.57   91.07   90.29   64.41   64.32   69.85   67.20   69.48   70.68   67.92   58.55   59.79   60.53   61.28   60.83   61.04   61.28   60.98   60.98   60.98   60.98   60.98   60.27   60.75   60.75   62.26   62.26   61.66   64.48   61.96
    23: A0A498S9M1   61.71   63.41   63.21   63.17   63.22   53.21   65.68   69.83   76.48   84.98   85.46   88.05   90.55   89.18   89.18   89.40   85.08   89.24   90.56   90.84   91.40   91.57  100.00   93.13   92.29   64.75   64.65   70.21   67.83   70.70   70.74   68.09   59.35   59.08   60.86   61.76   61.31   61.07   61.61   61.31   61.31   61.31   61.31   61.31   60.57   61.23   61.23   62.59   63.04   62.15   65.02   62.74
    24: A0A1I7VT15   59.55   61.71   62.39   62.11   62.06   53.08   64.20   69.55   75.87   85.57   87.05   89.46   92.86   90.80   90.80   90.36   90.38   90.21   91.22   90.72   91.22   91.07   93.13  100.00   99.83   65.15   65.67   70.24   67.66   70.75   70.73   70.73   57.56   58.48   58.76   59.65   59.29   59.47   59.82   59.47   59.47   59.47   59.47   59.47   59.57   59.68   59.68   60.14   61.31   60.78   63.29   60.60
    25: A0A1S0U0W1   60.37   61.95   61.90   61.64   61.70   52.60   64.20   69.83   76.02   83.98   86.54   88.78   91.34   89.75   89.75   89.83   85.39   89.53   89.27   89.41   90.26   90.29   92.29   99.83  100.00   64.60   64.95   69.16   66.81   69.68   70.01   67.27   58.89   59.08   60.12   60.86   60.42   60.18   60.71   60.42   60.42   60.42   60.42   60.42   61.03   60.63   60.63   61.70   63.34   62.15   64.86   62.59
    26: A0A811KL38   56.56   58.93   58.87   59.13   59.34   53.34   62.10   61.64   64.86   64.17   59.78   61.26   65.21   62.11   62.11   62.98   60.03   62.68   65.24   63.65   64.90   64.41   64.75   65.15   64.60  100.00   90.91   66.86   66.33   67.10   67.34   63.96   55.68   59.97   61.83   61.68   61.38   61.43   61.58   61.23   60.66   61.38   61.38   61.23   61.53   59.76   59.76   61.45   61.31   60.60   62.98   61.60
    27: A0A1I7S025   56.65   59.16   58.96   59.19   59.25   54.66   61.90   62.33   65.43   64.66   60.89   62.01   66.02   62.85   62.85   63.13   60.50   63.27   65.00   63.65   65.19   64.32   64.65   65.67   64.95   90.91  100.00   66.52   66.00   66.57   67.58   64.17   56.45   60.12   62.28   61.98   61.68   61.43   61.83   61.68   61.10   61.83   61.83   61.68   61.07   61.06   61.06   62.14   61.76   61.95   64.07   62.90
    28: A0A915D4H3   60.00   62.80   62.43   63.06   62.97   53.41   66.07   66.26   71.32   68.96   64.14   66.92   71.57   67.87   67.87   69.27   66.03   68.24   70.25   69.19   70.01   69.85   70.21   70.24   69.16   66.86   66.52  100.00   70.83   72.82   73.63   69.87   56.76   59.70   61.21   61.67   61.36   61.57   61.48   61.67   61.24   61.67   61.67   61.67   61.76   62.23   62.08   62.93   61.20   60.88   64.26   62.01
    29: A0A7E4WBR8   57.53   60.58   60.06   60.77   60.68   52.62   67.30   67.11   69.91   67.10   61.83   63.95   68.32   65.05   65.05   66.33   63.78   65.38   67.88   67.10   67.78   67.20   67.83   67.66   66.81   66.33   66.00   70.83  100.00   77.69   78.09   74.12   56.84   58.27   59.20   60.09   59.79   59.26   59.77   59.06   59.09   59.35   59.35   59.35   60.87   60.71   60.86   60.11   61.20   60.00   62.66   60.95
    30: A0A914J812   59.16   61.76   61.56   61.41   61.32   53.08   67.64   68.93   72.02   68.21   63.32   66.72   71.38   67.79   67.79   68.76   66.36   68.21   70.45   68.83   70.22   69.48   70.70   70.75   69.68   67.10   66.57   72.82   77.69  100.00   79.59   75.46   59.26   58.50   59.97   60.41   60.12   60.03   60.41   60.27   60.29   60.56   60.56   60.56   61.17   60.75   60.90   60.52   62.35   61.42   64.81   62.56
    31: A0A914Y0C8   60.23   62.39   62.34   62.72   62.63   53.93   67.49   68.92   71.93   69.86   64.77   67.51   72.23   68.58   68.58   69.68   66.72   68.29   71.22   70.13   70.12   70.68   70.74   70.73   70.01   67.34   67.58   73.63   78.09   79.59  100.00   91.01   58.15   60.26   60.86   61.74   61.30   60.77   60.97   61.15   61.18   61.45   61.45   61.45   62.03   60.77   60.77   60.62   61.61   61.89   64.45   62.68
    32: A0A914EZT8   56.54   59.78   60.39   60.37   60.51   52.16   65.14   65.14   68.94   67.76   60.77   64.72   70.02   65.95   65.95   66.72   67.45   66.45   68.69   68.02   67.70   67.92   68.09   70.73   67.27   63.96   64.17   69.87   74.12   75.46   91.01  100.00   55.75   57.12   57.54   58.20   57.87   57.38   57.52   57.87   58.03   58.03   58.03   58.03   58.35   57.10   56.93   56.34   57.83   57.99   59.67   58.20
    33: A0A915GC64   55.07   55.06   54.84   54.02   54.17   53.43   58.19   57.87   61.48   58.95   54.46   57.10   61.26   57.72   57.72   58.98   54.78   58.89   58.80   58.04   59.51   58.55   59.35   57.56   58.89   55.68   56.45   56.76   56.84   59.26   58.15   55.75  100.00   60.55   61.29   61.44   61.14   61.50   61.75   61.75   61.75   61.44   61.60   61.60   59.91   60.59   60.59   61.17   61.23   60.15   62.44   61.08
    34: A0A8S1ELT5   54.94   56.77   56.41   56.77   56.84   55.08   58.53   57.33   62.94   59.73   57.84   58.13   61.99   58.27   58.27   59.76   55.30   59.32   60.03   59.09   59.53   59.79   59.08   58.48   59.08   59.97   60.12   59.70   58.27   58.50   60.26   57.12   60.55  100.00   83.91   84.93   84.64   84.80   84.78   84.35   84.20   84.35   84.35   84.35   71.09   70.84   70.69   72.79   72.98   72.10   73.02   71.95
    35: Q9XWC5       55.07   56.89   56.09   56.44   56.57   57.59   59.04   58.57   63.79   60.24   58.19   59.33   63.88   59.91   59.91   60.66   56.27   60.42   61.07   60.41   60.86   60.53   60.86   58.76   60.12   61.83   62.28   61.21   59.20   59.97   60.86   57.54   61.29   83.91  100.00   95.22   95.36   94.93   94.93   94.78   94.20   94.20   94.35   94.49   72.69   70.46   70.61   73.75   73.05   73.93   74.11   73.64
    36: A8WJB0       55.74   57.18   56.98   57.36   57.49   56.97   59.19   59.02   64.41   61.13   58.76   59.64   64.20   60.21   60.21   61.40   56.90   61.01   61.52   61.15   61.90   61.28   61.76   59.65   60.86   61.68   61.98   61.67   60.09   60.41   61.74   58.20   61.44   84.93   95.22  100.00   99.42   96.96   97.54   96.67   96.96   96.96   97.10   97.25   73.73   70.75   70.90   74.04   73.64   73.78   74.60   73.64
    37: A0A2G5USH5   55.57   57.33   56.83   57.21   57.34   56.81   58.73   58.87   63.94   60.68   58.19   59.18   63.71   59.76   59.76   60.95   56.58   60.57   61.37   60.71   61.46   60.83   61.31   59.29   60.42   61.38   61.68   61.36   59.79   60.12   61.30   57.87   61.14   84.64   95.36   99.42  100.00   97.10   97.68   96.67   96.96   96.96   97.10   97.25   73.43   70.61   70.75   73.75   73.34   73.78   74.27   73.34
    38: A0A1I7TMK6   55.31   56.81   56.60   56.97   57.10   56.57   58.65   58.33   63.54   60.24   58.27   59.24   63.61   59.67   59.67   60.71   56.65   60.48   61.57   60.47   61.22   61.04   61.07   59.47   60.18   61.43   61.43   61.57   59.26   60.03   60.77   57.38   61.50   84.80   94.93   96.96   97.10  100.00   97.97   97.25   97.25   97.25   97.39   97.54   73.43   70.94   71.09   73.34   72.94   73.24   74.47   73.24
    39: G0MKS2       55.56   57.16   56.66   57.06   57.19   56.81   58.56   58.69   64.06   60.83   58.57   59.48   64.04   60.06   60.06   61.10   57.05   60.86   61.96   61.00   61.76   61.28   61.61   59.82   60.71   61.58   61.83   61.48   59.77   60.41   60.97   57.52   61.75   84.78   94.93   97.54   97.68   97.97  100.00   97.54   97.68   97.68   97.83   97.97   73.13   70.80   70.94   73.38   73.20   73.49   74.68   73.42
    40: A0A261BPM9   55.24   56.74   56.39   56.75   56.88   56.50   58.73   58.57   63.94   60.39   58.38   59.48   63.88   60.06   60.06   61.40   57.21   61.01   61.52   60.71   61.31   60.98   61.31   59.47   60.42   61.23   61.68   61.67   59.06   60.27   61.15   57.87   61.75   84.35   94.78   96.67   96.67   97.25   97.54  100.00   98.99   98.99   99.13   99.28   72.24   70.90   71.05   73.01   73.05   73.49   74.43   73.20
    41: A0A261A1T4   54.96   56.64   56.29   56.64   56.77   56.35   58.47   58.72   63.94   60.09   58.19   59.18   63.71   59.76   59.76   60.95   56.74   60.30   61.52   60.62   61.46   60.98   61.31   59.47   60.42   60.66   61.10   61.24   59.09   60.29   61.18   58.03   61.75   84.20   94.20   96.96   96.96   97.25   97.68   98.99  100.00   99.42   99.57   99.71   72.54   70.61   70.75   72.86   72.29   73.27   74.60   73.34
    42: E3LZ73       55.41   57.04   56.68   57.06   57.19   56.50   58.73   58.72   63.94   60.09   58.19   59.18   63.71   59.76   59.76   60.95   56.74   60.57   61.52   60.71   61.46   60.98   61.31   59.47   60.42   61.38   61.83   61.67   59.35   60.56   61.45   58.03   61.44   84.35   94.20   96.96   96.96   97.25   97.68   98.99   99.42  100.00   99.86   99.71   72.54   70.61   70.75   72.86   72.61   73.49   74.60   73.34
    43: A0A2P4VGU3   55.41   57.04   56.68   57.06   57.19   56.50   58.73   58.72   63.94   60.09   58.19   59.18   63.71   59.76   59.76   60.95   56.74   60.57   61.52   60.71   61.46   60.98   61.31   59.47   60.42   61.38   61.83   61.67   59.35   60.56   61.45   58.03   61.60   84.35   94.35   97.10   97.10   97.39   97.83   99.13   99.57   99.86  100.00   99.86   72.54   70.61   70.75   72.86   72.61   73.49   74.60   73.34
    44: A0A6A5H7A2   55.41   57.04   56.68   57.06   57.19   56.50   58.73   58.72   63.94   60.09   58.19   59.18   63.71   59.76   59.76   60.95   56.74   60.57   61.52   60.71   61.46   60.98   61.31   59.47   60.42   61.23   61.68   61.67   59.35   60.56   61.45   58.03   61.60   84.35   94.49   97.25   97.25   97.54   97.97   99.28   99.71   99.71   99.86  100.00   72.54   70.61   70.75   72.86   72.61   73.49   74.60   73.34
    45: A0A158PI08   55.96   57.10   57.34   57.66   57.79   54.23   58.99   59.48   64.63   60.73   57.20   58.71   63.27   59.30   59.30   60.51   57.37   60.90   61.72   60.72   61.03   60.27   60.57   59.57   61.03   61.53   61.07   61.76   60.87   61.17   62.03   58.35   59.91   71.09   72.69   73.73   73.43   73.43   73.13   72.24   72.54   72.54   72.54   72.54  100.00   76.95   76.95   80.75   81.31   80.18   80.13   79.43
    46: W6NBL1       56.22   57.16   56.80   57.28   57.41   54.90   59.24   60.63   62.62   59.94   57.69   58.63   63.14   59.37   59.37   60.87   57.57   61.23   61.29   60.33   61.98   60.75   61.23   59.68   60.63   59.76   61.06   62.23   60.71   60.75   60.77   57.10   60.59   70.84   70.46   70.75   70.61   70.94   70.80   70.90   70.61   70.61   70.61   70.61   76.95  100.00   99.27   82.65   80.74   79.12   81.42   79.74
    47: A0A7I4YCA4   56.22   57.16   56.80   57.28   57.25   54.90   59.24   60.63   62.62   59.94   57.69   58.63   63.14   59.37   59.37   60.87   57.57   61.23   61.29   60.33   61.98   60.75   61.23   59.68   60.63   59.76   61.06   62.08   60.86   60.90   60.77   56.93   60.59   70.69   70.61   70.90   70.75   71.09   70.94   71.05   70.75   70.75   70.75   70.75   76.95   99.27  100.00   82.65   80.88   79.26   81.58   80.03
    48: A0A0N4XXI6   56.02   57.66   57.29   58.64   58.62   54.80   60.54   60.36   65.02   62.50   59.43   60.94   65.62   61.50   61.50   62.54   57.61   62.00   62.20   61.83   62.89   62.26   62.59   60.14   61.70   61.45   62.14   62.93   60.11   60.52   60.62   56.34   61.17   72.79   73.75   74.04   73.75   73.34   73.38   73.01   72.86   72.86   72.86   72.86   80.75   82.65   82.65  100.00   85.04   84.16   85.07   84.67
    49: W2TD20       55.85   57.70   57.21   57.75   57.73   54.64   60.81   60.84   65.28   62.05   59.81   60.79   65.13   61.35   61.35   62.54   58.87   62.41   63.10   61.30   63.64   62.26   63.04   61.31   63.34   61.31   61.76   61.20   61.20   62.35   61.61   57.83   61.23   72.98   73.05   73.64   73.34   72.94   73.20   73.05   72.29   72.61   72.61   72.61   81.31   80.74   80.88   85.04  100.00   86.57   87.28   87.12
    50: A0A0B1TCF5   56.61   57.50   57.00   57.38   57.52   55.11   58.89   61.14   63.89   60.71   57.92   59.27   63.65   60.00   60.00   61.64   57.77   61.66   62.50   61.74   63.04   61.66   62.15   60.78   62.15   60.60   61.95   60.88   60.00   61.42   61.89   57.99   60.15   72.10   73.93   73.78   73.78   73.24   73.49   73.49   73.27   73.49   73.49   73.49   80.18   79.12   79.26   84.16   86.57  100.00   88.08   87.70
    51: A0A0D6LXR2   59.92   60.74   60.42   60.99   60.95   56.56   61.58   62.62   66.16   64.10   62.81   64.60   64.64   64.64   64.64   64.31   60.35   65.02   65.41   63.36   65.85   64.48   65.02   63.29   64.86   62.98   64.07   64.26   62.66   64.81   64.45   59.67   62.44   73.02   74.11   74.60   74.27   74.47   74.68   74.43   74.60   74.60   74.60   74.60   80.13   81.42   81.58   85.07   87.28   88.08  100.00   97.92
    52: A0A368GZF5   57.70   58.59   58.38   58.80   58.77   55.42   60.54   61.70   64.00   61.90   59.06   60.18   64.64   60.75   60.75   61.94   57.93   62.44   62.80   61.39   63.34   61.96   62.74   60.60   62.59   61.60   62.90   62.01   60.95   62.56   62.68   58.20   61.08   71.95   73.64   73.64   73.34   73.24   73.42   73.20   73.34   73.34   73.34   73.34   79.43   79.74   80.03   84.67   87.12   87.70   97.92  100.00
