(
A0A3D0PAB3_66.2_72.1_89.8_52.3_87.9_25.5:0.00000,
A5GS88_70.1_76.4_90.7_53.0_88.9_25.0:0.00000,
A0A3D5HZS3_67.9_73.9_90.4_52.2_88.5_25.1:0.00000);
