(
A0A4Y7TG94_85.1_94.6_94.4_54.0_89.4_21.6:0.33235,
A0A8H5FW03_-1_-1_-1_-1_-1_-1:0.13802,
A0A4S8LUE2_88.4_95.2_94.1_49.8_87.9_22.6:0.14693);
