(
A0A165Y6Q3:0.36839,
A0A5E3XKF7:0.13455,
A0A166C4K0:0.12173);
