(
A0A0A8L9C6_89.2_94.6_95.1_64.4_90.6_29.7:0.21996,
A0A5P2U832_91.1_94.8_94.8_62.9_92.0_37.8:0.02032,
Q6CN63_91.8_95.1_94.9_65.9_91.8_34.2:0.01502);
