#
#
#  Percent Identity  Matrix - created by Clustal2.1 
#
#

     1: A0A2L2SXF0  100.00   82.30   82.11   82.11   82.86   82.11   54.23   52.75   52.93   52.43   54.46   52.82   52.38   53.50   53.98   53.98   54.65   51.76   51.76   53.85   51.65   56.58   51.00   55.06   54.09   54.47   54.09   54.67   54.47   54.47   54.47   55.17   54.00   54.19   54.00   54.58   54.58   54.78   54.39   54.44   54.44   54.97   54.78   54.78   54.97   54.78   54.78   53.70   53.70   54.39   54.47   54.97   54.58   54.58   54.58   54.00   54.39   54.58   54.39   54.39   54.39   54.39   54.39   54.97   54.78   54.78   54.58   54.39   54.58   54.58   54.78   55.56   54.78   54.78   54.78   54.78   50.75   48.39   48.98   47.64   47.45   47.45   47.45
     2: A0A4U9F8Q0   82.30  100.00   99.82   99.82   92.20   92.02   55.67   57.27   57.49   57.79   58.74   57.12   54.30   56.12   56.57   56.20   57.06   55.43   55.43   56.30   55.66   61.33   54.24   57.40   56.67   57.40   56.86   57.22   57.22   57.22   57.22   57.88   56.96   56.78   56.96   57.51   57.33   57.51   57.51   57.22   57.04   57.69   57.69   57.69   57.88   57.69   57.69   56.49   56.12   57.51   56.67   57.69   57.51   57.51   57.51   56.96   57.14   57.69   58.06   58.06   58.06   57.51   57.51   58.06   57.88   57.88   57.69   57.51   57.69   57.69   57.88   58.60   57.69   57.69   57.69   57.69   55.62   50.89   53.71   51.25   51.07   51.07   51.07
     3: A0A2H3GD46   82.11   99.82  100.00  100.00   92.02   91.84   55.47   57.09   57.29   57.99   58.55   57.30   54.53   56.31   56.75   56.39   57.25   55.62   55.62   56.48   55.66   61.13   54.05   57.22   56.49   57.22   56.67   57.04   57.04   57.04   57.04   57.69   56.78   56.59   56.78   57.33   57.14   57.33   57.33   57.04   56.85   57.51   57.51   57.51   57.69   57.51   57.51   56.31   55.94   57.33   56.49   57.51   57.33   57.33   57.33   56.78   56.96   57.51   57.88   57.88   57.88   57.33   57.33   57.88   57.69   57.69   57.51   57.33   57.51   57.51   57.69   58.28   57.51   57.51   57.51   57.51   55.42   50.71   53.52   51.07   50.89   50.89   50.89
     4: I1RJF1       82.11   99.82  100.00  100.00   92.02   91.84   55.47   57.09   57.29   57.99   58.55   57.30   54.53   56.31   56.75   56.39   57.25   55.62   55.62   56.48   55.66   61.13   54.05   57.22   56.49   57.22   56.67   57.04   57.04   57.04   57.04   57.69   56.78   56.59   56.78   57.33   57.14   57.33   57.33   57.04   56.85   57.51   57.51   57.51   57.69   57.51   57.51   56.31   55.94   57.33   56.49   57.51   57.33   57.33   57.33   56.78   56.96   57.51   57.88   57.88   57.88   57.33   57.33   57.88   57.69   57.69   57.51   57.33   57.51   57.51   57.69   58.28   57.51   57.51   57.51   57.51   55.42   50.71   53.52   51.07   50.89   50.89   50.89
     5: K3VLV1       82.86   92.20   92.02   92.02  100.00   97.19   56.45   56.70   57.46   57.37   57.96   57.09   54.51   56.28   56.73   56.36   57.22   55.23   55.23   55.78   55.27   61.67   55.16   58.50   57.74   58.68   58.14   58.50   58.50   58.50   58.50   58.79   58.24   58.06   58.24   58.97   58.61   58.61   58.61   58.52   58.33   58.97   58.97   58.97   59.16   58.97   58.97   57.77   57.40   58.97   58.14   59.16   58.79   58.79   58.58   58.24   58.42   58.97   59.34   59.34   59.34   58.79   58.79   59.34   59.16   59.16   58.97   58.79   58.97   58.97   59.16   60.19   58.97   58.97   58.97   58.97   55.62   51.60   54.10   52.49   52.31   52.31   52.31
     6: A0A7S8DMI9   82.11   92.02   91.84   91.84   97.19  100.00   55.24   56.15   56.45   56.78   57.41   56.36   53.85   55.56   56.00   55.64   56.48   54.50   54.50   55.23   54.55   60.51   54.78   57.95   57.19   58.14   57.59   57.95   57.95   57.95   57.95   58.24   57.69   57.51   57.69   58.42   58.24   58.06   58.42   57.96   57.78   58.42   58.42   58.42   58.61   58.42   58.42   57.22   56.86   58.42   57.59   58.61   58.24   58.24   58.03   57.69   57.88   58.42   58.79   58.79   58.79   58.24   58.24   58.79   58.61   58.61   58.42   58.24   58.42   58.42   58.61   60.19   58.42   58.42   58.42   58.42   54.82   51.07   53.71   51.96   51.78   51.78   51.78
     7: A0A7C8MUF0   54.23   55.67   55.47   55.47   56.45   55.24  100.00   74.62   73.86   65.35   65.69   66.16   64.79   66.10   66.16   66.54   67.84   65.00   65.00   68.80   65.00   69.56   60.16   63.33   62.70   63.14   63.92   63.73   63.53   63.53   63.53   64.51   64.12   63.53   64.12   63.33   63.33   64.31   63.92   64.64   64.64   64.51   64.12   63.73   63.92   63.73   63.73   63.33   64.31   63.73   63.92   63.53   62.94   62.94   62.70   63.33   63.33   63.33   63.14   63.14   63.14   63.33   63.33   63.14   63.33   63.33   63.33   63.14   63.33   63.33   63.33   65.83   63.53   63.53   63.53   63.53   61.15   62.33   62.68   63.51   63.71   63.71   63.71
     8: A0A1V1SW52   52.75   57.27   57.09   57.09   56.70   56.15   74.62  100.00   93.95   64.29   62.28   64.24   62.99   62.96   63.02   63.54   64.77   61.58   61.58   64.78   64.39   68.58   59.16   60.82   60.61   61.00   61.18   61.00   61.18   61.18   61.18   62.08   61.72   61.18   61.72   61.54   61.00   62.25   62.08   62.03   62.03   62.25   62.08   61.72   61.90   61.72   61.72   61.18   61.36   62.25   61.90   61.90   61.36   61.36   61.14   61.72   61.90   61.72   61.54   61.54   61.54   61.72   61.72   61.54   61.72   61.54   61.90   61.72   61.72   61.90   61.72   63.64   61.54   61.54   61.54   61.54   58.96   61.33   61.79   61.87   61.87   61.87   61.87
     9: A0A439D699   52.93   57.49   57.29   57.29   57.46   56.45   73.86   93.95  100.00   65.01   62.38   63.57   61.95   62.74   62.43   63.00   64.33   61.80   61.80   64.15   63.72   68.92   57.95   60.00   59.77   60.20   60.59   60.20   60.39   60.39   60.39   61.57   61.37   60.59   60.78   60.59   60.20   61.76   61.37   61.69   61.69   61.57   61.37   60.98   61.18   60.98   60.98   60.20   60.78   60.98   60.98   60.98   60.39   60.39   60.16   60.78   60.98   60.78   60.78   60.78   60.78   60.98   60.98   60.59   60.78   60.59   60.98   60.78   60.78   60.98   60.78   63.01   60.59   60.59   60.59   60.59   58.06   60.95   61.43   61.54   61.34   61.34   61.34
    10: G9NTY8       52.43   57.79   57.99   57.99   57.37   56.78   65.35   64.29   65.01  100.00   76.65   74.77   70.27   74.81   74.58   74.95   75.75   74.49   74.49   75.19   67.29   68.22   59.06   61.86   62.19   62.05   62.43   62.81   62.62   62.62   62.62   62.55   62.17   62.17   62.17   62.36   62.55   63.12   63.12   62.50   62.50   63.12   62.93   63.12   63.31   63.12   63.12   61.86   62.24   61.98   62.62   62.93   62.55   62.55   62.31   62.55   62.36   62.74   62.74   62.74   62.74   62.55   62.55   62.55   62.74   62.55   62.74   62.55   62.74   62.74   62.74   60.06   62.74   62.74   62.74   62.74   61.39   61.90   62.58   62.28   62.28   62.28   62.28
    11: G9MV10       54.46   58.74   58.55   58.55   57.96   57.41   65.69   62.28   62.38   76.65  100.00   79.12   78.11   79.72   79.12   80.00   80.14   76.49   76.49   77.74   66.84   66.48   60.07   63.06   62.48   62.52   61.98   62.70   62.88   62.88   62.70   63.90   62.64   63.00   63.00   62.64   62.27   63.36   63.36   62.59   62.59   63.18   63.18   63.18   63.36   63.18   63.18   61.80   62.34   62.45   62.52   63.18   62.82   62.82   62.59   62.82   63.18   63.36   63.00   63.00   63.00   63.00   63.00   63.00   63.18   63.18   63.18   63.00   63.18   63.18   63.18   62.74   63.18   63.18   63.18   63.18   61.95   60.84   62.57   62.11   61.93   61.93   61.93
    12: A0A0G0A0F1   52.82   57.12   57.30   57.30   57.09   56.36   66.16   64.24   63.57   74.77   79.12  100.00   86.91   87.44   86.99   87.84   87.89   74.05   74.05   75.74   64.82   66.48   59.45   62.06   62.37   61.88   62.06   62.77   62.59   62.59   62.59   62.34   61.99   61.28   61.81   61.99   61.99   62.88   62.70   62.48   62.48   62.88   62.70   62.88   63.06   62.88   62.88   61.70   62.23   62.34   62.23   62.88   61.81   61.81   61.59   62.17   62.17   62.52   62.34   62.34   62.34   62.17   62.17   62.17   62.34   62.17   62.34   62.17   62.34   62.34   62.34   61.92   62.52   62.52   62.52   62.52   62.35   60.85   61.79   61.92   61.92   61.92   61.92
    13: A0A2K0T957   52.38   54.30   54.53   54.53   54.51   53.85   64.79   62.99   61.95   70.27   78.11   86.91  100.00   88.89   88.14   89.57   89.68   71.43   71.43   74.69   61.00   63.47   55.82   59.28   59.87   59.49   59.28   60.34   60.13   60.13   60.13   59.83   59.40   59.19   59.40   58.12   59.62   60.47   60.04   60.47   60.47   60.47   60.04   60.04   60.26   60.04   60.04   59.49   59.91   59.40   60.13   60.26   58.97   58.97   58.72   59.62   59.83   59.83   58.97   58.97   58.97   59.62   59.62   59.40   59.62   59.62   59.62   59.40   59.62   59.62   59.62   62.23   59.62   59.62   59.62   59.62   59.95   57.82   60.46   60.17   60.17   60.17   60.17
    14: A0A8G0LI99   53.50   56.12   56.31   56.31   56.28   55.56   66.10   62.96   62.74   74.81   79.72   87.44   88.89  100.00   94.15   93.63   93.83   75.30   75.30   76.32   65.68   67.18   59.74   62.88   63.01   62.70   62.52   63.06   63.41   63.41   63.59   62.99   62.46   62.28   62.46   62.10   62.46   63.35   63.17   63.13   63.13   63.52   63.17   63.35   63.52   63.35   63.35   62.34   62.52   62.63   62.88   63.35   62.28   62.28   62.06   62.63   62.81   62.81   62.28   62.28   62.28   62.63   62.63   62.81   62.81   62.81   62.81   62.63   62.81   62.81   62.81   63.16   62.99   62.99   62.99   62.99   62.87   60.78   62.48   61.85   61.68   61.68   61.68
    15: A0A1T3CJL5   53.98   56.57   56.75   56.75   56.73   56.00   66.16   63.02   62.43   74.58   79.12   86.99   88.14   94.15  100.00   95.03   95.26   74.74   74.74   75.57   65.34   67.24   59.45   62.23   62.19   61.70   61.70   62.23   62.41   62.41   62.59   62.17   61.63   61.63   61.63   61.81   61.99   62.52   62.34   62.30   62.30   62.70   62.34   62.52   62.70   62.52   62.52   61.70   61.88   62.17   62.23   62.70   61.63   61.63   61.42   61.81   62.17   62.17   61.63   61.63   61.63   61.81   61.81   62.17   62.17   62.17   61.99   61.81   62.17   61.99   62.17   61.92   62.34   62.34   62.34   62.34   62.75   60.50   61.98   61.57   61.57   61.57   61.57
    16: A0A2T3ZV96   53.98   56.20   56.39   56.39   56.36   55.64   66.54   63.54   63.00   74.95   80.00   87.84   89.57   93.63   95.03  100.00   99.82   74.74   74.74   76.44   66.90   67.82   60.36   63.12   63.07   62.77   62.77   63.30   63.48   63.48   63.65   63.41   62.88   62.88   62.88   62.88   62.70   63.59   63.41   63.20   63.20   63.77   63.41   63.59   63.77   63.59   63.59   62.59   62.77   63.23   63.12   63.59   62.52   62.52   62.30   62.88   63.06   63.06   62.52   62.52   62.52   62.88   62.88   62.88   63.06   63.06   63.06   62.88   63.06   63.06   63.06   62.85   63.23   63.23   63.23   63.23   62.35   60.50   60.84   61.03   61.03   61.03   61.03
    17: A0A2N1LIB8   54.65   57.06   57.25   57.25   57.22   56.48   67.84   64.77   64.33   75.75   80.14   87.89   89.68   93.83   95.26   99.82  100.00   75.44   75.44   77.21   67.72   67.82   61.37   64.14   63.91   63.60   63.60   64.14   64.32   64.32   64.50   64.44   63.90   63.90   63.90   63.72   63.72   64.62   64.44   64.23   64.23   64.80   64.44   64.62   64.80   64.62   64.62   63.60   63.78   64.26   64.14   64.44   63.54   63.54   63.31   63.90   64.08   64.08   63.54   63.54   63.54   63.90   63.90   63.90   64.08   64.08   64.08   63.90   64.08   64.08   64.08   64.65   64.26   64.26   64.26   64.26   62.35   61.38   61.99   62.11   62.11   62.11   62.11
    18: A0A024S275   51.76   55.43   55.62   55.62   55.23   54.50   65.00   61.58   61.80   74.49   76.49   74.05   71.43   75.30   74.74   74.74   75.44  100.00  100.00   79.23   66.32   64.18   57.51   60.00   60.14   60.18   59.64   60.36   60.36   60.36   60.36   60.64   60.11   60.64   60.29   60.11   59.93   60.64   60.47   60.22   60.22   60.64   60.64   60.64   60.82   60.64   60.64   59.64   60.00   60.29   60.18   60.82   60.47   60.47   60.43   60.47   60.47   60.82   60.47   60.47   60.47   60.64   60.64   60.82   60.82   60.64   60.82   60.64   60.82   60.82   60.82   61.13   60.64   60.64   60.64   60.64   61.86   58.93   60.88   59.46   59.46   59.46   59.46
    19: G0RRB3       51.76   55.43   55.62   55.62   55.23   54.50   65.00   61.58   61.80   74.49   76.49   74.05   71.43   75.30   74.74   74.74   75.44  100.00  100.00   79.23   66.32   64.18   57.51   60.00   60.14   60.18   59.64   60.36   60.36   60.36   60.36   60.64   60.11   60.64   60.29   60.11   59.93   60.64   60.47   60.22   60.22   60.64   60.64   60.64   60.82   60.64   60.64   59.64   60.00   60.29   60.18   60.82   60.47   60.47   60.43   60.47   60.47   60.82   60.47   60.47   60.47   60.64   60.64   60.82   60.82   60.64   60.82   60.64   60.82   60.82   60.82   61.13   60.64   60.64   60.64   60.64   61.86   58.93   60.88   59.46   59.46   59.46   59.46
    20: A0A2T4B087   53.85   56.30   56.48   56.48   55.78   55.23   68.80   64.78   64.15   75.19   77.74   75.74   74.69   76.32   75.57   76.44   77.21   79.23   79.23  100.00   67.61   68.98   61.99   64.57   64.34   64.39   64.57   64.75   64.93   64.93   64.75   64.68   64.14   64.32   63.96   64.86   64.50   65.05   64.86   64.66   64.66   65.05   65.05   65.05   65.23   65.05   65.05   63.85   64.39   64.32   64.57   65.23   64.50   64.50   64.27   64.86   64.68   65.05   64.50   64.50   64.50   64.86   64.86   64.86   65.05   64.86   65.05   64.86   65.05   65.05   65.05   64.47   65.23   65.23   65.23   65.23   63.93   61.30   61.70   61.48   61.48   61.48   61.48
    21: A0A507B5M1   51.65   55.66   55.66   55.66   55.27   54.55   65.00   64.39   63.72   67.29   66.84   64.82   61.00   65.68   65.34   66.90   67.72   66.32   66.32   67.61  100.00   68.97   60.94   62.96   62.92   63.14   62.61   63.14   63.14   63.14   63.32   62.72   62.54   62.90   62.72   63.43   63.43   63.60   63.43   63.21   63.21   63.78   63.60   63.60   63.78   63.60   63.43   62.96   62.61   63.60   63.14   63.96   63.25   63.25   63.03   62.90   63.07   63.25   63.25   63.25   63.25   63.43   63.43   63.43   63.60   63.60   63.43   63.25   63.43   63.43   63.60   58.90   63.60   63.60   63.60   63.60   59.84   61.22   61.69   61.58   61.94   61.94   61.94
    22: A0A8H4NY76   56.58   61.33   61.13   61.13   61.67   60.51   69.56   68.58   68.92   68.22   66.48   66.48   63.47   67.18   67.24   67.82   67.82   64.18   64.18   68.98   68.97  100.00   68.44   71.54   72.22   71.35   71.92   71.92   72.12   72.12   71.92   71.15   70.77   70.77   70.96   71.15   71.92   72.31   71.54   71.21   71.21   71.73   71.92   71.73   71.73   71.73   71.73   71.92   71.92   72.50   72.50   72.31   71.73   71.73   71.46   71.35   71.54   72.12   71.54   71.54   71.54   71.73   71.73   71.92   72.12   72.12   71.73   71.54   71.92   71.73   72.12   71.43   72.12   72.12   72.12   72.12   61.60   62.24   62.68   63.39   63.39   63.39   63.39
    23: A0A8J5Q221   51.00   54.24   54.05   54.05   55.16   54.78   60.16   59.16   57.95   59.06   60.07   59.45   55.82   59.74   59.45   60.36   61.37   57.51   57.51   61.99   60.94   68.44  100.00   90.24   89.37   91.32   90.24   90.42   90.42   90.42   90.78   90.24   89.87   88.61   89.87   90.05   90.58   89.49   90.22   90.29   89.93   90.40   90.40   90.76   90.58   90.58   90.40   90.24   89.87   90.05   91.50   92.04   94.03   94.03   93.69   93.85   93.85   93.85   94.21   94.21   94.21   94.21   94.21   94.58   94.76   94.94   94.21   94.21   94.39   94.21   94.21   90.73   94.03   94.03   94.21   94.21   53.78   54.17   53.86   53.80   53.80   53.80   53.80
    24: A0A8H5IWP5   55.06   57.40   57.22   57.22   58.50   57.95   63.33   60.82   60.00   61.86   63.06   62.06   59.28   62.88   62.23   63.12   64.14   60.00   60.00   64.57   62.96   71.54   90.24  100.00   94.02   95.43   94.55   94.73   94.38   94.38   94.90   94.54   94.37   94.19   94.72   92.96   95.07   94.54   94.19   94.66   94.48   94.72   94.72   95.07   95.07   94.89   94.72   94.38   94.38   94.19   95.25   95.07   94.72   94.72   94.72   94.19   94.89   95.25   95.25   95.25   95.25   94.89   94.89   95.25   95.42   95.42   94.89   94.89   95.07   94.89   94.89   95.73   95.07   95.07   95.25   95.25   57.14   57.30   57.50   56.94   56.94   56.94   56.94
    25: A0A8H5IQB6   54.09   56.67   56.49   56.49   57.74   57.19   62.70   60.61   59.77   62.19   62.48   62.37   59.87   63.01   62.19   63.07   63.91   60.14   60.14   64.34   62.92   72.22   89.37   94.02  100.00   95.43   96.13   97.01   97.19   97.19   97.01   92.96   92.96   92.78   93.49   92.43   94.89   93.84   93.49   93.95   93.77   94.01   93.84   94.37   94.54   94.54   94.37   95.08   95.25   93.13   95.08   95.42   94.01   94.01   94.04   93.49   93.84   94.72   94.19   94.19   94.19   94.19   94.19   94.54   94.72   94.54   94.19   94.19   94.37   94.37   94.37   94.82   94.37   94.37   94.54   94.54   57.14   57.12   57.50   56.76   56.76   56.76   56.76
    26: A0A8H5UTS8   54.47   57.40   57.22   57.22   58.68   58.14   63.14   61.00   60.20   62.05   62.52   61.88   59.49   62.70   61.70   62.77   63.60   60.18   60.18   64.39   63.14   71.35   91.32   95.43   95.43  100.00   96.31   96.84   96.13   96.13   96.84   94.72   95.25   94.89   95.42   94.72   96.13   95.77   95.42   95.91   95.55   95.95   95.95   96.30   96.48   96.30   96.13   96.13   95.78   95.60   96.13   96.48   95.77   95.77   95.77   95.42   95.60   96.30   96.30   96.30   96.30   96.13   96.13   96.30   96.48   96.30   96.13   96.13   96.13   96.13   95.95   96.34   95.77   95.77   95.95   95.95   57.14   56.94   57.50   56.76   56.76   56.76   56.76
    27: A0A8H5NUC1   54.09   56.86   56.67   56.67   58.14   57.59   63.92   61.18   60.59   62.43   61.98   62.06   59.28   62.52   61.70   62.77   63.60   59.64   59.64   64.57   62.61   71.92   90.24   94.55   96.13   96.31  100.00   97.01   96.49   96.49   96.66   94.01   94.19   94.01   94.72   93.66   95.60   94.54   94.54   95.02   94.66   95.07   94.89   95.42   95.25   95.07   94.89   94.90   95.61   94.89   95.43   95.95   94.54   94.54   94.54   94.19   94.19   95.07   95.07   95.07   95.07   95.25   95.25   95.07   95.25   95.07   94.89   94.89   94.89   94.89   94.72   95.73   94.89   94.89   95.07   95.07   56.75   57.12   57.69   57.12   57.12   57.12   57.12
    28: A0A8H5RNE0   54.67   57.22   57.04   57.04   58.50   57.95   63.73   61.00   60.20   62.81   62.70   62.77   60.34   63.06   62.23   63.30   64.14   60.36   60.36   64.75   63.14   71.92   90.42   94.73   97.01   96.84   97.01  100.00   97.01   97.01   97.19   94.37   94.54   94.37   95.07   93.13   96.13   94.89   94.89   95.37   95.02   95.42   95.25   95.77   95.77   95.60   95.42   95.78   95.61   94.54   95.96   96.30   94.72   94.72   94.72   94.37   94.54   95.25   95.25   95.25   95.25   95.07   95.07   95.25   95.42   95.25   95.25   95.07   95.07   95.07   94.89   95.12   94.89   94.89   95.07   95.07   57.54   57.12   57.50   56.76   56.76   56.76   56.76
    29: W7MTE7       54.47   57.22   57.04   57.04   58.50   57.95   63.53   61.18   60.39   62.62   62.88   62.59   60.13   63.41   62.41   63.48   64.32   60.36   60.36   64.93   63.14   72.12   90.42   94.38   97.19   96.13   96.49   97.01  100.00  100.00   99.30   93.49   93.49   93.31   94.19   93.31   94.89   93.66   93.66   94.13   93.77   94.19   94.01   94.54   94.72   94.72   94.54   95.08   94.38   93.84   95.43   95.77   94.72   94.72   94.72   94.37   94.54   95.42   94.89   94.89   94.89   95.07   95.07   95.25   95.42   95.25   95.25   95.07   95.07   95.07   95.07   95.12   95.07   95.07   95.25   95.25   57.34   57.30   57.50   56.58   56.58   56.58   56.58
    30: A0A366QE56   54.47   57.22   57.04   57.04   58.50   57.95   63.53   61.18   60.39   62.62   62.88   62.59   60.13   63.41   62.41   63.48   64.32   60.36   60.36   64.93   63.14   72.12   90.42   94.38   97.19   96.13   96.49   97.01  100.00  100.00   99.30   93.49   93.49   93.31   94.19   93.31   94.89   93.66   93.66   94.13   93.77   94.19   94.01   94.54   94.72   94.72   94.54   95.08   94.38   93.84   95.43   95.77   94.72   94.72   94.72   94.37   94.54   95.42   94.89   94.89   94.89   95.07   95.07   95.25   95.42   95.25   95.25   95.07   95.07   95.07   95.07   95.12   95.07   95.07   95.25   95.25   57.34   57.30   57.50   56.58   56.58   56.58   56.58
    31: A0A366RRG7   54.47   57.22   57.04   57.04   58.50   57.95   63.53   61.18   60.39   62.62   62.70   62.59   60.13   63.59   62.59   63.65   64.50   60.36   60.36   64.75   63.32   71.92   90.78   94.90   97.01   96.84   96.66   97.19   99.30   99.30  100.00   93.66   94.19   93.66   94.54   93.31   95.42   94.01   94.01   94.48   94.13   94.54   94.37   94.89   95.07   94.89   94.72   95.78   94.90   94.54   96.13   96.30   95.07   95.07   95.07   94.72   94.89   95.42   95.60   95.60   95.60   95.42   95.42   95.60   95.77   95.60   95.60   95.42   95.42   95.42   95.42   95.43   95.42   95.42   95.60   95.60   57.34   57.48   57.50   56.76   56.76   56.76   56.76
    32: A0A8H5MY32   55.17   57.88   57.69   57.69   58.79   58.24   64.51   62.08   61.57   62.55   63.90   62.34   59.83   62.99   62.17   63.41   64.44   60.64   60.64   64.68   62.72   71.15   90.24   94.54   92.96   94.72   94.01   94.37   93.49   93.49   93.66  100.00   97.01   96.48   97.54   92.96   94.53   94.18   94.00   94.47   94.12   94.53   94.53   94.53   94.36   94.36   94.36   93.49   93.49   94.54   94.89   94.37   94.72   94.72   94.72   94.37   94.89   95.25   95.25   95.25   95.25   95.07   95.07   95.25   95.42   95.25   95.07   95.07   95.07   95.07   94.89   95.73   95.07   95.07   95.25   95.25   57.14   56.86   56.73   56.86   56.50   56.50   56.50
    33: A0A8H5WTX2   54.00   56.96   56.78   56.78   58.24   57.69   64.12   61.72   61.37   62.17   62.64   61.99   59.40   62.46   61.63   62.88   63.90   60.11   60.11   64.14   62.54   70.77   89.87   94.37   92.96   95.25   94.19   94.54   93.49   93.49   94.19   97.01  100.00   96.48   97.71   92.78   94.71   94.18   94.00   94.47   94.12   94.53   94.53   94.53   94.36   94.18   94.18   94.01   94.01   94.89   95.42   94.54   94.54   94.54   94.54   94.19   94.19   95.42   95.25   95.25   95.25   94.89   94.89   95.07   95.25   95.07   94.89   94.89   94.89   94.89   94.72   96.04   94.89   94.89   95.07   95.07   56.94   57.40   57.12   57.40   57.04   57.04   57.04
    34: A0A8H4ZTS8   54.19   56.78   56.59   56.59   58.06   57.51   63.53   61.18   60.59   62.17   63.00   61.28   59.19   62.28   61.63   62.88   63.90   60.64   60.64   64.32   62.90   70.77   88.61   94.19   92.78   94.89   94.01   94.37   93.31   93.31   93.66   96.48   96.48  100.00   97.89   92.61   94.71   94.36   93.83   94.30   93.94   94.36   94.36   94.36   94.18   94.00   93.83   93.66   93.49   94.72   94.37   93.66   93.31   93.31   93.31   92.96   93.13   93.84   93.84   93.84   93.84   93.66   93.66   93.84   94.01   93.84   93.66   93.66   93.66   93.66   93.49   94.21   93.66   93.66   93.84   93.84   57.74   57.04   57.50   56.86   56.86   56.86   56.86
    35: A0A8H5PT15   54.00   56.96   56.78   56.78   58.24   57.69   64.12   61.72   60.78   62.17   63.00   61.81   59.40   62.46   61.63   62.88   63.90   60.29   60.29   63.96   62.72   70.96   89.87   94.72   93.49   95.42   94.72   95.07   94.19   94.19   94.54   97.54   97.71   97.89  100.00   94.01   95.06   94.18   94.00   94.47   94.12   94.53   94.53   94.53   94.36   94.18   94.00   94.19   94.19   94.72   95.25   94.37   94.54   94.54   94.54   94.19   94.37   95.07   95.42   95.42   95.42   94.89   94.89   95.07   95.25   95.07   94.89   94.89   94.89   94.89   94.72   96.34   94.89   94.89   95.07   95.07   57.74   57.04   57.50   56.86   56.86   56.86   56.86
    36: A0A8H4WQN4   54.58   57.51   57.33   57.33   58.97   58.42   63.33   61.54   60.59   62.36   62.64   61.99   58.12   62.10   61.81   62.88   63.72   60.11   60.11   64.86   63.43   71.15   90.05   92.96   92.43   94.72   93.66   93.13   93.31   93.31   93.31   92.96   92.78   92.61   94.01  100.00   92.95   93.30   92.95   93.76   93.40   93.83   93.83   93.83   93.83   93.65   93.47   92.43   92.43   92.96   93.49   94.19   94.19   94.19   94.19   93.84   94.01   94.72   94.37   94.37   94.37   94.37   94.37   94.72   94.89   94.72   94.54   94.54   94.72   94.54   94.37   94.82   94.19   94.19   94.37   94.37   57.54   57.04   57.69   56.86   56.86   56.86   56.86
    37: A0A8H6DLU8   54.58   57.33   57.14   57.14   58.61   58.24   63.33   61.00   60.20   62.55   62.27   61.99   59.62   62.46   61.99   62.70   63.72   59.93   59.93   64.50   63.43   71.92   90.58   95.07   94.89   96.13   95.60   96.13   94.89   94.89   95.42   94.53   94.71   94.71   95.06   92.95  100.00   95.07   95.42   95.91   95.91   96.30   96.30   95.95   95.77   95.60   95.42   95.42   95.07   95.59   96.13   95.94   95.06   95.06   95.06   94.53   94.71   95.59   95.59   95.59   95.59   95.24   95.24   95.59   95.77   95.59   95.24   95.24   95.41   95.24   95.24   96.33   95.41   95.41   95.59   95.59   57.34   57.76   58.08   57.76   57.76   57.76   57.76
    38: A0A1L7U288   54.78   57.51   57.33   57.33   58.61   58.06   64.31   62.25   61.76   63.12   63.36   62.88   60.47   63.35   62.52   63.59   64.62   60.64   60.64   65.05   63.60   72.31   89.49   94.54   93.84   95.77   94.54   94.89   93.66   93.66   94.01   94.18   94.18   94.36   94.18   93.30   95.07  100.00   97.36   97.69   97.33   97.71   97.54   97.71   97.89   97.71   97.54   94.72   94.37   95.41   94.89   94.89   94.18   94.18   94.18   93.83   94.00   94.71   94.53   94.53   94.53   94.53   94.53   94.71   94.89   94.71   94.53   94.53   94.53   94.71   94.53   95.41   94.36   94.36   94.53   94.53   57.94   57.76   58.27   57.76   57.76   57.76   57.76
    39: A0A8H5SPR9   54.39   57.51   57.33   57.33   58.61   58.42   63.92   62.08   61.37   63.12   63.36   62.70   60.04   63.17   62.34   63.41   64.44   60.47   60.47   64.86   63.43   71.54   90.22   94.19   93.49   95.42   94.54   94.89   93.66   93.66   94.01   94.00   94.00   93.83   94.00   92.95   95.42   97.36  100.00   98.04   97.69   98.06   97.89   98.06   97.89   97.71   97.54   94.19   93.84   95.24   95.07   95.06   94.36   94.36   94.36   94.00   94.00   94.71   94.71   94.71   94.71   94.71   94.71   94.89   95.06   94.89   94.71   94.71   94.71   94.71   94.71   95.41   94.53   94.53   94.71   94.71   57.34   57.40   58.08   57.58   57.58   57.58   57.58
    40: A0A0J0BZR0   54.44   57.22   57.04   57.04   58.52   57.96   64.64   62.03   61.69   62.50   62.59   62.48   60.47   63.13   62.30   63.20   64.23   60.22   60.22   64.66   63.21   71.21   90.29   94.66   93.95   95.91   95.02   95.37   94.13   94.13   94.48   94.47   94.47   94.30   94.47   93.76   95.91   97.69   98.04  100.00   99.65   99.65   99.11   98.93   98.93   98.58   98.40   94.69   94.13   95.72   95.55   95.54   94.83   94.83   94.83   94.65   94.47   95.37   95.19   95.19   95.19   95.19   95.19   95.37   95.54   95.37   95.19   95.19   95.19   95.37   95.01   96.33   94.83   94.83   95.01   95.01   57.03   57.12   57.98   57.48   57.48   57.48   57.48
    41: S0EFM6       54.44   57.04   56.85   56.85   58.33   57.78   64.64   62.03   61.69   62.50   62.59   62.48   60.47   63.13   62.30   63.20   64.23   60.22   60.22   64.66   63.21   71.21   89.93   94.48   93.77   95.55   94.66   95.02   93.77   93.77   94.13   94.12   94.12   93.94   94.12   93.40   95.91   97.33   97.69   99.65  100.00   99.65   99.11   98.58   98.58   98.22   98.04   94.51   93.77   95.54   95.37   95.37   94.47   94.47   94.47   94.30   94.12   95.01   94.83   94.83   94.83   94.83   94.83   95.01   95.19   95.01   94.83   94.83   94.83   95.01   94.65   96.33   94.47   94.47   94.65   94.65   57.03   57.12   57.98   57.48   57.48   57.48   57.48
    42: A0A5Q3GA85   54.97   57.69   57.51   57.51   58.97   58.42   64.51   62.25   61.57   63.12   63.18   62.88   60.47   63.52   62.70   63.77   64.80   60.64   60.64   65.05   63.78   71.73   90.40   94.72   94.01   95.95   95.07   95.42   94.19   94.19   94.54   94.53   94.53   94.36   94.53   93.83   96.30   97.71   98.06   99.65   99.65  100.00   99.47   98.94   98.94   98.59   98.42   94.52   94.19   95.94   95.60   95.59   94.89   94.89   94.89   94.53   94.53   95.41   95.24   95.24   95.24   95.24   95.24   95.41   95.59   95.41   95.24   95.24   95.24   95.41   95.06   96.33   94.89   94.89   95.06   95.06   57.54   57.58   58.27   57.76   57.76   57.76   57.76
    43: A0A2H3RX36   54.78   57.69   57.51   57.51   58.97   58.42   64.12   62.08   61.37   62.93   63.18   62.70   60.04   63.17   62.34   63.41   64.44   60.64   60.64   65.05   63.60   71.92   90.40   94.72   93.84   95.95   94.89   95.25   94.01   94.01   94.37   94.53   94.53   94.36   94.53   93.83   96.30   97.54   97.89   99.11   99.11   99.47  100.00   98.94   99.12   98.77   98.59   94.37   94.01   95.77   95.42   95.41   94.89   94.89   94.89   94.53   94.53   95.41   95.24   95.24   95.24   95.24   95.24   95.41   95.59   95.41   95.24   95.24   95.24   95.41   95.06   96.02   94.89   94.89   95.06   95.06   57.34   57.58   58.27   57.76   57.76   57.76   57.76
    44: A0A1L7W598   54.78   57.69   57.51   57.51   58.97   58.42   63.73   61.72   60.98   63.12   63.18   62.88   60.04   63.35   62.52   63.59   64.62   60.64   60.64   65.05   63.60   71.73   90.76   95.07   94.37   96.30   95.42   95.77   94.54   94.54   94.89   94.53   94.53   94.36   94.53   93.83   95.95   97.71   98.06   98.93   98.58   98.94   98.94  100.00   99.30   99.47   99.30   94.37   94.19   95.77   95.60   95.94   95.24   95.24   95.24   94.89   94.89   95.77   95.59   95.59   95.59   95.59   95.59   95.77   95.94   95.77   95.59   95.59   95.59   95.77   95.41   96.02   95.24   95.24   95.41   95.41   57.34   57.22   57.88   57.40   57.40   57.40   57.40
    45: A0A8H5Y6K3   54.97   57.88   57.69   57.69   59.16   58.61   63.92   61.90   61.18   63.31   63.36   63.06   60.26   63.52   62.70   63.77   64.80   60.82   60.82   65.23   63.78   71.73   90.58   95.07   94.54   96.48   95.25   95.77   94.72   94.72   95.07   94.36   94.36   94.18   94.36   93.83   95.77   97.89   97.89   98.93   98.58   98.94   99.12   99.30  100.00   99.47   99.30   94.54   94.01   95.59   95.42   95.77   95.06   95.06   95.06   94.71   94.89   95.59   95.41   95.41   95.41   95.41   95.41   95.59   95.77   95.59   95.41   95.41   95.41   95.59   95.24   95.72   95.06   95.06   95.24   95.24   57.54   57.40   58.08   57.58   57.58   57.58   57.58
    46: A0A365NH58   54.78   57.69   57.51   57.51   58.97   58.42   63.73   61.72   60.98   63.12   63.18   62.88   60.04   63.35   62.52   63.59   64.62   60.64   60.64   65.05   63.60   71.73   90.58   94.89   94.54   96.30   95.07   95.60   94.72   94.72   94.89   94.36   94.18   94.00   94.18   93.65   95.60   97.71   97.71   98.58   98.22   98.59   98.77   99.47   99.47  100.00   99.82   94.37   93.84   95.41   95.25   95.59   95.06   95.06   95.06   94.71   94.89   95.59   95.24   95.24   95.24   95.41   95.41   95.59   95.77   95.59   95.41   95.41   95.41   95.59   95.24   95.72   95.06   95.06   95.24   95.24   57.34   57.22   57.88   57.40   57.40   57.40   57.40
    47: A0A420TVP3   54.78   57.69   57.51   57.51   58.97   58.42   63.73   61.72   60.98   63.12   63.18   62.88   60.04   63.35   62.52   63.59   64.62   60.64   60.64   65.05   63.43   71.73   90.40   94.72   94.37   96.13   94.89   95.42   94.54   94.54   94.72   94.36   94.18   93.83   94.00   93.47   95.42   97.54   97.54   98.40   98.04   98.42   98.59   99.30   99.30   99.82  100.00   94.19   93.66   95.41   95.42   95.41   94.89   94.89   94.89   94.53   94.71   95.41   95.06   95.06   95.06   95.24   95.24   95.41   95.59   95.41   95.24   95.24   95.24   95.41   95.06   95.72   94.89   94.89   95.06   95.06   57.14   57.04   57.69   57.40   57.22   57.22   57.22
    48: A0A8H6CU03   53.70   56.49   56.31   56.31   57.77   57.22   63.33   61.18   60.20   61.86   61.80   61.70   59.49   62.34   61.70   62.59   63.60   59.64   59.64   63.85   62.96   71.92   90.24   94.38   95.08   96.13   94.90   95.78   95.08   95.08   95.78   93.49   94.01   93.66   94.19   92.43   95.42   94.72   94.19   94.69   94.51   94.52   94.37   94.37   94.54   94.37   94.19  100.00   95.08   95.07   96.13   95.60   94.89   94.89   94.89   94.19   94.54   95.07   95.25   95.25   95.25   94.89   94.89   95.25   95.42   95.25   94.89   94.89   95.07   94.89   95.25   96.04   95.07   95.07   95.25   95.25   57.34   56.76   57.12   56.58   56.58   56.58   56.58
    49: A0A2K0VUM6   53.70   56.12   55.94   55.94   57.40   56.86   64.31   61.36   60.78   62.24   62.34   62.23   59.91   62.52   61.88   62.77   63.78   60.00   60.00   64.39   62.61   71.92   89.87   94.38   95.25   95.78   95.61   95.61   94.38   94.38   94.90   93.49   94.01   93.49   94.19   92.43   95.07   94.37   93.84   94.13   93.77   94.19   94.01   94.19   94.01   93.84   93.66   95.08  100.00   94.19   95.78   95.25   94.19   94.19   94.19   94.01   94.19   94.72   94.72   94.72   94.72   94.37   94.37   94.72   94.89   94.72   94.72   94.72   94.89   94.72   94.37   94.82   94.54   94.54   94.72   94.72   56.55   57.48   57.50   57.30   57.30   57.30   57.30
    50: A0A8H5VF81   54.39   57.51   57.33   57.33   58.97   58.42   63.73   62.25   60.98   61.98   62.45   62.34   59.40   62.63   62.17   63.23   64.26   60.29   60.29   64.32   63.60   72.50   90.05   94.19   93.13   95.60   94.89   94.54   93.84   93.84   94.54   94.54   94.89   94.72   94.72   92.96   95.59   95.41   95.24   95.72   95.54   95.94   95.77   95.77   95.59   95.41   95.41   95.07   94.19  100.00   95.77   95.60   94.89   94.89   94.89   94.37   94.37   95.07   95.25   95.25   95.25   95.07   95.07   95.25   95.42   95.25   95.07   95.07   95.07   95.07   94.89   96.65   95.07   95.07   95.25   95.25   57.14   56.86   57.12   57.22   57.04   57.04   57.04
    51: A0A8H4NK86   54.47   56.67   56.49   56.49   58.14   57.59   63.92   61.90   60.98   62.62   62.52   62.23   60.13   62.88   62.23   63.12   64.14   60.18   60.18   64.57   63.14   72.50   91.50   95.25   95.08   96.13   95.43   95.96   95.43   95.43   96.13   94.89   95.42   94.37   95.25   93.49   96.13   94.89   95.07   95.55   95.37   95.60   95.42   95.60   95.42   95.25   95.42   96.13   95.78   95.77  100.00   97.36   96.13   96.13   96.13   95.60   95.77   96.48   96.48   96.48   96.48   96.30   96.30   96.65   96.83   96.65   96.48   96.30   96.48   96.30   96.30   97.26   96.30   96.30   96.48   96.48   57.34   57.66   57.69   57.66   57.48   57.48   57.48
    52: A0A8J5U1Y6   54.97   57.69   57.51   57.51   59.16   58.61   63.53   61.90   60.98   62.93   63.18   62.88   60.26   63.35   62.70   63.59   64.44   60.82   60.82   65.23   63.96   72.31   92.04   95.07   95.42   96.48   95.95   96.30   95.77   95.77   96.30   94.37   94.54   93.66   94.37   94.19   95.94   94.89   95.06   95.54   95.37   95.59   95.41   95.94   95.77   95.59   95.41   95.60   95.25   95.60   97.36  100.00   96.65   96.65   96.65   96.13   96.30   97.18   97.01   97.01   97.01   96.83   96.83   97.18   97.36   97.18   97.01   96.83   97.01   96.83   96.83   96.65   96.65   96.65   96.83   96.83   57.74   57.22   57.69   57.22   57.22   57.22   57.22
    53: X0I3H9       54.58   57.51   57.33   57.33   58.79   58.24   62.94   61.36   60.39   62.55   62.82   61.81   58.97   62.28   61.63   62.52   63.54   60.47   60.47   64.50   63.25   71.73   94.03   94.72   94.01   95.77   94.54   94.72   94.72   94.72   95.07   94.72   94.54   93.31   94.54   94.19   95.06   94.18   94.36   94.83   94.47   94.89   94.89   95.24   95.06   95.06   94.89   94.89   94.19   94.89   96.13   96.65  100.00  100.00  100.00   98.06   98.24   98.42   98.59   98.59   98.59   98.77   98.77   99.12   99.30   99.12   98.77   98.77   98.94   98.77   98.77   99.09   98.59   98.59   98.77   98.77   57.34   57.04   56.92   56.68   56.68   56.68   56.68
    54: A0A8H6GMY7   54.58   57.51   57.33   57.33   58.79   58.24   62.94   61.36   60.39   62.55   62.82   61.81   58.97   62.28   61.63   62.52   63.54   60.47   60.47   64.50   63.25   71.73   94.03   94.72   94.01   95.77   94.54   94.72   94.72   94.72   95.07   94.72   94.54   93.31   94.54   94.19   95.06   94.18   94.36   94.83   94.47   94.89   94.89   95.24   95.06   95.06   94.89   94.89   94.19   94.89   96.13   96.65  100.00  100.00  100.00   98.06   98.24   98.42   98.59   98.59   98.59   98.77   98.77   99.12   99.30   99.12   98.77   98.77   98.94   98.77   98.77   99.09   98.59   98.59   98.77   98.77   57.34   57.04   56.92   56.68   56.68   56.68   56.68
    55: F9G947       54.58   57.51   57.33   57.33   58.58   58.03   62.70   61.14   60.16   62.31   62.59   61.59   58.72   62.06   61.42   62.30   63.31   60.43   60.43   64.27   63.03   71.46   93.69   94.72   94.04   95.77   94.54   94.72   94.72   94.72   95.07   94.72   94.54   93.31   94.54   94.19   95.06   94.18   94.36   94.83   94.47   94.89   94.89   95.24   95.06   95.06   94.89   94.89   94.19   94.89   96.13   96.65  100.00  100.00  100.00   98.06   98.24   98.42   98.59   98.59   98.59   98.77   98.77   99.12   99.30   99.12   98.77   98.77   98.94   98.77   98.77   99.09   98.59   98.59   98.77   98.77   57.34   57.04   56.92   56.68   56.68   56.68   56.68
    56: A0A2H3TMK4   54.00   56.96   56.78   56.78   58.24   57.69   63.33   61.72   60.78   62.55   62.82   62.17   59.62   62.63   61.81   62.88   63.90   60.47   60.47   64.86   62.90   71.35   93.85   94.19   93.49   95.42   94.19   94.37   94.37   94.37   94.72   94.37   94.19   92.96   94.19   93.84   94.53   93.83   94.00   94.65   94.30   94.53   94.53   94.89   94.71   94.71   94.53   94.19   94.01   94.37   95.60   96.13   98.06   98.06   98.06  100.00   98.06   97.89   98.06   98.06   98.06   98.59   98.59   98.59   98.77   98.59   98.94   98.94   98.77   98.94   98.24   98.78   98.06   98.06   98.24   98.24   56.94   57.04   56.92   56.68   56.68   56.68   56.68
    57: A0A4Q2VE26   54.39   57.14   56.96   56.96   58.42   57.88   63.33   61.90   60.98   62.36   63.18   62.17   59.83   62.81   62.17   63.06   64.08   60.47   60.47   64.68   63.07   71.54   93.85   94.89   93.84   95.60   94.19   94.54   94.54   94.54   94.89   94.89   94.19   93.13   94.37   94.01   94.71   94.00   94.00   94.47   94.12   94.53   94.53   94.89   94.89   94.89   94.71   94.54   94.19   94.37   95.77   96.30   98.24   98.24   98.24   98.06  100.00   98.06   98.24   98.24   98.24   98.77   98.77   98.77   98.94   98.77   98.77   98.77   98.94   98.77   98.42   98.78   98.24   98.24   98.42   98.42   57.54   57.22   57.12   56.86   56.86   56.86   56.86
    58: W9HX74       54.58   57.69   57.51   57.51   58.97   58.42   63.33   61.72   60.78   62.74   63.36   62.52   59.83   62.81   62.17   63.06   64.08   60.82   60.82   65.05   63.25   72.12   93.85   95.25   94.72   96.30   95.07   95.25   95.42   95.42   95.42   95.25   95.42   93.84   95.07   94.72   95.59   94.71   94.71   95.37   95.01   95.41   95.41   95.77   95.59   95.59   95.41   95.07   94.72   95.07   96.48   97.18   98.42   98.42   98.42   97.89   98.06  100.00   98.42   98.42   98.42   98.59   98.59   98.94   99.12   98.94   98.59   98.59   98.77   98.77   98.59   99.09   98.42   98.42   98.59   98.59   57.14   57.58   57.50   57.22   57.22   57.22   57.22
