(
A0A8T0G0T4_-1_-1_-1_-1_-1_-1:0.14132,
A0A4Y2BQL6_81.6_85.9_86.3_36.6_73.6_21.1:0.03988,
A0A4Y2BS73_79.9_85.6_85.9_37.0_73.2_19.8:0.05487);
