(
A0A8S3U3V9_-1_-1_-1_-1_-1_-1:0.02921,
A0A8B6FKK5_55.2_68.9_82.0_26.4_80.4_26.4:-0.00016,
A0A8B6FHT9_67.6_77.1_82.4_26.8_81.1_26.8:0.00016);
