(
A0A813HNJ6_78.6_69.8_78.4_24.2_72.0_19.4:0.00690,
A0A813INV8_79.5_72.9_78.8_21.6_72.9_20.1:0.00034,
A0A813FRG5_-1_-1_-1_-1_73.8_29.4:-0.00034);
