#
#
#  Percent Identity  Matrix - created by Clustal2.1 
#
#

     1: A0A7C7NXM1  100.00   75.67   75.67   73.87   73.31   72.54
     2: A0A7C7M7V5   75.67  100.00   98.99   89.16   89.13   88.24
     3: A0A7C7N656   75.67   98.99  100.00   89.16   89.51   88.62
     4: A0A2D9HL74   73.87   89.16   89.16  100.00   96.94   96.17
     5: A0A353DQ52   73.31   89.13   89.51   96.94  100.00   98.74
     6: A0A2E4DYG3   72.54   88.24   88.62   96.17   98.74  100.00
