#
#
#  Percent Identity  Matrix - created by Clustal2.1 
#
#

     1: A0A8S1ELT5_-1_-1_-1_-1_-1_-1              100.00   84.06   85.07   84.35   84.49   84.49   84.49   71.13   73.34   72.10   55.94   56.13   56.19   58.70   58.94   58.02   58.89   57.37   58.55   62.05   58.65   60.06   59.68   60.09   58.60
     2: Q9XWC5_74.2_81.5_84.6_34.7_80.7_28.2       84.06  100.00   95.22   94.20   94.20   94.35   94.49   70.61   74.11   73.64   55.77   55.79   56.01   60.83   61.07   59.03   59.77   58.54   58.16   63.44   59.24   60.80   60.42   60.68   58.88
     3: A8WJB0_80.0_79.6_81.7_34.6_76.6_23.3       85.07   95.22  100.00   96.96   96.96   97.10   97.25   71.05   74.60   73.64   56.64   56.71   56.93   60.53   60.92   59.77   60.35   58.99   58.72   63.77   59.55   61.40   61.46   61.42   59.93
     4: A0A261A1T4_79.5_78.9_82.5_36.2_78.0_24.2   84.35   94.20   96.96  100.00   99.42   99.57   99.71   70.90   74.60   73.34   56.25   56.30   56.52   59.68   60.06   58.92   60.23   58.84   58.16   63.28   59.09   60.95   61.01   61.13   59.58
     5: E3LZ73_83.9_81.2_82.6_36.7_78.1_23.1       84.49   94.20   96.96   99.42  100.00   99.86   99.71   70.90   74.60   73.34   56.50   56.55   56.77   60.39   60.77   59.18   60.35   58.84   58.16   63.28   59.09   60.95   61.01   61.13   59.58
     6: A0A2P4VGU3_78.6_79.9_82.1_28.6_78.0_24.2   84.49   94.35   97.10   99.57   99.86  100.00   99.86   70.90   74.60   73.34   56.50   56.55   56.77   60.39   60.77   59.18   60.35   58.84   58.16   63.28   59.09   60.95   61.01   61.13   59.58
     7: A0A6A5H7A2_78.8_79.1_82.6_36.8_78.0_23.5   84.49   94.49   97.25   99.71   99.71   99.86  100.00   70.90   74.60   73.34   56.50   56.55   56.77   60.24   60.62   59.18   60.35   58.84   58.16   63.28   59.09   60.95   61.01   61.13   59.58
     8: W6NBL1_86.2_83.2_83.1_28.8_79.5_25.1       71.13   70.61   71.05   70.90   70.90   70.90   70.90  100.00   81.42   79.74   56.32   56.46   56.68   57.78   59.35   60.32   60.27   60.09   57.71   62.56   58.48   60.80   61.46   60.68   59.02
     9: A0A0D6LXR2_-1_-1_-1_-1_67.1_21.6           73.34   74.11   74.60   74.60   74.60   74.60   74.60   81.42  100.00   97.92   60.48   60.51   60.58   61.50   62.75   62.30   64.72   62.38   62.55   64.14   64.05   64.37   65.41   64.71   63.26
    10: A0A368GZF5_83.6_81.3_83.2_34.3_78.7_24.3   72.10   73.64   73.64   73.34   73.34   73.34   73.34   79.74   97.92  100.00   58.36   58.28   58.35   60.00   61.42   60.44   62.33   61.33   59.02   64.26   60.00   62.30   62.80   62.02   60.25
    11: A0A6V7VXD1_81.4_82.5_81.6_28.1_74.5_20.1   55.94   55.77   56.64   56.25   56.50   56.50   56.50   56.32   60.48   58.36  100.00   97.78   98.06   57.75   57.41   59.50   61.24   60.00   57.37   62.97   59.74   62.68   63.54   63.13   62.07
    12: A0A914KTL4_-1_-1_-1_-1_-1_-1               56.13   55.79   56.71   56.30   56.55   56.55   56.55   56.46   60.51   58.28   97.78  100.00   98.20   57.65   57.27   59.88   60.88   59.61   57.37   62.75   59.39   62.46   63.12   63.23   61.59
    13: A0A6V7UW19_81.1_81.6_81.3_25.3_76.5_21.1   56.19   56.01   56.93   56.52   56.77   56.77   56.77   56.68   60.58   58.35   98.06   98.20  100.00   57.86   57.48   59.94   60.93   59.58   57.37   62.71   59.36   62.43   63.23   63.19   61.55
    14: A0A811KL38_81.7_81.1_82.7_31.6_77.6_22.6   58.70   60.83   60.53   59.68   60.39   60.39   60.24   57.78   61.50   60.00   57.75   57.65   57.86  100.00   90.91   66.52   67.19   60.82   59.71   65.17   61.13   63.21   64.29   63.90   64.19
    15: A0A1I7S025_81.4_80.7_82.8_34.3_77.7_21.1   58.94   61.07   60.92   60.06   60.77   60.77   60.62   59.35   62.75   61.42   57.41   57.27   57.48   90.91  100.00   66.05   66.81   61.64   60.99   66.13   62.02   63.65   65.01   64.10   65.05
    16: A0A7E4WBR8_86.9_84.9_83.4_34.4_74.3_21.2   58.02   59.03   59.77   58.92   59.18   59.18   59.18   60.32   62.30   60.44   59.50   59.88   59.94   66.52   66.05  100.00   77.69   66.09   61.04   67.51   63.50   65.52   67.10   66.67   67.01
    17: A0A914J812_-1_-1_-1_-1_-1_-1               58.89   59.77   60.35   60.23   60.35   60.35   60.35   60.27   64.72   62.33   61.24   60.88   60.93   67.19   66.81   77.69  100.00   67.49   62.66   70.14   65.79   67.91   69.06   68.34   69.83
    18: A0A0N5B0X1_85.1_82.8_83.6_30.5_79.2_21.9   57.37   58.54   58.99   58.84   58.84   58.84   58.84   60.09   62.38   61.33   60.00   59.61   59.58   60.82   61.64   66.09   67.49  100.00   64.23   70.56   67.11   69.39   68.85   70.10   69.43
    19: A0A0R3QQN2_-1_-1_-1_-1_76.8_20.5           58.55   58.16   58.72   58.16   58.16   58.16   58.16   57.71   62.55   59.02   57.37   57.37   57.37   59.71   60.99   61.04   62.66   64.23  100.00   98.83   95.89   84.79   84.11   86.43   87.33
    20: A0A7I4NNC0_65.9_79.0_83.0_38.2_77.3_25.1   62.05   63.44   63.77   63.28   63.28   63.28   63.28   62.56   64.14   64.26   62.97   62.75   62.71   65.17   66.13   67.51   70.14   70.56   98.83  100.00   99.20   89.31   89.78   90.11   92.49
    21: A0A0N4TPY8_85.6_82.3_81.1_33.6_76.2_20.9   58.65   59.24   59.55   59.09   59.09   59.09   59.09   58.48   64.05   60.00   59.74   59.39   59.36   61.13   62.02   63.50   65.79   67.11   95.89   99.20  100.00   86.32   87.05   88.23   89.47
    22: A0A238BY54_84.2_80.9_79.4_36.9_74.6_20.9   60.06   60.80   61.40   60.95   60.95   60.95   60.95   60.80   64.37   62.30   62.68   62.46   62.43   63.21   63.65   65.52   67.91   69.39   84.79   89.31   86.32  100.00   87.54   87.41   90.36
    23: A0A8J2M0F1_-1_-1_-1_-1_-1_-1               59.68   60.42   61.46   61.01   61.01   61.01   61.01   61.46   65.41   62.80   63.54   63.12   63.23   64.29   65.01   67.10   69.06   68.85   84.11   89.78   87.05   87.54  100.00   89.99   91.22
    24: A0A0R3RWW9_86.2_83.4_83.9_32.3_78.5_22.2   60.09   60.68   61.42   61.13   61.13   61.13   61.13   60.68   64.71   62.02   63.13   63.23   63.19   63.90   64.10   66.67   68.34   70.10   86.43   90.11   88.23   87.41   89.99  100.00   91.07
    25: A0A1I7VT15_85.2_82.3_83.3_46.6_80.4_26.8   58.60   58.88   59.93   59.58   59.58   59.58   59.58   59.02   63.26   60.25   62.07   61.59   61.55   64.19   65.05   67.01   69.83   69.43   87.33   92.49   89.47   90.36   91.22   91.07  100.00
