#
#
#  Percent Identity  Matrix - created by Clustal2.1 
#
#

     1: A0A8B6D6D9_-1___-1___-1___-1___78.7_24.2  100.00  100.00   83.06   81.49   84.73   83.78
     2: A0A8B6D3N0_81.8_78.2_82.0_30.8_78.7_23.8  100.00  100.00   82.89   81.49   84.78   83.89
     3: A0A6J8AMM2_75.9_74.7_73.3_24.3_71.0_23.4   83.06   82.89  100.00   82.37   87.10   86.30
     4: A0A8B6HF53_-1___-1___-1___-1___77.4_25.6   81.49   81.49   82.37  100.00   87.90   89.20
     5: A0A8B6D4H2_77.1_74.9_82.5_31.3_79.8_23.8   84.73   84.78   87.10   87.90  100.00   92.85
     6: A0A8B6HG83_74.8_72.6_82.3_31.6_79.1_23.7   83.78   83.89   86.30   89.20   92.85  100.00
