(
A0A4S4LR77:0.19090,
W4K0V6:0.16330,
A0A5B1QH98:0.24996);
