(
A0A0F6YJT4:0.23735,
A0A661NLE3:0.20042,
A0A972DB76:0.22039);
