(
A0A7S0PJI2:0.00311,
A0A5A8E413:0.00274,
A0A5A8CG43:-0.00018);
