#
#
#  Percent Identity  Matrix - created by Clustal2.1 
#
#

     1: A0A158Q395  100.00   54.58   56.99   58.44   61.63   59.61   61.22
     2: A0A158R5P2   54.58  100.00   71.25   61.03   61.32   59.90   61.48
     3: A0A0N4V3P0   56.99   71.25  100.00   65.83   64.94   63.44   64.42
     4: A0A0B2W0T1   58.44   61.03   65.83  100.00   77.91   76.67   78.05
     5: A0A915AHM8   61.63   61.32   64.94   77.91  100.00   91.63   92.48
     6: A0A0M3HVB6   59.61   59.90   63.44   76.67   91.63  100.00   99.23
     7: F1KY51       61.22   61.48   64.42   78.05   92.48   99.23  100.00
