#
#
#  Percent Identity  Matrix - created by Clustal2.1 
#
#

     1: A0A4S8KNZ8_89.8_95.0_94.5_60.1_88.9_22.1  100.00   98.30   61.54   57.67   49.65   52.66   54.30   54.35   51.36   51.66   53.38   54.09   54.87   55.91   55.22   55.04
     2: A0A4S8L0M9_89.2_94.7_94.3_45.0_87.1_22.3   98.30  100.00   59.86   56.27   48.96   52.29   53.62   53.33   50.36   51.01   52.19   52.77   53.37   54.39   53.71   53.71
     3: V2X6V4_90.8_97.0_94.8_53.6_86.5_21.7       61.54   59.86  100.00   95.01   54.96   54.06   58.49   60.98   50.09   53.03   57.72   59.62   59.97   60.14   60.00   60.00
     4: A0A0W0GA04_89.4_96.7_85.9_23.1_79.5_22.4   57.67   56.27   95.01  100.00   50.61   49.65   54.62   56.77   46.02   49.54   53.67   55.61   56.48   56.65   55.81   56.33
     5: A0A5C3L115_89.1_95.6_94.1_41.7_85.9_22.1   49.65   48.96   54.96   50.61  100.00   66.06   59.03   57.99   50.17   52.26   54.03   52.72   54.18   54.88   56.17   54.43
     6: A8N9I4_-1___-1___-1___-1___85.7_21.2       52.66   52.29   54.06   49.65   66.06  100.00   58.27   56.92   47.03   48.28   51.21   51.82   51.95   52.84   53.20   53.20
     7: A0A409VNB1_88.4_95.9_94.5_43.2_86.5_22.1   54.30   53.62   58.49   54.62   59.03   58.27  100.00   67.40   53.57   53.02   55.92   59.51   59.76   59.06   57.64   57.29
     8: A0A0C3C7U8_85.4_94.9_94.9_43.4_89.1_26.5   54.35   53.33   60.98   56.77   57.99   56.92   67.40  100.00   52.18   53.82   55.59   61.11   61.11   60.76   58.85   58.33
     9: J4HZY2_89.2_95.8_94.1_39.1_86.1_25.5       51.36   50.36   50.09   46.02   50.17   47.03   53.57   52.18  100.00   62.59   54.41   55.42   56.14   56.92   57.07   57.24
    10: A0A4Y9YTH1_-1___-1___-1___-1___81.7_24.3   51.66   51.01   53.03   49.54   52.26   48.28   53.02   53.82   62.59  100.00   55.82   57.58   61.36   62.27   64.71   64.15
    11: A0A4Y9Z123_92.4_97.1_94.1_40.6_86.1_25.2   53.38   52.19   57.72   53.67   54.03   51.21   55.92   55.59   54.41   55.82  100.00   61.21   62.09   63.02   64.20   64.54
    12: A0A067Q6I7_85.6_93.8_94.6_47.8_87.0_26.3   54.09   52.77   59.62   55.61   52.72   51.82   59.51   61.11   55.42   57.58   61.21  100.00   63.81   63.46   63.73   63.73
    13: A0A2G8RTZ9_87.4_95.4_95.0_44.8_87.0_22.6   54.87   53.37   59.97   56.48   54.18   51.95   59.76   61.11   56.14   61.36   62.09   63.81  100.00   92.44   70.73   71.24
    14: A0A5K1JS16_93.1_96.5_90.2_22.0_84.0_22.0   55.91   54.39   60.14   56.65   54.88   52.84   59.06   60.76   56.92   62.27   63.02   63.46   92.44  100.00   71.16   72.51
    15: A0A060SGG1_92.6_95.5_95.1_53.3_86.7_24.5   55.22   53.71   60.00   55.81   56.17   53.20   57.64   58.85   57.07   64.71   64.20   63.73   70.73   71.16  100.00   88.21
    16: A0A1Y2IPP1_92.0_96.1_95.3_54.8_86.6_24.2   55.04   53.71   60.00   56.33   54.43   53.20   57.29   58.33   57.24   64.15   64.54   63.73   71.24   72.51   88.21  100.00
