#
#
#  Percent Identity  Matrix - created by Clustal2.1 
#
#

     1: A0A0D7AM49_87.8_95.1_90.6_28.1_84.8_25.8  100.00   49.51   46.65   47.22   48.94   50.09   48.73   49.90   49.82   50.46   50.47   49.03   49.08   52.19   50.28
     2: A0A550C493_88.1_92.6_86.8_26.9_86.0_26.9   49.51  100.00   53.85   55.17   56.07   56.43   51.07   50.78   51.16   54.84   50.79   46.89   50.39   53.82   54.15
     3: A0A6A4GXT1_87.6_94.6_90.0_26.2_85.1_26.2   46.65   53.85  100.00   95.28   71.33   72.26   50.63   51.15   49.91   53.49   44.88   46.76   44.48   47.12   45.39
     4: A0A6A4HDI0_87.5_94.1_90.4_26.6_85.2_26.6   47.22   55.17   95.28  100.00   71.86   73.47   51.07   51.80   50.80   54.17   45.83   47.54   44.86   47.94   46.22
     5: A0A0D0CT71_89.7_96.1_93.5_45.1_85.5_24.0   48.94   56.07   71.33   71.86  100.00   95.22   50.09   52.74   50.79   54.47   46.27   49.43   46.28   50.43   47.79
     6: A0A0D0BFG6_88.9_96.1_92.9_39.1_86.1_22.4   50.09   56.43   72.26   73.47   95.22  100.00   51.24   53.95   52.51   56.15   47.79   49.91   47.82   52.14   48.65
     7: A0A166HVR6_93.5_96.6_94.5_62.1_89.2_29.7   48.73   51.07   50.63   51.07   50.09   51.24  100.00   96.65   49.83   55.23   49.19   50.48   49.30   53.39   49.91
     8: A0A164VTT0_92.8_96.4_92.0_34.0_91.0_30.1   49.90   50.78   51.15   51.80   52.74   53.95   96.65  100.00   53.01   57.76   51.06   51.05   52.54   56.25   52.30
     9: A0A146HDX6_86.1_94.6_95.0_64.9_88.5_21.8   49.82   51.16   49.91   50.80   50.79   52.51   49.83   53.01  100.00   69.44   50.37   50.09   50.09   53.83   50.81
    10: A0A146HG20_85.6_95.1_94.4_43.0_88.8_28.0   50.46   54.84   53.49   54.17   54.47   56.15   55.23   57.76   69.44  100.00   52.77   52.74   50.89   56.94   52.52
    11: A0A0C3DT48_-1___-1___-1___-1___81.9_22.8   50.47   50.79   44.88   45.83   46.27   47.79   49.19   51.06   50.37   52.77  100.00   50.69   54.11   56.49   50.83
    12: A0A067NID7_85.9_93.8_92.9_41.3_92.4_34.4   49.03   46.89   46.76   47.54   49.43   49.91   50.48   51.05   50.09   52.74   50.69  100.00   51.63   55.56   53.86
    13: J4H4A4_89.6_95.8_94.2_39.5_86.8_24.7       49.08   50.39   44.48   44.86   46.28   47.82   49.30   52.54   50.09   50.89   54.11   51.63  100.00   57.12   51.61
    14: A0A1C7MB27_88.7_95.8_92.4_47.4_86.6_25.4   52.19   53.82   47.12   47.94   50.43   52.14   53.39   56.25   53.83   56.94   56.49   55.56   57.12  100.00   56.97
    15: A0A409WL80_87.8_94.2_91.5_34.6_85.3_27.2   50.28   54.15   45.39   46.22   47.79   48.65   49.91   52.30   50.81   52.52   50.83   53.86   51.61   56.97  100.00
