#
#
#  Percent Identity  Matrix - created by Clustal2.1 
#
#

     1: A0A1I8FIR6  100.00   98.24   97.51   97.66   97.80   52.42   54.57
     2: A0A267FLH2   98.24  100.00   98.98   99.13   99.27   54.44   56.62
     3: A0A1I8GW52   97.51   98.98  100.00   99.56   99.71   54.14   56.15
     4: A0A267H8Y3   97.66   99.13   99.56  100.00   99.85   54.14   56.15
     5: A0A1I8G7H2   97.80   99.27   99.71   99.85  100.00   54.29   56.31
     6: A0A267F4L3   52.42   54.44   54.14   54.14   54.29  100.00   73.70
     7: A0A267H7A0   54.57   56.62   56.15   56.15   56.31   73.70  100.00
