#
#
#  Percent Identity  Matrix - created by Clustal2.1 
#
#

     1: A0A7V7QP14  100.00   61.73   52.57   54.04   53.86   53.49   53.51   52.67   53.51   51.21   52.51   50.18   51.59   51.20   51.38   51.38   51.38   51.38   50.64   50.46   50.46   50.46   50.64   49.36   50.46   49.54   49.72   50.46   53.31   51.20   51.01   50.36   51.40   51.01
     2: A0A371ARW4   61.73  100.00   53.58   52.03   51.45   50.68   49.90   49.71   50.29   50.87   52.42   51.06   53.77   53.77   53.97   53.97   53.97   53.97   50.29   49.90   50.10   50.10   51.64   49.52   52.22   49.13   49.32   50.68   54.44   52.80   52.61   52.90   54.26   52.80
     3: A0A4V2QCA5   52.57   53.58  100.00   60.50   60.14   60.50   59.28   59.71   59.85   49.81   52.04   53.71   51.69   50.92   51.10   51.10   51.10   50.92   50.45   50.45   50.00   50.27   51.17   49.73   51.17   52.97   52.79   51.71   54.41   53.69   53.51   55.80   54.42   53.69
     4: A0A2M8Z5G5   54.04   52.03   60.50  100.00   92.10   91.20   77.08   77.34   75.76   52.23   53.72   50.45   53.56   52.76   52.94   52.94   52.94   53.12   50.45   50.45   50.37   50.27   51.53   49.37   50.45   50.09   49.91   50.27   52.43   52.79   52.61   55.07   50.44   52.79
     5: A0A084JFF6   53.86   51.45   60.14   92.10  100.00   97.67   76.52   76.98   75.00   52.04   52.97   50.63   53.37   52.76   52.94   52.94   52.94   53.12   49.91   49.91   49.63   49.73   51.71   49.73   50.81   50.45   50.27   51.35   51.53   52.43   52.25   53.99   50.88   52.43
     6: A0A352P3R9   53.49   50.68   60.50   91.20   97.67  100.00   76.14   76.80   74.62   52.04   52.97   50.45   53.37   52.76   52.94   52.94   52.94   53.12   50.09   50.09   49.82   49.91   51.35   49.19   50.99   50.81   50.63   51.17   51.53   52.25   52.07   53.62   50.88   52.25
     7: A0A844JBR4   53.51   49.90   59.28   77.08   76.52   76.14  100.00   98.86   91.48   50.57   50.19   52.75   52.85   52.85   53.04   53.04   53.04   53.23   50.95   51.14   51.14   50.95   51.33   49.62   51.52   51.33   51.14   51.71   51.90   53.23   53.04   52.90   53.81   53.23
     8: A0A2S6HML8   52.67   49.71   59.71   77.34   76.98   76.80   98.86  100.00   91.48   50.09   49.72   51.63   52.91   52.30   52.49   52.49   52.49   52.67   50.00   50.18   50.09   50.00   51.08   49.28   51.26   50.72   50.54   51.08   51.26   52.71   52.53   53.26   52.44   52.89
     9: A0A3E2NJ97   53.51   50.29   59.85   75.76   75.00   74.62   91.48   91.48  100.00   51.52   51.71   54.65   53.99   53.99   54.18   54.18   54.18   54.37   52.28   52.47   52.28   52.28   52.66   51.52   51.90   51.71   51.52   52.09   53.04   53.80   53.61   54.71   52.28   53.61
    10: A9KP07       51.21   50.87   49.81   52.23   52.04   52.04   50.57   50.09   51.52  100.00   91.08   55.58   56.18   55.76   55.58   55.58   55.58   55.58   52.79   52.79   52.42   52.60   53.53   53.16   56.13   53.16   53.16   56.32   54.46   56.32   56.32   57.25   55.02   55.95
    11: A0A3D2X2E0   52.51   52.42   52.04   53.72   52.97   52.97   50.19   49.72   51.71   91.08  100.00   56.13   58.24   57.81   57.62   57.62   57.62   57.62   53.90   53.90   53.72   53.72   55.95   54.46   56.88   54.65   54.83   55.95   57.25   57.43   57.43   58.33   56.94   57.06
    12: A0A3D1FS18   50.18   51.06   53.71   50.45   50.63   50.45   52.75   51.63   54.65   55.58   56.13  100.00   55.43   54.78   54.96   54.96   54.96   54.96   54.17   54.53   54.58   54.35   55.25   53.26   57.97   56.16   56.16   56.52   57.97   56.52   56.34   52.90   59.19   56.34
    13: U2C336       51.59   53.77   51.69   53.56   53.37   53.37   52.85   52.91   53.99   56.18   58.24   55.43  100.00  100.00   99.81   99.81   99.81   99.63   63.67   63.48   63.48   63.67   58.24   58.43   59.36   57.49   57.49   59.36   62.55   60.30   60.11   57.25   64.88   60.30
    14: A0A6N3H8E3   51.20   53.77   50.92   52.76   52.76   52.76   52.85   52.30   53.99   55.76   57.81   54.78  100.00  100.00   99.82   99.82   99.82   99.63   63.24   63.05   63.05   63.24   57.54   57.54   58.46   56.80   56.80   58.64   61.95   59.56   59.38   57.25   62.79   59.56
    15: E7GKH4       51.38   53.97   51.10   52.94   52.94   52.94   53.04   52.49   54.18   55.58   57.62   54.96   99.81   99.82  100.00  100.00  100.00   99.82   63.05   62.87   62.87   63.05   57.72   57.72   58.27   56.99   56.99   58.46   62.13   59.74   59.56   57.25   63.26   59.74
    16: A0A1C6KJ61   51.38   53.97   51.10   52.94   52.94   52.94   53.04   52.49   54.18   55.58   57.62   54.96   99.81   99.82  100.00  100.00  100.00   99.82   63.05   62.87   62.87   63.05   57.72   57.72   58.27   56.99   56.99   58.46   62.13   59.74   59.56   57.25   63.26   59.74
    17: A0A5M8BPM7   51.38   53.97   51.10   52.94   52.94   52.94   53.04   52.49   54.18   55.58   57.62   54.96   99.81   99.82  100.00  100.00  100.00   99.82   63.05   62.87   62.87   63.05   57.72   57.72   58.27   56.99   56.99   58.46   62.13   59.74   59.56   57.25   63.26   59.74
    18: A0A413JN87   51.38   53.97   50.92   53.12   53.12   53.12   53.23   52.67   54.37   55.58   57.62   54.96   99.63   99.63   99.82   99.82   99.82  100.00   63.05   62.87   62.87   63.05   57.90   57.90   58.46   57.17   57.17   58.27   61.95   59.93   59.74   57.61   63.26   59.93
    19: A0A1E3ACT0   50.64   50.29   50.45   50.45   49.91   50.09   50.95   50.00   52.28   52.79   53.90   54.17   63.67   63.24   63.05   63.05   63.05   63.05  100.00   99.10   99.45   99.46   56.19   57.27   60.18   54.95   54.95   60.54   59.28   60.14   59.96   59.42   60.09   59.96
    20: A0A1I3BF18   50.46   49.90   50.45   50.45   49.91   50.09   51.14   50.18   52.47   52.79   53.90   54.53   63.48   63.05   62.87   62.87   62.87   62.87   99.10  100.00   99.45   99.64   56.37   57.27   60.36   55.14   55.14   60.54   59.64   60.32   60.14   59.78   60.09   60.14
    21: A0A3A6HWS0   50.46   50.10   50.00   50.37   49.63   49.82   51.14   50.09   52.28   52.42   53.72   54.58   63.48   63.05   62.87   62.87   62.87   62.87   99.45   99.45  100.00   99.82   56.41   57.33   60.26   55.49   55.49   60.62   59.71   60.44   60.26   60.14   59.91   60.26
    22: A0A1E3AL24   50.46   50.10   50.27   50.27   49.73   49.91   50.95   50.00   52.28   52.60   53.72   54.35   63.67   63.24   63.05   63.05   63.05   63.05   99.46   99.64   99.82  100.00   56.37   57.45   60.36   55.14   55.14   60.54   59.46   60.50   60.32   59.78   60.53   60.32
    23: A0A316A5U0   50.64   51.64   51.17   51.53   51.71   51.35   51.33   51.08   52.66   53.53   55.95   55.25   58.24   57.54   57.72   57.72   57.72   57.90   56.19   56.37   56.41   56.37  100.00   86.96   69.01   66.67   66.67   59.10   61.98   60.36   60.18   61.96   58.87   60.36
    24: A0A315ZTQ1   49.36   49.52   49.73   49.37   49.73   49.19   49.62   49.28   51.52   53.16   54.46   53.26   58.43   57.54   57.72   57.72   57.72   57.90   57.27   57.27   57.33   57.45   86.96  100.00   67.21   64.50   64.50   57.30   60.90   60.18   60.00   61.23   59.31   60.18
    25: A0A2V3Y0F6   50.46   52.22   51.17   50.45   50.81   50.99   51.52   51.26   51.90   56.13   56.88   57.97   59.36   58.46   58.27   58.27   58.27   58.46   60.18   60.36   60.26   60.36   69.01   67.21  100.00   69.91   69.91   60.54   62.34   62.34   62.16   62.32   61.50   62.52
    26: A0A3E3DFP2   49.54   49.13   52.97   50.09   50.45   50.81   51.33   50.72   51.71   53.16   54.65   56.16   57.49   56.80   56.99   56.99   56.99   57.17   54.95   55.14   55.49   55.14   66.67   64.50   69.91  100.00   99.64   57.66   58.74   59.10   58.92   57.61   59.73   58.92
    27: A0A374P8N8   49.72   49.32   52.79   49.91   50.27   50.63   51.14   50.54   51.52   53.16   54.83   56.16   57.49   56.80   56.99   56.99   56.99   57.17   54.95   55.14   55.49   55.14   66.67   64.50   69.91   99.64  100.00   57.66   58.74   59.10   58.92   57.61   59.73   58.92
    28: A0A316AM29   50.46   50.68   51.71   50.27   51.35   51.17   51.71   51.08   52.09   56.32   55.95   56.52   59.36   58.64   58.46   58.46   58.46   58.27   60.54   60.54   60.62   60.54   59.10   57.30   60.54   57.66   57.66  100.00   61.44   63.24   63.24   62.32   63.27   62.88
    29: A0A7M2RNV1   53.31   54.44   54.41   52.43   51.53   51.53   51.90   51.26   53.04   54.46   57.25   57.97   62.55   61.95   62.13   62.13   62.13   61.95   59.28   59.64   59.71   59.46   61.98   60.90   62.34   58.74   58.74   61.44  100.00   77.84   77.66   78.62   75.22   77.84
    30: A0A350VE74   51.20   52.80   53.69   52.79   52.43   52.25   53.23   52.71   53.80   56.32   57.43   56.52   60.30   59.56   59.74   59.74   59.74   59.93   60.14   60.32   60.44   60.50   60.36   60.18   62.34   59.10   59.10   63.24   77.84  100.00   99.82  100.00   99.13   99.29
    31: A0A354J9Y9   51.01   52.61   53.51   52.61   52.25   52.07   53.04   52.53   53.61   56.32   57.43   56.34   60.11   59.38   59.56   59.56   59.56   59.74   59.96   60.14   60.26   60.32   60.18   60.00   62.16   58.92   58.92   63.24   77.66   99.82  100.00  100.00   98.70   99.11
    32: A0A3D4K2Q7   50.36   52.90   55.80   55.07   53.99   53.62   52.90   53.26   54.71   57.25   58.33   52.90   57.25   57.25   57.25   57.25   57.25   57.61   59.42   59.78   60.14   59.78   61.96   61.23   62.32   57.61   57.61   62.32   78.62  100.00  100.00  100.00    -nan  100.00
    33: A0A3D4K293   51.40   54.26   54.42   50.44   50.88   50.88   53.81   52.44   52.28   55.02   56.94   59.19   64.88   62.79   63.26   63.26   63.26   63.26   60.09   60.09   59.91   60.53   58.87   59.31   61.50   59.73   59.73   63.27   75.22   99.13   98.70    -nan  100.00  100.00
    34: A0A4R3JZV3   51.01   52.80   53.69   52.79   52.43   52.25   53.23   52.89   53.61   55.95   57.06   56.34   60.30   59.56   59.74   59.74   59.74   59.93   59.96   60.14   60.26   60.32   60.36   60.18   62.52   58.92   58.92   62.88   77.84   99.29   99.11  100.00  100.00  100.00
