#
#
#  Percent Identity  Matrix - created by Clustal2.1 
#
#

     1: A0A1X0PA82  100.00   46.64   46.15   46.15   46.15   45.82   45.82   45.82   45.82
     2: A0A422NSU6   46.64  100.00   62.08   61.74   62.08   61.74   61.74   62.08   62.42
     3: K2N6U6       46.15   62.08  100.00   88.63   88.96   87.96   87.96   89.30   89.30
     4: A0A2V2X3K9   46.15   61.74   88.63  100.00   99.00   97.32   97.32   97.32   96.66
     5: Q4DX40       46.15   62.08   88.96   99.00  100.00   96.99   96.99   98.33   97.66
     6: A0A2V2VXX5   45.82   61.74   87.96   97.32   96.99  100.00  100.00   98.33   97.66
     7: V5B695       45.82   61.74   87.96   97.32   96.99  100.00  100.00   98.33   97.66
     8: A0A7J6YCX3   45.82   62.08   89.30   97.32   98.33   98.33   98.33  100.00   99.33
     9: A0A2V2VEI4   45.82   62.42   89.30   96.66   97.66   97.66   97.66   99.33  100.00
