#
#
#  Percent Identity  Matrix - created by Clustal2.1 
#
#

     1: A0A369S5G5  100.00   99.42   52.88   55.09   52.52   52.52   54.82   52.95
     2: B3RLH8       99.42  100.00   52.74   54.96   52.53   52.53   54.85   52.97
     3: A0A369S7Y5   52.88   52.74  100.00   99.68   62.15   61.69   62.34   61.20
     4: B3SCA7       55.09   54.96   99.68  100.00   64.52   64.03   63.11   63.55
     5: A0A369S6V4   52.52   52.53   62.15   64.52  100.00   99.39   85.42   84.85
     6: B3SCA6       52.52   52.53   61.69   64.03   99.39  100.00   84.78   84.24
     7: B3SCA8       54.82   54.85   62.34   63.11   85.42   84.78  100.00   97.92
     8: A0A369S9D9   52.95   52.97   61.20   63.55   84.85   84.24   97.92  100.00
