(
A0A524FW71_87.6_90.4_93.8_72.9_93.4_71.9:0.23869,
A0A842YCK2_91.1_93.0_94.8_72.6_94.5_63.9:0.10007,
A0A524M9H9_-1___-1___-1___-1___93.7_64.5:0.10455);
