#
#
#  Percent Identity  Matrix - created by Clustal2.1 
#
#

     1: Q5B3S0_88.4_95.2_92.0_38.9_87.5_25.9      100.00   73.95   73.95   58.01   56.01   55.91   56.25   56.99   56.89   61.59   62.72   62.63   63.30   59.60   60.78   60.25   60.64   60.43   60.43   61.69   61.69   61.69   60.39   61.80   63.26
     2: A0A1L9PGK1_89.2_94.6_92.9_40.8_88.7_26.4   73.95  100.00   89.35   57.25   56.58   55.76   56.45   57.37   57.09   59.71   60.64   60.36   61.40   58.24   59.46   58.56   59.10   58.92   58.92   58.83   59.74   59.74   59.06   58.20   60.40
     3: A0A1L9TP92_89.8_95.1_92.3_37.6_88.3_26.3   73.95   89.35  100.00   57.71   56.68   55.86   55.66   56.94   56.50   59.53   62.19   62.27   63.31   56.88   59.39   59.21   59.39   59.21   59.21   58.94   58.39   58.58   59.71   58.84   61.59
     4: A0A1L9SGV5_90.7_96.3_92.4_41.8_88.5_26.6   58.01   57.25   57.71  100.00   74.47   73.99   74.56   75.40   58.03   59.89   61.39   61.00   61.25   63.99   64.01   64.20   64.38   64.20   64.20   65.34   64.67   64.67   62.52   62.12   63.60
     5: A0A135LAW9_90.1_95.6_93.3_42.6_88.2_23.6   56.01   56.58   56.68   74.47  100.00   86.85   89.10   89.62   59.53   61.40   62.32   61.69   61.22   65.20   61.91   62.09   61.91   62.27   62.27   64.48   63.45   63.45   62.57   62.68   63.47
     6: K9GAL6_91.0_95.7_93.2_43.2_88.3_26.7       55.91   55.76   55.86   73.99   86.85  100.00   91.36   88.60   59.34   60.39   61.85   61.40   61.65   64.17   62.70   62.88   62.88   63.24   63.24   63.64   63.70   63.70   61.55   61.66   62.64
     7: A0A0A2I7J1_89.5_95.6_93.6_44.3_85.1_22.5   56.25   56.45   55.66   74.56   89.10   91.36  100.00   93.09   59.53   59.57   62.17   61.72   62.14   64.23   62.54   62.01   61.83   62.19   62.19   63.00   63.06   63.06   62.45   62.09   62.54
     8: A0A0M8P0C4_89.4_95.4_92.9_41.1_87.8_20.8   56.99   57.37   56.94   75.40   89.62   88.60   93.09  100.00   60.12   61.65   63.64   62.84   63.08   65.63   63.60   63.60   63.60   63.96   63.96   65.27   64.25   64.25   63.36   63.11   63.90
     9: A0A3A2Z451_89.9_95.3_94.8_44.5_94.1_34.4   56.89   57.09   56.50   58.03   59.53   59.34   59.53   60.12  100.00   61.52   64.84   63.80   63.48   61.69   59.77   59.57   59.77   59.57   59.57   62.96   62.06   62.06   61.21   59.27   59.96
    10: A0A5N5WKK5_89.1_95.4_94.0_29.8_88.5_26.2   61.59   59.71   59.53   59.89   61.40   60.39   59.57   61.65   61.52  100.00   77.60   75.96   77.27   67.82   72.21   70.32   71.40   71.20   71.20   70.79   70.30   70.30   69.59   68.48   68.44
    11: A0A5N6X5Q0_88.7_93.9_93.3_31.3_88.4_26.2   62.72   60.64   62.19   61.39   62.32   61.85   62.17   63.64   64.84   77.60  100.00   89.18   89.74   66.91   71.35   70.28   70.66   70.46   70.46   69.53   69.23   69.41   69.40   67.03   69.91
    12: A0A0L1JE65_89.8_95.2_94.0_36.1_89.3_27.1   62.63   60.36   62.27   61.00   61.69   61.40   61.72   62.84   63.80   75.96   89.18  100.00   92.50   66.85   69.84   68.76   69.19   69.12   69.12   68.23   67.93   68.11   66.97   67.15   69.29
    13: A0A1F8A808_89.4_95.2_93.6_34.4_88.9_28.9   63.30   61.40   63.31   61.25   61.22   61.65   62.14   63.08   63.48   77.27   89.74   92.50  100.00   66.55   70.97   69.53   70.50   70.43   70.43   69.55   68.53   68.71   68.10   68.30   69.34
    14: A0A1L9RH09_86.1_95.9_95.6_65.4_90.8_28.7   59.60   58.24   56.88   63.99   65.20   64.17   64.23   65.63   61.69   67.82   66.91   66.85   66.55  100.00   72.25   72.07   72.51   72.25   72.25   72.92   73.29   73.47   68.72   70.15   71.20
    15: A0A1L9UV00_87.4_95.1_94.7_61.8_88.6_28.6   60.78   59.46   59.39   64.01   61.91   62.70   62.54   63.60   59.77   72.21   71.35   69.84   70.97   72.25  100.00   96.01   94.77   94.28   94.11   74.64   74.64   74.82   71.07   73.42   73.13
    16: A2QF94_87.3_95.8_95.0_63.8_88.6_26.7       60.25   58.56   59.21   64.20   62.09   62.88   62.01   63.60   59.57   70.32   70.28   68.76   69.53   72.07   96.01  100.00   96.00   95.67   95.50   74.11   73.75   73.93   70.89   72.69   72.42
    17: A0A1M3TQC2_87.9_95.8_95.1_63.6_89.1_26.8   60.64   59.10   59.39   64.38   61.91   62.88   61.83   63.60   59.77   71.40   70.66   69.19   70.50   72.51   94.77   96.00  100.00   98.43   98.26   74.55   74.19   74.37   72.17   72.51   73.39
    18: A0A318YMM3_85.8_95.0_95.0_66.4_88.8_27.4   60.43   58.92   59.21   64.20   62.27   63.24   62.19   63.96   59.57   71.20   70.46   69.12   70.43   72.25   94.28   95.67   98.43  100.00   99.65   74.46   73.93   74.11   71.61   72.51   72.78
    19: A0A8H3XXT2_-1_-1_-1_-1_-1_-1               60.43   58.92   59.21   64.20   62.27   63.24   62.19   63.96   59.57   71.20   70.46   69.12   70.43   72.25   94.11   95.50   98.26   99.65  100.00   74.46   73.93   74.11   71.79   72.51   72.95
    20: A0A8H6P905_-1_-1_-1_-1_-1_-1               61.69   58.83   58.94   65.34   64.48   63.64   63.00   65.27   62.96   70.79   69.53   68.23   69.55   72.92   74.64   74.11   74.55   74.46   74.46  100.00   92.53   92.70   71.40   72.91   74.06
    21: A0A8H6PKX3_-1_-1_-1_-1_-1_-1               61.69   59.74   58.39   64.67   63.45   63.70   63.06   64.25   62.06   70.30   69.23   67.93   68.53   73.29   74.64   73.75   74.19   73.93   73.93   92.53  100.00   99.82   70.56   71.69   72.86
    22: A0A8H6VC10_-1_-1_-1_-1_-1_-1               61.69   59.74   58.58   64.67   63.45   63.70   63.06   64.25   62.06   70.30   69.41   68.11   68.71   73.47   74.82   73.93   74.37   74.11   74.11   92.70   99.82  100.00   70.74   71.69   73.04
    23: A0A2I1DD95_87.5_94.1_94.2_39.6_89.7_26.4   60.39   59.06   59.71   62.52   62.57   61.55   62.45   63.36   61.21   69.59   69.40   66.97   68.10   68.72   71.07   70.89   72.17   71.61   71.79   71.40   70.56   70.74  100.00   70.40   72.91
    24: A0A2I2GHT3_89.6_96.5_93.8_34.6_89.9_30.1   61.80   58.20   58.84   62.12   62.68   61.66   62.09   63.11   59.27   68.48   67.03   67.15   68.30   70.15   73.42   72.69   72.51   72.51   72.51   72.91   71.69   71.69   70.40  100.00   77.66
    25: A0A4V3UQL9_88.2_95.7_94.6_49.2_89.6_28.2   63.26   60.40   61.59   63.60   63.47   62.64   62.54   63.90   59.96   68.44   69.91   69.29   69.34   71.20   73.13   72.42   73.39   72.78   72.95   74.06   72.86   73.04   72.91   77.66  100.00
