#
#
#  Percent Identity  Matrix - created by Clustal2.1 
#
#

     1: A0A9E1U9G5_-1_-1_-1_-1_-1_-1              100.00   99.55   96.62   96.62   93.92   93.47   96.27   79.41   79.41   86.25   81.36   81.36
     2: A0A2D4RX36_88.4_83.9_93.1_53.7_89.3_32.0   99.55  100.00   96.17   96.17   93.47   93.02   96.02   79.19   79.19   85.94   81.14   81.14
     3: A0A355Q5H7_87.6_83.4_93.6_55.7_89.6_33.5   96.62   96.17  100.00  100.00   94.82   95.05   96.77   78.51   78.51   85.94   80.91   80.91
     4: A0A520PL49_90.1_88.1_94.0_64.2_89.8_32.3   96.62   96.17  100.00  100.00   94.82   95.05   96.77   78.51   78.51   85.94   80.91   80.91
     5: A0A3C1URF9_87.6_83.8_92.7_53.8_89.2_31.2   93.92   93.47   94.82   94.82  100.00   95.27   97.01   78.96   78.96   85.62   81.82   81.82
     6: A0A2D6YLP4_-1_-1_-1_-1_-1_-1               93.47   93.02   95.05   95.05   95.27  100.00   98.76   78.05   78.05   85.00   81.36   81.36
     7: A0A3D5J9V4_-1_-1_-1_-1_93.3_59.9           96.27   96.02   96.77   96.77   97.01   98.76  100.00   84.50   84.50   85.62   86.50   86.50
     8: A0A3D3X6I2_88.6_82.4_94.1_69.8_89.9_36.6   79.41   79.19   78.51   78.51   78.96   78.05   84.50  100.00   99.55  100.00   89.55   89.77
     9: A0A2E5PXC6_-1_-1_-1_-1_89.2_34.7           79.41   79.19   78.51   78.51   78.96   78.05   84.50   99.55  100.00  100.00   89.77   90.00
    10: A0A382KWW2_-1_-1_-1_-1_91.7_45.5           86.25   85.94   85.94   85.94   85.62   85.00   85.62  100.00  100.00  100.00   92.81   92.81
    11: A0A354Q465_84.6_78.2_93.6_49.9_89.3_31.7   81.36   81.14   80.91   80.91   81.82   81.36   86.50   89.55   89.77   92.81  100.00   99.77
    12: A0A3D3L4H1_84.9_78.2_93.0_49.8_88.6_32.3   81.36   81.14   80.91   80.91   81.82   81.36   86.50   89.77   90.00   92.81   99.77  100.00
