#
#
#  Percent Identity  Matrix - created by Clustal2.1 
#
#

     1: A0A0C2FMX5_91.2_96.1_92.4_27.7_87.6_24.3  100.00   96.38   96.55   47.94   47.85   48.28   48.42   48.85   48.66   50.72   49.30   51.50   51.50   52.67   52.31   51.60   53.33   52.93   52.90   52.14   51.78
     2: U7Q1V5_94.5_97.0_93.9_38.5_89.5_25.7       96.38  100.00   99.83   48.55   48.46   48.90   48.31   48.92   49.46   51.00   49.73   52.68   52.68   53.32   53.14   52.42   53.63   53.23   53.93   53.14   52.60
     3: A0A0F2MIS7_84.2_95.1_92.8_37.4_87.8_22.3   96.55   99.83  100.00   48.55   48.46   48.90   48.49   49.10   49.46   51.00   49.91   52.68   52.68   53.32   53.14   52.42   53.63   53.23   53.93   53.14   52.78
     4: A0A1T3D1F2_91.8_96.1_93.7_40.1_90.0_23.6   47.94   48.55   48.55  100.00   99.46   99.28   84.46   84.97   57.35   51.47   52.53   55.27   55.27   55.96   55.96   55.60   57.35   54.10   57.27   56.20   56.39
     5: A0A0F9ZZA5_91.1_96.5_93.9_41.1_89.7_21.6   47.85   48.46   48.46   99.46  100.00   99.28   84.31   84.82   57.61   51.57   52.61   55.54   55.54   55.86   55.86   55.68   57.25   54.18   57.06   56.10   56.28
     6: A0A2T4AA03_91.2_96.7_93.9_44.6_90.3_21.4   48.28   48.90   48.90   99.28   99.28  100.00   85.02   85.35   57.62   51.76   52.92   55.70   55.70   56.59   56.59   56.03   57.43   54.33   57.62   56.83   57.01
     7: A0A024SJW4_90.4_96.8_94.1_36.0_88.8_21.5   48.42   48.31   48.49   84.46   84.31   85.02  100.00   93.99   57.04   51.18   51.42   54.48   54.48   55.15   54.61   54.77   55.11   54.40   56.91   55.94   56.83
     8: A0A2T4BBX9_89.6_96.4_93.6_40.2_88.9_22.8   48.85   48.92   49.10   84.97   84.82   85.35   93.99  100.00   57.38   51.45   52.58   54.95   54.95   54.81   54.45   54.36   55.67   54.59   57.74   56.68   56.76
     9: A0A0B2WS89_91.1_95.1_94.2_46.7_90.5_22.9   48.66   49.46   49.46   57.35   57.61   57.62   57.04   57.38  100.00   56.07   57.55   57.01   57.01   59.78   60.33   59.82   58.74   57.69   60.96   58.70   59.78
    10: A0A1W2TVA3_89.5_96.2_93.0_36.7_88.3_25.4   50.72   51.00   51.00   51.47   51.57   51.76   51.18   51.45   56.07  100.00   59.21   60.40   60.40   61.47   61.83   60.88   60.90   55.86   60.11   58.56   59.89
    11: A0A0G2GJX4_90.9_95.8_93.0_33.1_88.2_24.0   49.30   49.73   49.91   52.53   52.61   52.92   51.42   52.58   57.55   59.21  100.00   61.92   61.92   62.25   62.61   63.28   66.26   58.97   62.86   61.92   62.28
    12: A0A1S1VWF5_95.2_97.3_93.6_42.8_90.5_24.6   51.50   52.68   52.68   55.27   55.54   55.70   54.48   54.95   57.01   60.40   61.92  100.00   99.82   81.22   81.22   80.04   67.02   60.43   65.52   64.82   63.93
    13: A0A166ZN36_92.2_96.7_93.4_40.7_89.6_26.5   51.50   52.68   52.68   55.27   55.54   55.70   54.48   54.95   57.01   60.40   61.92   99.82  100.00   81.22   81.22   80.04   67.02   60.43   65.52   64.82   63.93
    14: T0LUL9_86.9_94.6_93.5_34.1_90.2_24.7       52.67   53.32   53.32   55.96   55.86   56.59   55.15   54.81   59.78   61.47   62.25   81.22   81.22  100.00   97.34   82.21   67.21   58.92   66.54   64.44   64.44
    15: A0A7J6JQ80_86.6_94.6_92.8_26.8_89.7_24.8   52.31   53.14   53.14   55.96   55.86   56.59   54.61   54.45   60.33   61.83   62.61   81.22   81.22   97.34  100.00   82.21   67.03   59.10   66.73   64.26   64.44
    16: A0A1Q8S4B0_93.0_96.6_94.3_43.8_90.7_25.9   51.60   52.42   52.42   55.60   55.68   56.03   54.77   54.36   59.82   60.88   63.28   80.04   80.04   82.21   82.21  100.00   67.32   59.89   63.37   62.34   62.70
    17: R8BJ02_93.3_96.6_94.4_51.3_89.2_23.2       53.33   53.63   53.63   57.35   57.25   57.43   55.11   55.67   58.74   60.90   66.26   67.02   67.02   67.21   67.03   67.32  100.00   66.84   72.73   71.61   72.27
    18: A0A423WVP3_94.8_97.9_93.3_30.5_89.4_24.6   52.93   53.23   53.23   54.10   54.18   54.33   54.40   54.59   57.69   55.86   58.97   60.43   60.43   58.92   59.10   59.89   66.84  100.00   74.34   74.78   74.56
    19: A0A194W1H7_94.1_97.8_94.8_53.5_90.4_24.7   52.90   53.93   53.93   57.27   57.06   57.62   56.91   57.74   60.96   60.11   62.86   65.52   65.52   66.54   66.73   63.37   72.73   74.34  100.00   89.73   90.27
    20: A0A423WXT4_94.4_97.9_94.1_37.6_89.7_22.0   52.14   53.14   53.14   56.20   56.10   56.83   55.94   56.68   58.70   58.56   61.92   64.82   64.82   64.44   64.26   62.34   71.61   74.78   89.73  100.00   93.55
    21: A0A423WIK0_92.6_97.6_93.0_35.3_88.5_22.2   51.78   52.60   52.78   56.39   56.28   57.01   56.83   56.76   59.78   59.89   62.28   63.93   63.93   64.44   64.44   62.70   72.27   74.56   90.27   93.55  100.00
