(
A0A165CZD6_76.2_89.8_91.8_36.6_85.1_26.2:0.10517,
M5GFZ3_76.9_89.9_93.0_58.7_90.3_25.4:0.08267,
A0A167MDU6_79.5_91.8_93.8_52.3_87.4_26.1:0.06493);
