(
A0A165Y6Q3_-1___-1___-1___-1___94.5_49.1:0.36839,
A0A5E3XKF7_83.9_88.1_84.7_26.5_78.2_22.4:0.13455,
A0A166C4K0_90.4_94.0_94.8_54.9_86.9_23.7:0.12173);
