#
#
#  Percent Identity  Matrix - created by Clustal2.1 
#
#

     1: M2R3W1      100.00   73.93   54.16   55.21   54.59   56.08   55.91   54.92   57.00   56.91   56.91
     2: A0A8E2AMM7   73.93  100.00   52.56   54.68   53.90   54.70   53.85   53.21   54.31   54.21   54.21
     3: A0A1Y2IR21   54.16   52.56  100.00   58.74   58.95   56.85   56.85   55.77   58.69   58.69   58.86
     4: A0A1Y2IQX3   55.21   54.68   58.74  100.00   83.55   58.57   58.40   60.86   62.29   61.97   62.13
     5: A0A060SM20   54.59   53.90   58.95   83.55  100.00   58.28   58.28   60.69   62.31   61.66   61.83
     6: A0A4Q9Q1B6   56.08   54.70   56.85   58.57   58.28  100.00   93.76   61.42   64.86   63.77   63.77
     7: A0A4V2K0Y6   55.91   53.85   56.85   58.40   58.28   93.76  100.00   60.93   64.37   63.45   63.29
     8: A0A2G8RU00   54.92   53.21   55.77   60.86   60.69   61.42   60.93  100.00   68.94   68.46   68.78
     9: A0A4Q9Q308   57.00   54.31   58.69   62.29   62.31   64.86   64.37   68.94  100.00   98.22   98.38
    10: A0A4Q9MVJ3   56.91   54.21   58.69   61.97   61.66   63.77   63.45   68.46   98.22  100.00   99.37
    11: A0A4Q9NU72   56.91   54.21   58.86   62.13   61.83   63.77   63.29   68.78   98.38   99.37  100.00
