#
#
#  Percent Identity  Matrix - created by Clustal2.1 
#
#

     1: A0A094P4D2  100.00   82.59   86.90   87.48   51.77   55.67
     2: A0A2L2BS47   82.59  100.00   83.64   87.48   50.27   57.63
     3: A0A0R2PP39   86.90   83.64  100.00   99.80   53.01   56.19
     4: A0A3B8MT07   87.48   87.48   99.80  100.00   54.53   60.52
     5: A0A9E0H5B5   51.77   50.27   53.01   54.53  100.00   64.44
     6: A0A7J9Y4B5   55.67   57.63   56.19   60.52   64.44  100.00
