(
A0A1I8FU69_-1___-1___-1___-1___41.8_24.3:0.40737,
A0A267E9L5_72.8_73.2_71.5_21.0_72.3_21.0:0.00942,
A0A267E435_74.1_74.0_71.7_21.3_72.3_21.3:0.00466);
