(
A0A402ABI3:0.13256,
A0A402AAB6:0.12493,
A0A402BK66:0.12199);
