#
#
#  Percent Identity  Matrix - created by Clustal2.1 
#
#

     1: A0A5M6CDJ3_86.5_95.6_94.7_51.2_88.1_27.2  100.00   61.44   48.72   46.14   47.39   47.39   46.89   53.49   52.70   52.87   53.96   53.79   53.46   52.78   51.85   53.20   53.20   53.37   53.54   52.87   53.04   53.13   52.79   48.46   51.03
     2: A0A1Y1USK4_85.6_95.2_93.5_35.4_87.1_26.8   61.44  100.00   45.94   45.21   46.01   46.01   46.01   50.54   49.91   49.91   51.02   50.51   51.19   51.54   50.77   51.11   51.11   51.11   51.28   52.13   52.30   52.56   52.22   51.37   49.91
     3: A0A1Y2BCB7_91.9_95.2_94.0_60.9_87.5_26.1   48.72   45.94  100.00   61.30   61.41   61.41   61.91   50.36   52.54   52.71   52.62   51.95   52.28   51.78   51.18   53.21   52.87   52.87   53.04   51.36   51.53   51.78   51.61   50.34   53.11
     4: A0A5D3AR21_83.8_94.1_91.3_36.5_84.9_23.2   46.14   45.21   61.30  100.00   96.05   96.05   94.17   50.19   52.11   51.75   52.01   50.96   51.84   51.49   52.45   52.45   52.62   52.27   52.10   52.46   52.63   53.25   53.25   50.89   51.79
     5: A0A1E3HLZ3_89.2_95.2_92.8_36.3_86.7_25.8   47.39   46.01   61.41   96.05  100.00  100.00   96.05   50.09   52.10   51.76   51.51   51.01   51.68   51.17   52.76   52.60   52.76   52.43   52.26   52.61   52.77   53.37   53.37   50.76   51.11
     6: A0A1E3J487_90.1_95.8_93.1_40.9_87.0_26.1   47.39   46.01   61.41   96.05  100.00  100.00   96.05   50.09   52.10   51.76   51.51   51.01   51.68   51.17   52.76   52.60   52.76   52.43   52.26   52.61   52.77   53.37   53.37   50.76   51.11
     7: A0A1E3HJD3_91.0_95.9_92.6_37.6_87.0_27.8   46.89   46.01   61.91   94.17   96.05   96.05  100.00   49.73   51.43   51.09   50.84   50.67   51.34   51.01   52.43   52.09   52.26   51.76   51.59   52.10   52.27   52.86   52.86   50.42   50.43
     8: A0A427YJY1_83.5_88.7_85.8_31.7_80.5_23.6   53.49   50.54   50.36   50.19   50.09   50.09   49.73  100.00   61.06   60.88   61.31   61.13   62.37   62.01   64.49   62.37   62.19   62.19   62.19   62.54   62.72   64.42   64.25   63.65   63.44
     9: A0A1B9HDH9_91.3_95.5_92.2_28.8_85.4_23.9   52.70   49.91   52.54   52.11   52.10   52.10   51.43   61.06  100.00   99.67   80.73   80.07   79.73   80.40   71.10   72.09   72.09   71.93   72.26   70.50   70.67   71.95   71.62   60.14   59.90
    10: A0A1B9H429_88.4_95.1_93.6_46.8_86.5_23.8   52.87   49.91   52.71   51.75   51.76   51.76   51.09   60.88   99.67  100.00   80.56   79.90   79.57   80.23   70.93   71.76   71.76   71.59   71.93   70.33   70.50   71.79   71.45   60.14   60.07
    11: A0A1B9J0T1_88.4_95.4_94.4_53.6_87.3_22.8   53.96   51.02   52.62   52.01   51.51   51.51   50.84   61.31   80.73   80.56  100.00   93.86   88.72   89.05   72.14   73.30   73.13   72.97   72.97   72.21   72.38   72.67   72.50   60.20   59.63
    12: A0A1B9FW51_89.9_95.7_94.7_56.7_87.6_24.4   53.79   50.51   51.95   50.96   51.01   51.01   50.67   61.13   80.07   79.90   93.86  100.00   88.72   89.39   72.14   73.47   73.30   73.13   73.13   70.88   71.05   72.17   71.83   59.53   58.77
    13: A0A1B9I0Z8_88.3_95.9_94.3_57.8_87.1_24.8   53.46   51.19   52.28   51.84   51.68   51.68   51.34   62.37   79.73   79.57   88.72   88.72  100.00   93.53   72.31   73.30   73.13   72.97   72.97   71.38   71.55   72.50   72.17   60.03   59.80
    14: A0A1A5ZYQ4_87.4_95.1_94.4_55.9_87.4_26.0   52.78   51.54   51.78   51.49   51.17   51.17   51.01   62.01   80.40   80.23   89.05   89.39   93.53  100.00   73.13   72.31   72.31   71.97   72.14   70.88   71.05   72.00   71.67   60.71   59.63
    15: A0A5M6C174_93.6_96.0_93.5_49.0_87.0_26.6   51.85   50.77   51.18   52.45   52.76   52.76   52.43   64.49   71.10   70.93   72.14   72.14   72.31   73.13  100.00   73.51   73.51   73.18   73.51   73.26   73.42   74.38   74.04   62.23   62.01
    16: A0A1E3K4H9_89.5_94.8_94.3_57.3_87.6_24.6   53.20   51.11   53.21   52.45   52.60   52.60   52.09   62.37   72.09   71.76   73.30   73.47   73.30   72.31   73.51  100.00   99.50   98.51   98.01   79.07   79.24   80.37   80.03   60.20   59.97
    17: A0A1E3HSN1_91.3_94.8_94.0_50.6_87.1_22.9   53.20   51.11   52.87   52.62   52.76   52.76   52.26   62.19   72.09   71.76   73.13   73.30   73.13   72.31   73.51   99.50  100.00   98.01   97.68   78.90   79.07   80.20   79.87   60.03   59.97
    18: A0A5D3AY50_91.2_95.1_94.5_52.9_87.6_24.6   53.37   51.11   52.87   52.27   52.43   52.43   51.76   62.19   71.93   71.59   72.97   73.13   72.97   71.97   73.18   98.51   98.01  100.00   98.68   78.74   78.90   80.37   80.03   59.87   59.97
    19: A0A1E3IGJ1_91.0_94.9_94.3_53.4_87.5_24.4   53.54   51.28   53.04   52.10   52.26   52.26   51.59   62.19   72.26   71.93   72.97   73.13   72.97   72.14   73.51   98.01   97.68   98.68  100.00   78.90   79.07   80.20   79.87   59.87   60.31
    20: Q55MF6_90.9_94.5_93.8_51.7_87.1_23.4       52.87   52.13   51.36   52.46   52.61   52.61   52.10   62.54   70.50   70.33   72.21   70.88   71.38   70.88   73.26   79.07   78.90   78.74   78.90  100.00   99.67   94.34   94.51   63.41   61.16
    21: Q5K8B7_91.6_95.2_94.5_51.9_83.5_22.2       53.04   52.30   51.53   52.63   52.77   52.77   52.27   62.72   70.67   70.50   72.38   71.05   71.55   71.05   73.42   79.24   79.07   78.90   79.07   99.67  100.00   94.51   94.68   63.58   61.33
    22: A0A854QCE3_90.6_95.3_90.5_29.0_84.4_25.4   53.13   52.56   51.78   53.25   53.37   53.37   52.86   64.42   71.95   71.79   72.67   72.17   72.50   72.00   74.38   80.37   80.20   80.37   80.20   94.34   94.51  100.00   99.50   65.03   62.63
    23: A0A225ZBY1_89.1_94.6_93.8_53.8_87.4_26.3   52.79   52.22   51.61   53.25   53.37   53.37   52.86   64.25   71.62   71.45   72.50   71.83   72.17   71.67   74.04   80.03   79.87   80.03   79.87   94.51   94.68   99.50  100.00   64.86   62.46
    24: A0A1Y2BM06_91.6_95.6_94.5_58.2_88.8_26.4   48.46   51.37   50.34   50.89   50.76   50.76   50.42   63.65   60.14   60.14   60.20   59.53   60.03   60.71   62.23   60.20   60.03   59.87   59.87   63.41   63.58   65.03   64.86  100.00   64.86
    25: A0A1Y1UBE2_79.1_92.2_93.4_53.6_87.9_23.8   51.03   49.91   53.11   51.79   51.11   51.11   50.43   63.44   59.90   60.07   59.63   58.77   59.80   59.63   62.01   59.97   59.97   59.97   60.31   61.16   61.33   62.63   62.46   64.86  100.00
