#
#
#  Percent Identity  Matrix - created by Clustal2.1 
#
#

     1: A0A1B7TJC6  100.00   72.29   71.77   71.60   46.34   49.06   50.60   50.43   49.74   49.83   49.57   49.74   49.57
     2: A0A1E5S0Y5   72.29  100.00   86.60   86.94   46.33   48.88   50.43   50.43   49.91   50.09   49.05   47.84   49.05
     3: A0A1E5RWC8   71.77   86.60  100.00   93.30   45.63   49.91   50.95   50.95   50.43   52.68   51.30   50.26   50.26
     4: A0A1L0CSX6   71.60   86.94   93.30  100.00   45.98   49.74   51.29   51.12   50.60   51.64   50.78   49.22   50.26
     5: A0A1E5RE81   46.34   46.33   45.63   45.98  100.00   51.39   51.74   51.22   50.52   53.74   51.92   50.70   51.05
     6: A0A1B7TFB0   49.06   48.88   49.91   49.74   51.39  100.00   76.77   78.28   77.10   61.99   60.72   60.03   59.18
     7: A0A1E5RQ87   50.60   50.43   50.95   51.29   51.74   76.77  100.00   89.24   88.57   61.47   60.38   59.69   59.35
     8: A0A1L0B513   50.43   50.43   50.95   51.12   51.22   78.28   89.24  100.00   93.61   61.30   61.41   59.18   60.03
     9: A0A1E5RKZ1   49.74   49.91   50.43   50.60   50.52   77.10   88.57   93.61  100.00   60.96   60.89   59.18   60.21
    10: A0A1B7TF91   49.83   50.09   52.68   51.64   53.74   61.99   61.47   61.30   60.96  100.00   73.42   74.11   73.42
    11: A0A1E5RQS6   49.57   49.05   51.30   50.78   51.92   60.72   60.38   61.41   60.89   73.42  100.00   87.05   90.29
    12: A0A1E5RKD6   49.74   47.84   50.26   49.22   50.70   60.03   59.69   59.18   59.18   74.11   87.05  100.00   91.65
    13: A0A1L0B145   49.57   49.05   50.26   50.26   51.05   59.18   59.35   60.03   60.21   73.42   90.29   91.65  100.00
