(
A0A165CZD6:0.10517,
M5GFZ3:0.08267,
A0A167MDU6:0.06493);
